5.343720687478389648e+12 4.992867771279433594e+11 4.310748874578798828e+11
5.125729451033255168e-01 6.679558639406257825e-02 6.867132532237729681e-02
1.248336357729851409e+00 2.149317422310577097e-01 1.483592743087573940e-01
8.254752866886200247e-01 1.453020098125720194e-01 1.007624789926441222e-01
1.453758701345044457e+01 6.602532095870330409e-01 6.706188629993832251e-01
3.572628669572783338e+02 1.250075955862632782e+01 1.160695474536237271e+01
2.343784625006409442e+03 9.755333080624313880e+01 9.828980122374878192e+01
7.384645362407722132e+03 3.812007940762659928e+02 3.864323219865682404e+02
1.000348728111047247e+00 1.552092948609473666e-03 1.616063463290018376e-03
1.003742560373236170e+00 6.746268934476606915e-03 6.831790896558498360e-03
9.882964369633238100e-01 1.292588269373040610e-02 1.224907350207782297e-02
1.051909339699856005e+00 1.745484286649934269e-02 1.771430364463610907e-02
