#column 1 : lambda in microns
#column 2 : snu_eff in Jy / Lsun (in the cosmo of Planck 2013 XXX)
1.00000E+00  7.73620E-34
1.04713E+00  2.44551E-33
1.09648E+00  7.73755E-33
1.14815E+00  2.45024E-32
1.20226E+00  7.76552E-32
1.25893E+00  2.46302E-31
1.31826E+00  7.81774E-31
1.38038E+00  2.48312E-30
1.44544E+00  7.89218E-30
1.51356E+00  2.50994E-29
1.58489E+00  7.98700E-29
1.65959E+00  2.54299E-28
1.73780E+00  8.10081E-28
1.81970E+00  2.58181E-27
1.90546E+00  8.23229E-27
1.99526E+00  2.62606E-26
2.08930E+00  8.38038E-26
2.18776E+00  2.67540E-25
2.29087E+00  8.54421E-25
2.39883E+00  2.72961E-24
2.51189E+00  8.72304E-24
2.63027E+00  2.78846E-23
2.75423E+00  8.91630E-23
2.88403E+00  2.85179E-22
3.01995E+00  9.12348E-22
3.16228E+00  2.91947E-21
3.31131E+00  9.34422E-21
3.46737E+00  2.99138E-20
3.63078E+00  9.57828E-20
3.80189E+00  3.45306E-19
3.98107E+00  1.94830E-19
4.16869E+00  1.63516E-19
4.36516E+00  2.32380E-19
4.57088E+00  3.82668E-19
4.78630E+00  3.51693E-19
5.01187E+00  2.93679E-19
5.24807E+00  2.81469E-19
5.49541E+00  2.91218E-19
5.75440E+00  3.12277E-19
6.02560E+00  3.39024E-19
6.30957E+00  3.66987E-19
6.60693E+00  3.82616E-19
6.91831E+00  3.73823E-19
7.24436E+00  4.55807E-19
7.58578E+00  5.35190E-19
7.94328E+00  6.01704E-19
8.31764E+00  6.68039E-19
8.70964E+00  7.38769E-19
9.12011E+00  8.16850E-19
9.54992E+00  9.04627E-19
1.00000E+01  1.00897E-18
1.04713E+01  1.15161E-18
1.09648E+01  1.42218E-18
1.14815E+01  2.62244E-18
1.20226E+01  6.08260E-17
1.25893E+01  2.80549E-18
1.31826E+01  2.06020E-18
1.38038E+01  2.05518E-18
1.44544E+01  2.21322E-18
1.51356E+01  2.46362E-18
1.58489E+01  2.80782E-18
1.65959E+01  3.27723E-18
1.73780E+01  3.95838E-18
1.81970E+01  5.19613E-18
1.90546E+01  1.13473E-17
1.99526E+01  1.04660E-17
2.08930E+01  2.12796E-17
2.18776E+01  3.48244E-17
2.29087E+01  9.11634E-17
2.39883E+01  4.52551E-17
2.51189E+01  4.99258E-17
2.63027E+01  8.46207E-17
2.75423E+01  2.28898E-16
2.88403E+01  1.92888E-16
3.01995E+01  9.87959E-17
3.16228E+01  1.08211E-16
3.31131E+01  5.14395E-17
3.46737E+01  4.62553E-17
3.63078E+01  4.84072E-17
3.80189E+01  5.71098E-17
3.98107E+01  9.93010E-17
4.16869E+01  1.93585E-16
4.36516E+01  1.60550E-16
4.57088E+01  2.07715E-16
4.78630E+01  1.25493E-16
5.01187E+01  1.16921E-16
5.24807E+01  1.13544E-16
5.49541E+01  1.20650E-16
5.75440E+01  1.41911E-16
6.02560E+01  1.95853E-16
6.30957E+01  2.22104E-16
6.60693E+01  1.99376E-16
6.91831E+01  2.16390E-16
7.24436E+01  2.23363E-16
7.58578E+01  2.40312E-16
7.94328E+01  2.62287E-16
8.31764E+01  2.90005E-16
8.70963E+01  3.26895E-16
9.12011E+01  3.75328E-16
9.54992E+01  4.39759E-16
1.00000E+02  5.25712E-16
1.04713E+02  6.38474E-16
1.09648E+02  7.82005E-16
1.14815E+02  9.55233E-16
1.20226E+02  1.15169E-15
1.25893E+02  1.36272E-15
1.31826E+02  1.57923E-15
1.38038E+02  1.79795E-15
1.44544E+02  2.01754E-15
1.51356E+02  2.24000E-15
1.58489E+02  2.46932E-15
1.65959E+02  2.70705E-15
1.73780E+02  2.95499E-15
1.81970E+02  3.21123E-15
1.90546E+02  3.47388E-15
1.99526E+02  3.73890E-15
2.08930E+02  3.99997E-15
2.18776E+02  4.25222E-15
2.29087E+02  4.49411E-15
2.39883E+02  4.71260E-15
2.51189E+02  4.90916E-15
2.63027E+02  5.07398E-15
2.75423E+02  5.20358E-15
2.88403E+02  5.29363E-15
3.01995E+02  5.34669E-15
3.16228E+02  5.35986E-15
3.31131E+02  5.33889E-15
3.46737E+02  5.27656E-15
3.63078E+02  5.18348E-15
3.80189E+02  5.05730E-15
3.98107E+02  4.90489E-15
4.16869E+02  4.74129E-15
4.36516E+02  4.57029E-15
4.57088E+02  4.40106E-15
4.78630E+02  4.24357E-15
5.01187E+02  4.06295E-15
5.24807E+02  3.77799E-15
5.49541E+02  3.45274E-15
5.75440E+02  3.14597E-15
6.02560E+02  2.86602E-15
6.30957E+02  2.60437E-15
6.60693E+02  2.36103E-15
6.91831E+02  2.13100E-15
7.24436E+02  1.91924E-15
7.58577E+02  1.72167E-15
7.94328E+02  1.53997E-15
8.31763E+02  1.37224E-15
8.70963E+02  1.21878E-15
9.12011E+02  1.07456E-15
9.54993E+02  9.38293E-16
1.00000E+03  8.17611E-16
1.04713E+03  7.11742E-16
1.09648E+03  6.18619E-16
1.14815E+03  5.36605E-16
1.20226E+03  4.64884E-16
1.25893E+03  4.02344E-16
1.31826E+03  3.48224E-16
1.38038E+03  3.00912E-16
1.44544E+03  2.59807E-16
1.51356E+03  2.24355E-16
1.58489E+03  1.93567E-16
1.65959E+03  1.67022E-16
1.73780E+03  1.44025E-16
1.81970E+03  1.24219E-16
1.90546E+03  1.07115E-16
1.99526E+03  9.23713E-17
2.08930E+03  7.97119E-17
2.18776E+03  6.88193E-17
2.29087E+03  5.94282E-17
2.39883E+03  5.13402E-17
2.51189E+03  4.44115E-17
2.63027E+03  3.84398E-17
2.75423E+03  3.32981E-17
2.88403E+03  2.88617E-17
3.01995E+03  2.50481E-17
3.16228E+03  2.17517E-17
3.31131E+03  1.89067E-17
3.46737E+03  1.64624E-17
3.63078E+03  1.43632E-17
3.80189E+03  1.25601E-17
3.98107E+03  1.10090E-17
4.16869E+03  9.69593E-18
4.36516E+03  8.56200E-18
4.57088E+03  7.60177E-18
4.78630E+03  6.76953E-18
5.01187E+03  6.06495E-18
5.24807E+03  5.46335E-18
5.49541E+03  4.96077E-18
5.75440E+03  4.52493E-18
6.02560E+03  4.15872E-18
6.30957E+03  3.84664E-18
6.60693E+03  3.58416E-18
6.91831E+03  3.36143E-18
7.24436E+03  3.17694E-18
7.58577E+03  3.02259E-18
7.94328E+03  2.89551E-18
8.31763E+03  2.79000E-18
8.70963E+03  2.70392E-18
9.12010E+03  2.63506E-18
9.54993E+03  2.58025E-18
