#column 1 : lambda in microns
#column 2 : snu_eff in Jy / Lsun (in the cosmo of Planck 2013 XXX)
1.00000E+00  3.10625E-24
1.04713E+00  9.71406E-24
1.09648E+00  3.03839E-23
1.14815E+00  9.50525E-23
1.20226E+00  2.97413E-22
1.25893E+00  9.30753E-22
1.31826E+00  2.91329E-21
1.38038E+00  9.12034E-21
1.44544E+00  2.85570E-20
1.51356E+00  8.94312E-20
1.58489E+00  2.80118E-19
1.65959E+00  8.77544E-19
1.73780E+00  2.90744E-18
1.81970E+00  4.62205E-18
1.90546E+00  2.65831E-18
1.99526E+00  2.99970E-18
2.08930E+00  4.94161E-18
2.18776E+00  6.24656E-18
2.29087E+00  5.09266E-18
2.39883E+00  4.59383E-18
2.51189E+00  4.61781E-18
2.63027E+00  4.88604E-18
2.75423E+00  5.28841E-18
2.88403E+00  5.74628E-18
3.01995E+00  6.14772E-18
3.16228E+00  6.13333E-18
3.31131E+00  6.64033E-18
3.46737E+00  8.09578E-18
3.63078E+00  9.23042E-18
3.80189E+00  1.02919E-17
3.98107E+00  1.13866E-17
4.16869E+00  1.25765E-17
4.36516E+00  1.38851E-17
4.57088E+00  1.53903E-17
4.78630E+00  1.72853E-17
5.01187E+00  2.01996E-17
5.24807E+00  2.78640E-17
5.49541E+00  1.28485E-16
5.75440E+00  9.12141E-17
6.02560E+00  3.53984E-17
6.30957E+00  3.19090E-17
6.60693E+00  3.31226E-17
6.91831E+00  3.60115E-17
7.24436E+00  4.01758E-17
7.58578E+00  4.58340E-17
7.94328E+00  5.37510E-17
8.31764E+00  6.64285E-17
8.70964E+00  1.02057E-16
9.12011E+00  1.51108E-16
9.54992E+00  2.52621E-16
1.00000E+01  3.11182E-16
1.04713E+01  1.69218E-15
1.09648E+01  6.96448E-16
1.14815E+01  7.39381E-16
1.20226E+01  9.15823E-16
1.25893E+01  2.05156E-15
1.31826E+01  3.55410E-15
1.38038E+01  1.79670E-15
1.44544E+01  1.75858E-15
1.51356E+01  9.57189E-16
1.58489E+01  6.84739E-16
1.65959E+01  6.65265E-16
1.73780E+01  7.30097E-16
1.81970E+01  9.74656E-16
1.90546E+01  4.33558E-15
1.99526E+01  2.01449E-15
2.08930E+01  2.21904E-15
2.18776E+01  2.19732E-15
2.29087E+01  1.89834E-15
2.39883E+01  1.63405E-15
2.51189E+01  1.53793E-15
2.63027E+01  1.70292E-15
2.75423E+01  2.16230E-15
2.88403E+01  2.73571E-15
3.01995E+01  2.58919E-15
3.16228E+01  2.55600E-15
3.31131E+01  2.65182E-15
3.46737E+01  2.78489E-15
3.63078E+01  2.97951E-15
3.80189E+01  3.23084E-15
3.98107E+01  3.55138E-15
4.16869E+01  3.96593E-15
4.36516E+01  4.49445E-15
4.57088E+01  5.17383E-15
4.78630E+01  6.03105E-15
5.01187E+01  7.07061E-15
5.24807E+01  8.29198E-15
5.49541E+01  9.65409E-15
5.75440E+01  1.11060E-14
6.02560E+01  1.26164E-14
6.30957E+01  1.41873E-14
6.60693E+01  1.58356E-14
6.91831E+01  1.76010E-14
7.24436E+01  1.95463E-14
7.58578E+01  2.17021E-14
7.94328E+01  2.41040E-14
8.31764E+01  2.67885E-14
8.70963E+01  2.97474E-14
9.12011E+01  3.29654E-14
9.54992E+01  3.64307E-14
1.00000E+02  4.01065E-14
1.04713E+02  4.39393E-14
1.09648E+02  4.78616E-14
1.14815E+02  5.18114E-14
1.20226E+02  5.56978E-14
1.25893E+02  5.94738E-14
1.31826E+02  6.29995E-14
1.38038E+02  6.62196E-14
1.44544E+02  6.90957E-14
1.51356E+02  7.15627E-14
1.58489E+02  7.35758E-14
1.65959E+02  7.50900E-14
1.73780E+02  7.60985E-14
1.81970E+02  7.65988E-14
1.90546E+02  7.66944E-14
1.99526E+02  7.65294E-14
2.08930E+02  7.61624E-14
2.18776E+02  7.58368E-14
2.29087E+02  7.54532E-14
2.39883E+02  7.34975E-14
2.51189E+02  6.93200E-14
2.63027E+02  6.48112E-14
2.75423E+02  6.04959E-14
2.88403E+02  5.63862E-14
3.01995E+02  5.23920E-14
3.16228E+02  4.85306E-14
3.31131E+02  4.47234E-14
3.46737E+02  4.10297E-14
3.63078E+02  3.74988E-14
3.80189E+02  3.41066E-14
3.98107E+02  3.09057E-14
4.16869E+02  2.78508E-14
4.36516E+02  2.48577E-14
4.57088E+02  2.20219E-14
4.78630E+02  1.94652E-14
5.01187E+02  1.71848E-14
5.24807E+02  1.51246E-14
5.49541E+02  1.32825E-14
5.75440E+02  1.16449E-14
6.02560E+02  1.01935E-14
6.30957E+02  8.90603E-15
6.60693E+02  7.77103E-15
6.91831E+02  6.77478E-15
7.24436E+02  5.89713E-15
7.58577E+02  5.13076E-15
7.94328E+02  4.46145E-15
8.31763E+02  3.87419E-15
8.70963E+02  3.36363E-15
9.12011E+02  2.91849E-15
9.54993E+02  2.53145E-15
1.00000E+03  2.19473E-15
1.04713E+03  1.90270E-15
1.09648E+03  1.64930E-15
1.14815E+03  1.43046E-15
1.20226E+03  1.24003E-15
1.25893E+03  1.07483E-15
1.31826E+03  9.32009E-16
1.38038E+03  8.07964E-16
1.44544E+03  7.00171E-16
1.51356E+03  6.06743E-16
1.58489E+03  5.25718E-16
1.65959E+03  4.55495E-16
1.73780E+03  3.95432E-16
1.81970E+03  3.43035E-16
1.90546E+03  2.98150E-16
1.99526E+03  2.59185E-16
2.08930E+03  2.26330E-16
2.18776E+03  1.97463E-16
2.29087E+03  1.73014E-16
2.39883E+03  1.51905E-16
2.51189E+03  1.33813E-16
2.63027E+03  1.18400E-16
2.75423E+03  1.05062E-16
2.88403E+03  9.37404E-17
3.01995E+03  8.40462E-17
3.16228E+03  7.58474E-17
3.31131E+03  6.87612E-17
3.46737E+03  6.27292E-17
3.63078E+03  5.76283E-17
3.80189E+03  5.32781E-17
3.98107E+03  4.96055E-17
4.16869E+03  4.65041E-17
4.36516E+03  4.39039E-17
4.57088E+03  4.17181E-17
4.78630E+03  3.98961E-17
5.01187E+03  3.84033E-17
5.24807E+03  3.71679E-17
5.49541E+03  3.61665E-17
5.75440E+03  3.53717E-17
6.02560E+03  3.47579E-17
6.30957E+03  3.42954E-17
6.60693E+03  3.39706E-17
6.91831E+03  3.37650E-17
7.24436E+03  3.36612E-17
7.58577E+03  3.36516E-17
7.94328E+03  3.37258E-17
8.31763E+03  3.38716E-17
8.70963E+03  3.40848E-17
9.12010E+03  3.43581E-17
9.54993E+03  3.46859E-17
