#column 1 : lambda in microns
#column 2 : snu_eff in Jy / Lsun (in the cosmo of Planck 2013 XXX)
1.00000E+00  4.36631E-29
1.04713E+00  1.37259E-28
1.09648E+00  4.31668E-28
1.14815E+00  1.35812E-27
1.20226E+00  4.27462E-27
1.25893E+00  1.34595E-26
1.31826E+00  4.23960E-26
1.38038E+00  1.33593E-25
1.44544E+00  4.21116E-25
1.51356E+00  1.32793E-24
1.58489E+00  4.18888E-24
1.65959E+00  1.32182E-23
1.73780E+00  4.17245E-23
1.81970E+00  1.31751E-22
1.90546E+00  4.16155E-22
1.99526E+00  1.31491E-21
2.08930E+00  4.15594E-21
2.18776E+00  1.31395E-20
2.29087E+00  4.15543E-20
2.39883E+00  1.31456E-19
2.51189E+00  4.17991E-19
2.63027E+00  1.11675E-18
2.75423E+00  5.69303E-19
2.88403E+00  5.57915E-19
3.01995E+00  8.67504E-19
3.16228E+00  1.27851E-18
3.31131E+00  1.07672E-18
3.46737E+00  9.35277E-19
3.63078E+00  9.19962E-19
3.80189E+00  9.63762E-19
3.98107E+00  1.03872E-18
4.16869E+00  1.12936E-18
4.36516E+00  1.21647E-18
4.57088E+00  1.24279E-18
4.78630E+00  1.26338E-18
5.01187E+00  1.55770E-18
5.24807E+00  1.79860E-18
5.49541E+00  2.01367E-18
5.75440E+00  2.23146E-18
6.02560E+00  2.46611E-18
6.30957E+00  2.72454E-18
6.60693E+00  3.01633E-18
6.91831E+00  3.37421E-18
7.24436E+00  3.88980E-18
7.58578E+00  5.02061E-18
7.94328E+00  1.26696E-17
8.31764E+00  4.32558E-17
8.70964E+00  7.83859E-18
9.12011E+00  6.52958E-18
9.54992E+00  6.66944E-18
1.00000E+01  7.22384E-18
1.04713E+01  8.05420E-18
1.09648E+01  9.18014E-18
1.14815E+01  1.07405E-17
1.20226E+01  1.30833E-17
1.25893E+01  1.81681E-17
1.31826E+01  3.59240E-17
1.38038E+01  3.94282E-17
1.44544E+01  6.11717E-17
1.51356E+01  1.87001E-16
1.58489E+01  1.82539E-16
1.65959E+01  1.50937E-16
1.73780E+01  1.69099E-16
1.81970E+01  3.29638E-16
1.90546E+01  7.45650E-16
1.99526E+01  4.68120E-16
2.08930E+01  3.20359E-16
2.18776E+01  2.51557E-16
2.29087E+01  1.50797E-16
2.39883E+01  1.41989E-16
2.51189E+01  1.52069E-16
2.63027E+01  1.88174E-16
2.75423E+01  4.76205E-16
2.88403E+01  4.52176E-16
3.01995E+01  4.68368E-16
3.16228E+01  5.85994E-16
3.31131E+01  3.96547E-16
3.46737E+01  3.43742E-16
3.63078E+01  3.35225E-16
3.80189E+01  3.65669E-16
3.98107E+01  4.37341E-16
4.16869E+01  5.79888E-16
4.36516E+01  5.94540E-16
4.57088E+01  5.74811E-16
4.78630E+01  6.09553E-16
5.01187E+01  6.39530E-16
5.24807E+01  6.86611E-16
5.49541E+01  7.47895E-16
5.75440E+01  8.24596E-16
6.02560E+01  9.25150E-16
6.30957E+01  1.05442E-15
6.60693E+01  1.22213E-15
6.91831E+01  1.43926E-15
7.24436E+01  1.71242E-15
7.58578E+01  2.04475E-15
7.94328E+01  2.42730E-15
8.31764E+01  2.84868E-15
8.70963E+01  3.29418E-15
9.12011E+01  3.75371E-15
9.54992E+01  4.22614E-15
1.00000E+02  4.71919E-15
1.04713E+02  5.24282E-15
1.09648E+02  5.80395E-15
1.14815E+02  6.41375E-15
1.20226E+02  7.07130E-15
1.25893E+02  7.78048E-15
1.31826E+02  8.52912E-15
1.38038E+02  9.31469E-15
1.44544E+02  1.01232E-14
1.51356E+02  1.09443E-14
1.58489E+02  1.17551E-14
1.65959E+02  1.25437E-14
1.73780E+02  1.32908E-14
1.81970E+02  1.39808E-14
1.90546E+02  1.45939E-14
1.99526E+02  1.51145E-14
2.08930E+02  1.55349E-14
2.18776E+02  1.58553E-14
2.29087E+02  1.60630E-14
2.39883E+02  1.61579E-14
2.51189E+02  1.61415E-14
2.63027E+02  1.60166E-14
2.75423E+02  1.58080E-14
2.88403E+02  1.55424E-14
3.01995E+02  1.52399E-14
3.16228E+02  1.49422E-14
3.31131E+02  1.46573E-14
3.46737E+02  1.41933E-14
3.63078E+02  1.33003E-14
3.80189E+02  1.23017E-14
3.98107E+02  1.13568E-14
4.16869E+02  1.04699E-14
4.36516E+02  9.63340E-15
4.57088E+02  8.83636E-15
4.78630E+02  8.06728E-15
5.01187E+02  7.34118E-15
5.24807E+02  6.65380E-15
5.49541E+02  6.00329E-15
5.75440E+02  5.39855E-15
6.02560E+02  4.83470E-15
6.30957E+02  4.29178E-15
6.60693E+02  3.77968E-15
6.91831E+02  3.31889E-15
7.24436E+02  2.91084E-15
7.58577E+02  2.54685E-15
7.94328E+02  2.22526E-15
8.31763E+02  1.94017E-15
8.70963E+02  1.68916E-15
9.12011E+02  1.46911E-15
9.54993E+02  1.27680E-15
1.00000E+03  1.10829E-15
1.04713E+03  9.61134E-16
1.09648E+03  8.33412E-16
1.14815E+03  7.21840E-16
1.20226E+03  6.25106E-16
1.25893E+03  5.40882E-16
1.31826E+03  4.68112E-16
1.38038E+03  4.04853E-16
1.44544E+03  3.50267E-16
1.51356E+03  3.02983E-16
1.58489E+03  2.62209E-16
1.65959E+03  2.26928E-16
1.73780E+03  1.96503E-16
1.81970E+03  1.70142E-16
1.90546E+03  1.47435E-16
1.99526E+03  1.27778E-16
2.08930E+03  1.10746E-16
2.18776E+03  9.59949E-17
2.29087E+03  8.32464E-17
2.39883E+03  7.22493E-17
2.51189E+03  6.27732E-17
2.63027E+03  5.46856E-17
2.75423E+03  4.76863E-17
2.88403E+03  4.16306E-17
3.01995E+03  3.64436E-17
3.16228E+03  3.20436E-17
3.31131E+03  2.82080E-17
3.46737E+03  2.49659E-17
3.63078E+03  2.21915E-17
3.80189E+03  1.98260E-17
3.98107E+03  1.77916E-17
4.16869E+03  1.60528E-17
4.36516E+03  1.45813E-17
4.57088E+03  1.33333E-17
4.78630E+03  1.22617E-17
5.01187E+03  1.13616E-17
5.24807E+03  1.05994E-17
5.49541E+03  9.95405E-18
5.75440E+03  9.41413E-18
6.02560E+03  8.96343E-18
6.30957E+03  8.58942E-18
6.60693E+03  8.28195E-18
6.91831E+03  8.03005E-18
7.24436E+03  7.82820E-18
7.58577E+03  7.66764E-18
7.94328E+03  7.54442E-18
8.31763E+03  7.45268E-18
8.70963E+03  7.38921E-18
9.12010E+03  7.35082E-18
9.54993E+03  7.33445E-18
