#column 1 : lambda in microns
#column 2 : snu_eff in Jy / Lsun (in the cosmo of Planck 2013 XXX)
1.00000E+00  6.08934E-29
1.04713E+00  1.91455E-28
1.09648E+00  6.02199E-28
1.14815E+00  1.89489E-27
1.20226E+00  5.96475E-27
1.25893E+00  1.87829E-26
1.31826E+00  5.91688E-26
1.38038E+00  1.86456E-25
1.44544E+00  5.87776E-25
1.51356E+00  1.85351E-24
1.58489E+00  5.84683E-24
1.65959E+00  1.84497E-23
1.73780E+00  5.82365E-23
1.81970E+00  1.83881E-22
1.90546E+00  5.80780E-22
1.99526E+00  1.83492E-21
2.08930E+00  5.79894E-21
2.18776E+00  1.83318E-20
2.29087E+00  5.79679E-20
2.39883E+00  1.83354E-19
2.51189E+00  6.13197E-19
2.63027E+00  9.76380E-19
2.75423E+00  5.59061E-19
2.88403E+00  6.30782E-19
3.01995E+00  1.04197E-18
3.16228E+00  1.31796E-18
3.31131E+00  1.07222E-18
3.46737E+00  9.65453E-19
3.63078E+00  9.69507E-19
3.80189E+00  1.02533E-18
3.98107E+00  1.10957E-18
4.16869E+00  1.20549E-18
4.36516E+00  1.28942E-18
4.57088E+00  1.28516E-18
4.78630E+00  1.39141E-18
5.01187E+00  1.69877E-18
5.24807E+00  1.93808E-18
5.49541E+00  2.16186E-18
5.75440E+00  2.39293E-18
6.02560E+00  2.64426E-18
6.30957E+00  2.92104E-18
6.60693E+00  3.23994E-18
6.91831E+00  3.64233E-18
7.24436E+00  4.26229E-18
7.58578E+00  5.89247E-18
7.94328E+00  2.72678E-17
8.31764E+00  1.93619E-17
8.70964E+00  7.51970E-18
9.12011E+00  6.79756E-18
9.54992E+00  7.08335E-18
1.00000E+01  7.73591E-18
1.04713E+01  8.67412E-18
1.09648E+01  9.94564E-18
1.14815E+01  1.17186E-17
1.20226E+01  1.45307E-17
1.25893E+01  2.22653E-17
1.31826E+01  3.29016E-17
1.38038E+01  5.47926E-17
1.44544E+01  6.75626E-17
1.51356E+01  3.63392E-16
1.58489E+01  1.50730E-16
1.65959E+01  1.60405E-16
1.73780E+01  1.98828E-16
1.81970E+01  4.43693E-16
1.90546E+01  7.68240E-16
1.99526E+01  3.90430E-16
2.08930E+01  3.82574E-16
2.18776E+01  2.10374E-16
2.29087E+01  1.52191E-16
2.39883E+01  1.48950E-16
2.51189E+01  1.64031E-16
2.63027E+01  2.17885E-16
2.75423E+01  9.43947E-16
2.88403E+01  4.45167E-16
3.01995E+01  4.91391E-16
3.16228E+01  4.88988E-16
3.31131E+01  4.26343E-16
3.46737E+01  3.71213E-16
3.63078E+01  3.53309E-16
3.80189E+01  3.93749E-16
3.98107E+01  5.00984E-16
4.16869E+01  6.35578E-16
4.36516E+01  6.09877E-16
4.57088E+01  6.09285E-16
4.78630E+01  6.37682E-16
5.01187E+01  6.74603E-16
5.24807E+01  7.26741E-16
5.49541E+01  7.93587E-16
5.75440E+01  8.78752E-16
6.02560E+01  9.89304E-16
6.30957E+01  1.13154E-15
6.60693E+01  1.31700E-15
6.91831E+01  1.55541E-15
7.24436E+01  1.85106E-15
7.58578E+01  2.20691E-15
7.94328E+01  2.61259E-15
8.31764E+01  3.05242E-15
8.70963E+01  3.51274E-15
9.12011E+01  3.98897E-15
9.54992E+01  4.48045E-15
1.00000E+02  4.99422E-15
1.04713E+02  5.54396E-15
1.09648E+02  6.13536E-15
1.14815E+02  6.77542E-15
1.20226E+02  7.47045E-15
1.25893E+02  8.21461E-15
1.31826E+02  9.00052E-15
1.38038E+02  9.82221E-15
1.44544E+02  1.06671E-14
1.51356E+02  1.15191E-14
1.58489E+02  1.23598E-14
1.65959E+02  1.31733E-14
1.73780E+02  1.39395E-14
1.81970E+02  1.46465E-14
1.90546E+02  1.52666E-14
1.99526E+02  1.57901E-14
2.08930E+02  1.62116E-14
2.18776E+02  1.65238E-14
2.29087E+02  1.67219E-14
2.39883E+02  1.67990E-14
2.51189E+02  1.67654E-14
2.63027E+02  1.66203E-14
2.75423E+02  1.63928E-14
2.88403E+02  1.61157E-14
3.01995E+02  1.58078E-14
3.16228E+02  1.55096E-14
3.31131E+02  1.52125E-14
3.46737E+02  1.46216E-14
3.63078E+02  1.36267E-14
3.80189E+02  1.25997E-14
3.98107E+02  1.16314E-14
4.16869E+02  1.07263E-14
4.36516E+02  9.86348E-15
4.57088E+02  9.04602E-15
4.78630E+02  8.25581E-15
5.01187E+02  7.50361E-15
5.24807E+02  6.79762E-15
5.49541E+02  6.13010E-15
5.75440E+02  5.50990E-15
6.02560E+02  4.92715E-15
6.30957E+02  4.36459E-15
6.60693E+02  3.83962E-15
6.91831E+02  3.37085E-15
7.24436E+02  2.95719E-15
7.58577E+02  2.58705E-15
7.94328E+02  2.25908E-15
8.31763E+02  1.96996E-15
8.70963E+02  1.71576E-15
9.12011E+02  1.49187E-15
9.54993E+02  1.29597E-15
1.00000E+03  1.12504E-15
1.04713E+03  9.75470E-16
1.09648E+03  8.45576E-16
1.14815E+03  7.32741E-16
1.20226E+03  6.34276E-16
1.25893E+03  5.49028E-16
1.31826E+03  4.75124E-16
1.38038E+03  4.11056E-16
1.44544E+03  3.55617E-16
1.51356E+03  3.07669E-16
1.58489E+03  2.66223E-16
1.65959E+03  2.30564E-16
1.73780E+03  1.99611E-16
1.81970E+03  1.72864E-16
1.90546E+03  1.49799E-16
1.99526E+03  1.29830E-16
2.08930E+03  1.12524E-16
2.18776E+03  9.75638E-17
2.29087E+03  8.46192E-17
2.39883E+03  7.34306E-17
2.51189E+03  6.38804E-17
2.63027E+03  5.55731E-17
2.75423E+03  4.84689E-17
2.88403E+03  4.23171E-17
3.01995E+03  3.71391E-17
3.16228E+03  3.26049E-17
3.31131E+03  2.87701E-17
3.46737E+03  2.54679E-17
3.63078E+03  2.26448E-17
3.80189E+03  2.02462E-17
3.98107E+03  1.81762E-17
4.16869E+03  1.64253E-17
4.36516E+03  1.49312E-17
4.57088E+03  1.36725E-17
4.78630E+03  1.25897E-17
5.01187E+03  1.16727E-17
5.24807E+03  1.09027E-17
5.49541E+03  1.02506E-17
5.75440E+03  9.70525E-18
6.02560E+03  9.24995E-18
6.30957E+03  8.87334E-18
6.60693E+03  8.56186E-18
6.91831E+03  8.30837E-18
7.24436E+03  8.10689E-18
7.58577E+03  7.94626E-18
7.94328E+03  7.82301E-18
8.31763E+03  7.73281E-18
8.70963E+03  7.67169E-18
9.12010E+03  7.63518E-18
9.54993E+03  7.62105E-18
