#column 1 : lambda in microns
#column 2 : snu_eff in Jy / Lsun (in the cosmo of Planck 2013 XXX)
1.00000E+00  9.58059E-20
1.04713E+00  2.99153E-19
1.09648E+00  9.34181E-19
1.14815E+00  2.91747E-18
1.20226E+00  9.11208E-18
1.25893E+00  3.01009E-17
1.31826E+00  4.78304E-17
1.38038E+00  2.75463E-17
1.44544E+00  3.10861E-17
1.51356E+00  5.11663E-17
1.58489E+00  6.46667E-17
1.65959E+00  5.27567E-17
1.73780E+00  4.76147E-17
1.81970E+00  4.78766E-17
1.90546E+00  5.06639E-17
1.99526E+00  5.48354E-17
2.08930E+00  5.95869E-17
2.18776E+00  6.37522E-17
2.29087E+00  6.36148E-17
2.39883E+00  6.88727E-17
2.51189E+00  8.39274E-17
2.63027E+00  9.56685E-17
2.75423E+00  1.06655E-16
2.88403E+00  1.17972E-16
3.01995E+00  1.30273E-16
3.16228E+00  1.43785E-16
3.31131E+00  1.59310E-16
3.46737E+00  1.78835E-16
3.63078E+00  2.08838E-16
3.80189E+00  2.87836E-16
3.98107E+00  1.32622E-15
4.16869E+00  9.41112E-16
4.36516E+00  3.64568E-16
4.57088E+00  3.27866E-16
4.78630E+00  3.39413E-16
5.01187E+00  3.67875E-16
5.24807E+00  4.09005E-16
5.49541E+00  4.65025E-16
5.75440E+00  5.43629E-16
6.02560E+00  6.70393E-16
6.30957E+00  1.03240E-15
6.60693E+00  1.53119E-15
6.91831E+00  2.56757E-15
7.24436E+00  3.16072E-15
7.58578E+00  1.73283E-14
7.94328E+00  7.09156E-15
8.31764E+00  7.51639E-15
8.70964E+00  9.30576E-15
9.12011E+00  2.09073E-14
9.54992E+00  3.62360E-14
1.00000E+01  1.82446E-14
1.04713E+01  1.78392E-14
1.09648E+01  9.62248E-15
1.14815E+01  6.80843E-15
1.20226E+01  6.57551E-15
1.25893E+01  7.20261E-15
1.31826E+01  9.67078E-15
1.38038E+01  4.40232E-14
1.44544E+01  2.02233E-14
1.51356E+01  2.22579E-14
1.58489E+01  2.19722E-14
1.65959E+01  1.88602E-14
1.73780E+01  1.60974E-14
1.81970E+01  1.50178E-14
1.90546E+01  1.65477E-14
1.99526E+01  2.09950E-14
2.08930E+01  2.65284E-14
2.18776E+01  2.48078E-14
2.29087E+01  2.42304E-14
2.39883E+01  2.49515E-14
2.51189E+01  2.60478E-14
2.63027E+01  2.77112E-14
2.75423E+01  2.98769E-14
2.88403E+01  3.26507E-14
3.01995E+01  3.62375E-14
3.16228E+01  4.07956E-14
3.31131E+01  4.66178E-14
3.46737E+01  5.38940E-14
3.63078E+01  6.26132E-14
3.80189E+01  7.27194E-14
3.98107E+01  8.38479E-14
4.16869E+01  9.55951E-14
4.36516E+01  1.07787E-13
4.57088E+01  1.20533E-13
4.78630E+01  1.34083E-13
5.01187E+01  1.48866E-13
5.24807E+01  1.65515E-13
5.49541E+01  1.84359E-13
5.75440E+01  2.05795E-13
6.02560E+01  2.30237E-13
6.30957E+01  2.57726E-13
6.60693E+01  2.88232E-13
6.91831E+01  3.21748E-13
7.24436E+01  3.58038E-13
7.58578E+01  3.96710E-13
7.94328E+01  4.37167E-13
8.31764E+01  4.78917E-13
8.70963E+01  5.21024E-13
9.12011E+01  5.63130E-13
9.54992E+01  6.03714E-13
1.00000E+02  6.42160E-13
1.04713E+02  6.78029E-13
1.09648E+02  7.10436E-13
1.14815E+02  7.38717E-13
1.20226E+02  7.62450E-13
1.25893E+02  7.81132E-13
1.31826E+02  7.94757E-13
1.38038E+02  8.04125E-13
1.44544E+02  8.10699E-13
1.51356E+02  8.14914E-13
1.58489E+02  8.19632E-13
1.65959E+02  8.23400E-13
1.73780E+02  8.09374E-13
1.81970E+02  7.69635E-13
1.90546E+02  7.25019E-13
1.99526E+02  6.81818E-13
2.08930E+02  6.40004E-13
2.18776E+02  5.98799E-13
2.29087E+02  5.58359E-13
2.39883E+02  5.17878E-13
2.51189E+02  4.78039E-13
2.63027E+02  4.39405E-13
2.75423E+02  4.01914E-13
2.88403E+02  3.66132E-13
3.01995E+02  3.31600E-13
3.16228E+02  2.97424E-13
3.31131E+02  2.64676E-13
3.46737E+02  2.35004E-13
3.63078E+02  2.08322E-13
3.80189E+02  1.84068E-13
3.98107E+02  1.62239E-13
4.16869E+02  1.42730E-13
4.36516E+02  1.25343E-13
4.57088E+02  1.09855E-13
4.78630E+02  9.61252E-14
5.01187E+02  8.40318E-14
5.24807E+02  7.33276E-14
5.49541E+02  6.39494E-14
5.75440E+02  5.57318E-14
6.02560E+02  4.84928E-14
6.30957E+02  4.21883E-14
6.60693E+02  3.66616E-14
6.91831E+02  3.18564E-14
7.24436E+02  2.76558E-14
7.58577E+02  2.40096E-14
7.94328E+02  2.08379E-14
8.31763E+02  1.80911E-14
8.70963E+02  1.56973E-14
9.12011E+02  1.36155E-14
9.54993E+02  1.18134E-14
1.00000E+03  1.02446E-14
1.04713E+03  8.87945E-15
1.09648E+03  7.69404E-15
1.14815E+03  6.66512E-15
1.20226E+03  5.77133E-15
1.25893E+03  5.00596E-15
1.31826E+03  4.33727E-15
1.38038E+03  3.76375E-15
1.44544E+03  3.26527E-15
1.51356E+03  2.84458E-15
1.58489E+03  2.47408E-15
1.65959E+03  2.16009E-15
1.73780E+03  1.88857E-15
1.81970E+03  1.65560E-15
1.90546E+03  1.45682E-15
1.99526E+03  1.28456E-15
2.08930E+03  1.13809E-15
2.18776E+03  1.01246E-15
2.29087E+03  9.06036E-16
2.39883E+03  8.13808E-16
2.51189E+03  7.35176E-16
2.63027E+03  6.68435E-16
2.75423E+03  6.11351E-16
2.88403E+03  5.62950E-16
3.01995E+03  5.21890E-16
3.16228E+03  4.87290E-16
3.31131E+03  4.58010E-16
3.46737E+03  4.33368E-16
3.63078E+03  4.12949E-16
3.80189E+03  3.95826E-16
3.98107E+03  3.81680E-16
4.16869E+03  3.70169E-16
4.36516E+03  3.60955E-16
4.57088E+03  3.53653E-16
4.78630E+03  3.48090E-16
5.01187E+03  3.44023E-16
5.24807E+03  3.41221E-16
5.49541E+03  3.39591E-16
5.75440E+03  3.38995E-16
6.02560E+03  3.39267E-16
6.30957E+03  3.40362E-16
6.60693E+03  3.42173E-16
6.91831E+03  3.44636E-16
7.24436E+03  3.47690E-16
7.58577E+03  3.51289E-16
7.94328E+03  3.55391E-16
8.31763E+03  3.59963E-16
8.70963E+03  3.64972E-16
9.12010E+03  3.70395E-16
9.54993E+03  3.76218E-16
