#column 1 : lambda in microns
#column 2 : snu_eff in Jy / Lsun (in the cosmo of Planck 2013 XXX)
1.00000E+00  1.54815E-41
1.04713E+00  4.74283E-41
1.09648E+00  1.45582E-40
1.14815E+00  4.47687E-40
1.20226E+00  1.37931E-39
1.25893E+00  4.25755E-39
1.31826E+00  1.31664E-38
1.38038E+00  4.07917E-38
1.44544E+00  1.26609E-37
1.51356E+00  3.93663E-37
1.58489E+00  1.22614E-36
1.65959E+00  3.82554E-36
1.73780E+00  1.19552E-35
1.81970E+00  3.74206E-35
1.90546E+00  1.17309E-34
1.99526E+00  3.68294E-34
2.08930E+00  1.15790E-33
2.18776E+00  3.64531E-33
2.29087E+00  1.14911E-32
2.39883E+00  3.62675E-32
2.51189E+00  1.14599E-31
2.63027E+00  3.62516E-31
2.75423E+00  1.14796E-30
2.88403E+00  3.63872E-30
3.01995E+00  1.15445E-29
3.16228E+00  3.66590E-29
3.31131E+00  1.16503E-28
3.46737E+00  3.70534E-28
3.63078E+00  1.17932E-27
3.80189E+00  3.75595E-27
3.98107E+00  1.19696E-26
4.16869E+00  3.81674E-26
4.36516E+00  1.21769E-25
4.57088E+00  3.88687E-25
4.78630E+00  1.24127E-24
5.01187E+00  3.96570E-24
5.24807E+00  1.26749E-23
5.49541E+00  4.05259E-23
5.75440E+00  1.29619E-22
6.02560E+00  4.14707E-22
6.30957E+00  1.32721E-21
6.60693E+00  4.24875E-21
6.91831E+00  1.36047E-20
7.24436E+00  4.60566E-20
7.58578E+00  7.35089E-20
7.94328E+00  4.18128E-20
8.31764E+00  4.71598E-20
8.70964E+00  7.82157E-20
9.12011E+00  9.90416E-20
9.54992E+00  8.03079E-20
1.00000E+01  7.21002E-20
1.04713E+01  7.22975E-20
1.09648E+01  7.64149E-20
1.14815E+01  8.26737E-20
1.20226E+01  8.97866E-20
1.25893E+01  9.59558E-20
1.31826E+01  9.54787E-20
1.38038E+01  1.03440E-19
1.44544E+01  1.26544E-19
1.51356E+01  1.44543E-19
1.58489E+01  1.61282E-19
1.65959E+01  1.78677E-19
1.73780E+01  1.97609E-19
1.81970E+01  2.18620E-19
1.90546E+01  2.42874E-19
1.99526E+01  2.73554E-19
2.08930E+01  3.21097E-19
2.18776E+01  4.45498E-19
2.29087E+01  2.06956E-18
2.39883E+01  1.47173E-18
2.51189E+01  5.75621E-19
2.63027E+01  5.24902E-19
2.75423E+01  5.52905E-19
2.88403E+01  6.10836E-19
3.01995E+01  6.93917E-19
3.16228E+01  8.05728E-19
3.31131E+01  9.60602E-19
3.46737E+01  1.20010E-18
3.63078E+01  1.82481E-18
3.80189E+01  2.67863E-18
3.98107E+01  4.41311E-18
4.16869E+01  5.45235E-18
4.36516E+01  2.84542E-17
4.57088E+01  1.20567E-17
4.78630E+01  1.29095E-17
5.01187E+01  1.60280E-17
5.24807E+01  3.54056E-17
5.49541E+01  6.12139E-17
5.75440E+01  3.15746E-17
6.02560E+01  3.10717E-17
6.30957E+01  1.76152E-17
6.60693E+01  1.31749E-17
6.91831E+01  1.31293E-17
7.24436E+01  1.45444E-17
7.58578E+01  1.90138E-17
7.94328E+01  7.67366E-17
8.31764E+01  3.76139E-17
8.70963E+01  4.17099E-17
9.12011E+01  4.20012E-17
9.54992E+01  3.74291E-17
1.00000E+02  3.34635E-17
1.04713E+02  3.26539E-17
1.09648E+02  3.69052E-17
1.14815E+02  4.71459E-17
1.20226E+02  6.01257E-17
1.25893E+02  5.93067E-17
1.31826E+02  6.06135E-17
1.38038E+02  6.44285E-17
1.44544E+02  6.90411E-17
1.51356E+02  7.52973E-17
1.58489E+02  8.33109E-17
1.65959E+02  9.37057E-17
1.73780E+02  1.07566E-16
1.81970E+02  1.26112E-16
1.90546E+02  1.51431E-16
1.99526E+02  1.85681E-16
2.08930E+02  2.30384E-16
2.18776E+02  2.86657E-16
2.29087E+02  3.52605E-16
2.39883E+02  4.24243E-16
2.51189E+02  4.97612E-16
2.63027E+02  5.68936E-16
2.75423E+02  6.37051E-16
2.88403E+02  7.01784E-16
3.01995E+02  7.64458E-16
3.16228E+02  8.25475E-16
3.31131E+02  8.85928E-16
3.46737E+02  9.46140E-16
3.63078E+02  1.00483E-15
3.80189E+02  1.06087E-15
3.98107E+02  1.11421E-15
4.16869E+02  1.16299E-15
4.36516E+02  1.20749E-15
4.57088E+02  1.24387E-15
4.78630E+02  1.27148E-15
5.01187E+02  1.28964E-15
5.24807E+02  1.30153E-15
5.49541E+02  1.30068E-15
5.75440E+02  1.29396E-15
6.02560E+02  1.27462E-15
6.30957E+02  1.24930E-15
6.60693E+02  1.21603E-15
6.91831E+02  1.17763E-15
7.24436E+02  1.13140E-15
7.58577E+02  1.08156E-15
7.94328E+02  1.02898E-15
8.31763E+02  9.76554E-16
8.70963E+02  9.26599E-16
9.12011E+02  8.77426E-16
9.54993E+02  8.32708E-16
1.00000E+03  7.76123E-16
1.04713E+03  7.02951E-16
1.09648E+03  6.34051E-16
1.14815E+03  5.70573E-16
1.20226E+03  5.13474E-16
1.25893E+03  4.61084E-16
1.31826E+03  4.13377E-16
1.38038E+03  3.69017E-16
1.44544E+03  3.28360E-16
1.51356E+03  2.91566E-16
1.58489E+03  2.57886E-16
1.65959E+03  2.27638E-16
1.73780E+03  2.00015E-16
1.81970E+03  1.74172E-16
1.90546E+03  1.50892E-16
1.99526E+03  1.30355E-16
2.08930E+03  1.12822E-16
2.18776E+03  9.72525E-17
2.29087E+03  8.40255E-17
2.39883E+03  7.23536E-17
2.51189E+03  6.22992E-17
2.63027E+03  5.36052E-17
2.75423E+03  4.61139E-17
2.88403E+03  3.96734E-17
3.01995E+03  3.40983E-17
3.16228E+03  2.93248E-17
3.31131E+03  2.52305E-17
3.46737E+03  2.16987E-17
3.63078E+03  1.86639E-17
3.80189E+03  1.60794E-17
3.98107E+03  1.38461E-17
4.16869E+03  1.19333E-17
4.36516E+03  1.02940E-17
4.57088E+03  8.88855E-18
4.78630E+03  7.68814E-18
5.01187E+03  6.65802E-18
5.24807E+03  5.76728E-18
5.49541E+03  5.00746E-18
5.75440E+03  4.35436E-18
6.02560E+03  3.79181E-18
6.30957E+03  3.30981E-18
6.60693E+03  2.89466E-18
6.91831E+03  2.53847E-18
7.24436E+03  2.23495E-18
7.58577E+03  1.97439E-18
7.94328E+03  1.75143E-18
8.31763E+03  1.56183E-18
8.70963E+03  1.40211E-18
9.12010E+03  1.26385E-18
9.54993E+03  1.14853E-18
