#column 1 : lambda in microns
#column 2 : snu_eff in Jy / Lsun (in the cosmo of Planck 2013 XXX)
1.00000E+00  3.22299E-43
1.04713E+00  9.76705E-43
1.09648E+00  2.98196E-42
1.14815E+00  9.11405E-42
1.20226E+00  2.79125E-41
1.25893E+00  8.56235E-41
1.31826E+00  2.63174E-40
1.38038E+00  8.10427E-40
1.44544E+00  2.50036E-39
1.51356E+00  7.72863E-39
1.58489E+00  2.39333E-38
1.65959E+00  7.42493E-38
1.73780E+00  2.30758E-37
1.81970E+00  7.18425E-37
1.90546E+00  2.24050E-36
1.99526E+00  6.99884E-36
2.08930E+00  2.18979E-35
2.18776E+00  6.86206E-35
2.29087E+00  2.15354E-34
2.39883E+00  6.76818E-34
2.51189E+00  2.13002E-33
2.63027E+00  6.71219E-33
2.75423E+00  2.11781E-32
2.88403E+00  6.68992E-32
3.01995E+00  2.11564E-31
3.16228E+00  6.69764E-31
3.31131E+00  2.12244E-30
3.46737E+00  6.73218E-30
3.63078E+00  2.13729E-29
3.80189E+00  6.79091E-29
3.98107E+00  2.15939E-28
4.16869E+00  6.87148E-28
4.36516E+00  2.18808E-27
4.57088E+00  6.97187E-27
4.78630E+00  2.22277E-26
5.01187E+00  7.09051E-26
5.24807E+00  2.26297E-25
5.49541E+00  7.22587E-25
5.75440E+00  2.30829E-24
6.02560E+00  7.37678E-24
6.30957E+00  2.35835E-23
6.60693E+00  7.54227E-23
6.91831E+00  2.41287E-22
7.24436E+00  7.72142E-22
7.58578E+00  2.47162E-21
7.94328E+00  7.91364E-21
8.31764E+00  2.54662E-20
8.70964E+00  6.84329E-20
9.12011E+00  3.46836E-20
9.54992E+00  3.39113E-20
1.00000E+01  5.29254E-20
1.04713E+01  7.81433E-20
1.09648E+01  6.56621E-20
1.14815E+01  5.68705E-20
1.20226E+01  5.58322E-20
1.25893E+01  5.84482E-20
1.31826E+01  6.29813E-20
1.38038E+01  6.84400E-20
1.44544E+01  7.36766E-20
1.51356E+01  7.52435E-20
1.58489E+01  7.63565E-20
1.65959E+01  9.44330E-20
1.73780E+01  1.09086E-19
1.81970E+01  1.22298E-19
1.90546E+01  1.35622E-19
1.99526E+01  1.49900E-19
2.08930E+01  1.65739E-19
2.18776E+01  1.83998E-19
2.29087E+01  2.06026E-19
2.39883E+01  2.38141E-19
2.51189E+01  3.08504E-19
2.63027E+01  7.81688E-19
2.75423E+01  2.67362E-18
2.88403E+01  4.87029E-19
3.01995E+01  4.09074E-19
3.16228E+01  4.21994E-19
3.31131E+01  4.62415E-19
3.46737E+01  5.22012E-19
3.63078E+01  6.02444E-19
3.80189E+01  7.13219E-19
3.98107E+01  8.76469E-19
4.16869E+01  1.21550E-18
4.36516E+01  2.35219E-18
4.57088E+01  2.60632E-18
4.78630E+01  4.01127E-18
5.01187E+01  1.19928E-17
5.24807E+01  1.17807E-17
5.49541E+01  9.85070E-18
5.75440E+01  1.10865E-17
6.02560E+01  2.14268E-17
6.30957E+01  4.82240E-17
6.60693E+01  3.05973E-17
6.91831E+01  2.11928E-17
7.24436E+01  1.68986E-17
7.58578E+01  1.05258E-17
7.94328E+01  1.01114E-17
8.31764E+01  1.09299E-17
8.70963E+01  1.34207E-17
9.12011E+01  3.21240E-17
9.54992E+01  3.08489E-17
1.00000E+02  3.21923E-17
1.04713E+02  4.02409E-17
1.09648E+02  2.81935E-17
1.14815E+02  2.50791E-17
1.20226E+02  2.49829E-17
1.25893E+02  2.76527E-17
1.31826E+02  3.33755E-17
1.38038E+02  4.43237E-17
1.44544E+02  4.64051E-17
1.51356E+02  4.60445E-17
1.58489E+02  4.95902E-17
1.65959E+02  5.26903E-17
1.73780E+02  5.72510E-17
1.81970E+02  6.31475E-17
1.90546E+02  7.06632E-17
1.99526E+02  8.06914E-17
2.08930E+02  9.40946E-17
2.18776E+02  1.12262E-16
2.29087E+02  1.36949E-16
2.39883E+02  1.69682E-16
2.51189E+02  2.11391E-16
2.63027E+02  2.60733E-16
2.75423E+02  3.15827E-16
2.88403E+02  3.73129E-16
3.01995E+02  4.29077E-16
3.16228E+02  4.82836E-16
3.31131E+02  5.33875E-16
3.46737E+02  5.82785E-16
3.63078E+02  6.30395E-16
3.80189E+02  6.77641E-16
3.98107E+02  7.24429E-16
4.16869E+02  7.70599E-16
4.36516E+02  8.15223E-16
4.57088E+02  8.56578E-16
4.78630E+02  8.95666E-16
5.01187E+02  9.31692E-16
5.24807E+02  9.60816E-16
5.49541E+02  9.84186E-16
5.75440E+02  1.00020E-15
6.02560E+02  1.01090E-15
6.30957E+02  1.01327E-15
6.60693E+02  1.00961E-15
6.91831E+02  9.96850E-16
7.24436E+02  9.77510E-16
7.58577E+02  9.53146E-16
7.94328E+02  9.24045E-16
8.31763E+02  8.88953E-16
8.70963E+02  8.51741E-16
9.12011E+02  8.11187E-16
9.54993E+02  7.70837E-16
1.00000E+03  7.29932E-16
1.04713E+03  6.92216E-16
1.09648E+03  6.56995E-16
1.14815E+03  6.16624E-16
1.20226E+03  5.61646E-16
1.25893E+03  5.06552E-16
1.31826E+03  4.56168E-16
1.38038E+03  4.10395E-16
1.44544E+03  3.68811E-16
1.51356E+03  3.30740E-16
1.58489E+03  2.95351E-16
1.65959E+03  2.63248E-16
1.73780E+03  2.33891E-16
1.81970E+03  2.06977E-16
1.90546E+03  1.82794E-16
1.99526E+03  1.60887E-16
2.08930E+03  1.40443E-16
2.18776E+03  1.21705E-16
2.29087E+03  1.05333E-16
2.39883E+03  9.10586E-17
2.51189E+03  7.85321E-17
2.63027E+03  6.78015E-17
2.75423E+03  5.84277E-17
2.88403E+03  5.03049E-17
3.01995E+03  4.32921E-17
3.16228E+03  3.72649E-17
3.31131E+03  3.20495E-17
3.46737E+03  2.75557E-17
3.63078E+03  2.37044E-17
3.80189E+03  2.03819E-17
3.98107E+03  1.75412E-17
4.16869E+03  1.50888E-17
4.36516E+03  1.29877E-17
4.57088E+03  1.11818E-17
4.78630E+03  9.63794E-18
5.01187E+03  8.31693E-18
5.24807E+03  7.16903E-18
5.49541E+03  6.20069E-18
5.75440E+03  5.36685E-18
6.02560E+03  4.65036E-18
6.30957E+03  4.03647E-18
6.60693E+03  3.50813E-18
6.91831E+03  3.05470E-18
7.24436E+03  2.66363E-18
7.58577E+03  2.32822E-18
7.94328E+03  2.04041E-18
8.31763E+03  1.79304E-18
8.70963E+03  1.58514E-18
9.12010E+03  1.40498E-18
9.54993E+03  1.25069E-18
