#column 1 : lambda in microns
#column 2 : snu_eff in Jy / Lsun (in the cosmo of Planck 2013 XXX)
1.00000E+00  1.99517E-25
1.04713E+00  6.25062E-25
1.09648E+00  1.95864E-24
1.14815E+00  6.13872E-24
1.20226E+00  1.92436E-23
1.25893E+00  6.03366E-23
1.31826E+00  1.89217E-22
1.38038E+00  5.93506E-22
1.44544E+00  1.86197E-21
1.51356E+00  5.84251E-21
1.58489E+00  1.83362E-20
1.65959E+00  5.75572E-20
1.73780E+00  1.80705E-19
1.81970E+00  5.67438E-19
1.90546E+00  1.88431E-18
1.99526E+00  2.99669E-18
2.08930E+00  1.72167E-18
2.18776E+00  1.94274E-18
2.29087E+00  3.20251E-18
2.39883E+00  4.04884E-18
2.51189E+00  3.29924E-18
2.63027E+00  2.97481E-18
2.75423E+00  2.98962E-18
2.88403E+00  3.16292E-18
3.01995E+00  3.42325E-18
3.16228E+00  3.71955E-18
3.31131E+00  3.97920E-18
3.46737E+00  3.96899E-18
3.63078E+00  4.29709E-18
3.80189E+00  5.24078E-18
3.98107E+00  5.97620E-18
4.16869E+00  6.66412E-18
4.36516E+00  7.37385E-18
4.57088E+00  8.14526E-18
4.78630E+00  8.99384E-18
5.01187E+00  9.97049E-18
5.24807E+00  1.12004E-17
5.49541E+00  1.30928E-17
5.75440E+00  1.80696E-17
6.02560E+00  8.33979E-17
6.30957E+00  5.92060E-17
6.60693E+00  2.29754E-17
6.91831E+00  2.07199E-17
7.24436E+00  2.15228E-17
7.58578E+00  2.34196E-17
7.94328E+00  2.61525E-17
8.31764E+00  2.98635E-17
8.70964E+00  3.50531E-17
9.12011E+00  4.33490E-17
9.54992E+00  6.65726E-17
1.00000E+01  9.85401E-17
1.04713E+01  1.64629E-16
1.09648E+01  2.02832E-16
1.14815E+01  1.10088E-15
1.20226E+01  4.53706E-16
1.25893E+01  4.81882E-16
1.31826E+01  5.96956E-16
1.38038E+01  1.33630E-15
1.44544E+01  2.31472E-15
1.51356E+01  1.17118E-15
1.58489E+01  1.14646E-15
1.65959E+01  6.25016E-16
1.73780E+01  4.47896E-16
1.81970E+01  4.35739E-16
1.90546E+01  4.78546E-16
1.99526E+01  6.38341E-16
2.08930E+01  2.82619E-15
2.18776E+01  1.31665E-15
2.29087E+01  1.45087E-15
2.39883E+01  1.43788E-15
2.51189E+01  1.24429E-15
2.63027E+01  1.07331E-15
2.75423E+01  1.01228E-15
2.88403E+01  1.12219E-15
3.01995E+01  1.42529E-15
3.16228E+01  1.80396E-15
3.31131E+01  1.71198E-15
3.46737E+01  1.69405E-15
3.63078E+01  1.76056E-15
3.80189E+01  1.85155E-15
3.98107E+01  1.98360E-15
4.16869E+01  2.15391E-15
4.36516E+01  2.37100E-15
4.57088E+01  2.65199E-15
4.78630E+01  3.01087E-15
5.01187E+01  3.47358E-15
5.24807E+01  4.05947E-15
5.49541E+01  4.77323E-15
5.75440E+01  5.61604E-15
6.02560E+01  6.56013E-15
6.30957E+01  7.56995E-15
6.60693E+01  8.62127E-15
6.91831E+01  9.71292E-15
7.24436E+01  1.08535E-14
7.58578E+01  1.20680E-14
7.94328E+01  1.33971E-14
8.31764E+01  1.48601E-14
8.70963E+01  1.64794E-14
9.12011E+01  1.82776E-14
9.54992E+01  2.02469E-14
1.00000E+02  2.23744E-14
1.04713E+02  2.46513E-14
1.09648E+02  2.70500E-14
1.14815E+02  2.95334E-14
1.20226E+02  3.20559E-14
1.25893E+02  3.45750E-14
1.31826E+02  3.70327E-14
1.38038E+02  3.93963E-14
1.44544E+02  4.15779E-14
1.51356E+02  4.35427E-14
1.58489E+02  4.52675E-14
1.65959E+02  4.67150E-14
1.73780E+02  4.78596E-14
1.81970E+02  4.86731E-14
1.90546E+02  4.91593E-14
1.99526E+02  4.93160E-14
2.08930E+02  4.92150E-14
2.18776E+02  4.89498E-14
2.29087E+02  4.85619E-14
2.39883E+02  4.82010E-14
2.51189E+02  4.78115E-14
2.63027E+02  4.64380E-14
2.75423E+02  4.36834E-14
2.88403E+02  4.07423E-14
3.01995E+02  3.79381E-14
3.16228E+02  3.52798E-14
3.31131E+02  3.27076E-14
3.46737E+02  3.02326E-14
3.63078E+02  2.78032E-14
3.80189E+02  2.54564E-14
3.98107E+02  2.32222E-14
4.16869E+02  2.10833E-14
4.36516E+02  1.90719E-14
4.57088E+02  1.71587E-14
4.78630E+02  1.52902E-14
5.01187E+02  1.35256E-14
5.24807E+02  1.19381E-14
5.49541E+02  1.05254E-14
5.75440E+02  9.25182E-15
6.02560E+02  8.11514E-15
6.30957E+02  7.10658E-15
6.60693E+02  6.21424E-15
6.91831E+02  5.42386E-15
7.24436E+02  4.72822E-15
7.58577E+02  4.11838E-15
7.94328E+02  3.58193E-15
8.31763E+02  3.11405E-15
8.70963E+02  2.70583E-15
9.12011E+02  2.34812E-15
9.54993E+02  2.03738E-15
1.00000E+03  1.76682E-15
1.04713E+03  1.53164E-15
1.09648E+03  1.32734E-15
1.14815E+03  1.15024E-15
1.20226E+03  9.96676E-16
1.25893E+03  8.64140E-16
1.31826E+03  7.48895E-16
1.38038E+03  6.48999E-16
1.44544E+03  5.62676E-16
1.51356E+03  4.87749E-16
1.58489E+03  4.22676E-16
1.65959E+03  3.66304E-16
1.73780E+03  3.17435E-16
1.81970E+03  2.75110E-16
1.90546E+03  2.38920E-16
1.99526E+03  2.07368E-16
2.08930E+03  1.80349E-16
2.18776E+03  1.56903E-16
2.29087E+03  1.37143E-16
2.39883E+03  1.19792E-16
2.51189E+03  1.05102E-16
2.63027E+03  9.24236E-17
2.75423E+03  8.15634E-17
2.88403E+03  7.23151E-17
3.01995E+03  6.43168E-17
3.16228E+03  5.75323E-17
3.31131E+03  5.17263E-17
3.46737E+03  4.68196E-17
3.63078E+03  4.25824E-17
3.80189E+03  3.89788E-17
3.98107E+03  3.59357E-17
4.16869E+03  3.33434E-17
4.36516E+03  3.11585E-17
4.57088E+03  2.93174E-17
4.78630E+03  2.77768E-17
5.01187E+03  2.64857E-17
5.24807E+03  2.54138E-17
5.49541E+03  2.45399E-17
5.75440E+03  2.38209E-17
6.02560E+03  2.32431E-17
6.30957E+03  2.27898E-17
6.60693E+03  2.24456E-17
6.91831E+03  2.21931E-17
7.24436E+03  2.20238E-17
7.58577E+03  2.19268E-17
7.94328E+03  2.18917E-17
8.31763E+03  2.19138E-17
8.70963E+03  2.19871E-17
9.12010E+03  2.21043E-17
9.54993E+03  2.22627E-17
