#column 1 : lambda in microns
#column 2 : snu_eff in Jy / Lsun (in the cosmo of Planck 2013 XXX)
1.00000E+00  2.81885E-41
1.04713E+00  8.64433E-41
1.09648E+00  2.65587E-40
1.14815E+00  8.17485E-40
1.20226E+00  2.52100E-39
1.25893E+00  7.78890E-39
1.31826E+00  2.41093E-38
1.38038E+00  7.47625E-38
1.44544E+00  2.32254E-37
1.51356E+00  7.22777E-37
1.58489E+00  2.25315E-36
1.65959E+00  7.03559E-36
1.73780E+00  2.20046E-35
1.81970E+00  6.89295E-35
1.90546E+00  2.16247E-34
1.99526E+00  6.79394E-34
2.08930E+00  2.13744E-33
2.18776E+00  6.73354E-33
2.29087E+00  2.12392E-32
2.39883E+00  6.70740E-32
2.51189E+00  2.12061E-31
2.63027E+00  6.71174E-31
2.75423E+00  2.12643E-30
2.88403E+00  6.74339E-30
3.01995E+00  2.14041E-29
3.16228E+00  6.79958E-29
3.31131E+00  2.16177E-28
3.46737E+00  6.87790E-28
3.63078E+00  2.18981E-27
3.80189E+00  6.97641E-27
3.98107E+00  2.22393E-26
4.16869E+00  7.09336E-26
4.36516E+00  2.26364E-25
4.57088E+00  7.22725E-25
4.78630E+00  2.30853E-24
5.01187E+00  7.37694E-24
5.24807E+00  2.35821E-23
5.49541E+00  7.54131E-23
5.75440E+00  2.41242E-22
6.02560E+00  7.71953E-22
6.30957E+00  2.47088E-21
6.60693E+00  7.91091E-21
6.91831E+00  2.53340E-20
7.24436E+00  9.14240E-20
7.58578E+00  5.15287E-20
7.94328E+00  4.32208E-20
8.31764E+00  6.14503E-20
8.70964E+00  1.01164E-19
9.12011E+00  9.30031E-20
9.54992E+00  7.76520E-20
1.00000E+01  7.44065E-20
1.04713E+01  7.69638E-20
1.09648E+01  8.25282E-20
1.14815E+01  8.95926E-20
1.20226E+01  9.70221E-20
1.25893E+01  1.01149E-19
1.31826E+01  9.88281E-20
1.38038E+01  1.20374E-19
1.44544E+01  1.41560E-19
1.51356E+01  1.59205E-19
1.58489E+01  1.76678E-19
1.65959E+01  1.95470E-19
1.73780E+01  2.16122E-19
1.81970E+01  2.39586E-19
1.90546E+01  2.67446E-19
1.99526E+01  3.05620E-19
2.08930E+01  3.78000E-19
2.18776E+01  6.96950E-19
2.29087E+01  1.61356E-17
2.39883E+01  7.48595E-19
2.51189E+01  5.53339E-19
2.63027E+01  5.55471E-19
2.75423E+01  6.02362E-19
2.88403E+01  6.75548E-19
3.01995E+01  7.75314E-19
3.16228E+01  9.12173E-19
3.31131E+01  1.10757E-18
3.46737E+01  1.45485E-18
3.63078E+01  3.12102E-18
3.80189E+01  2.91349E-18
3.98107E+01  5.84431E-18
4.16869E+01  9.51842E-18
4.36516E+01  2.47425E-17
4.57088E+01  1.24429E-17
4.78630E+01  1.37647E-17
5.01187E+01  2.32163E-17
5.24807E+01  6.24345E-17
5.49541E+01  5.28111E-17
5.75440E+01  2.73605E-17
6.02560E+01  3.00198E-17
6.30957E+01  1.47339E-17
6.60693E+01  1.34706E-17
6.91831E+01  1.41834E-17
7.24436E+01  1.66738E-17
7.58578E+01  2.82363E-17
7.94328E+01  5.40481E-17
8.31764E+01  4.51968E-17
8.70963E+01  5.82783E-17
9.12011E+01  3.60808E-17
9.54992E+01  3.39852E-17
1.00000E+02  3.33843E-17
1.04713E+02  3.58184E-17
1.09648E+02  4.22938E-17
1.14815E+02  5.81308E-17
1.20226E+02  6.64027E-17
1.25893E+02  6.08404E-17
1.31826E+02  6.65460E-17
1.38038E+02  6.92435E-17
1.44544E+02  7.49383E-17
1.51356E+02  8.22797E-17
1.58489E+02  9.15721E-17
1.65959E+02  1.04107E-16
1.73780E+02  1.20835E-16
1.81970E+02  1.43388E-16
1.90546E+02  1.74084E-16
1.99526E+02  2.14984E-16
2.08930E+02  2.67818E-16
2.18776E+02  3.31778E-16
2.29087E+02  4.03835E-16
2.39883E+02  4.79992E-16
2.51189E+02  5.55515E-16
2.63027E+02  6.28089E-16
2.75423E+02  6.97187E-16
2.88403E+02  7.63234E-16
3.01995E+02  8.27200E-16
3.16228E+02  8.90762E-16
3.31131E+02  9.53375E-16
3.46737E+02  1.01515E-15
3.63078E+02  1.07537E-15
3.80189E+02  1.13326E-15
3.98107E+02  1.18577E-15
4.16869E+02  1.23272E-15
4.36516E+02  1.27662E-15
4.57088E+02  1.30886E-15
4.78630E+02  1.33435E-15
5.01187E+02  1.35166E-15
5.24807E+02  1.35632E-15
5.49541E+02  1.35001E-15
5.75440E+02  1.33748E-15
6.02560E+02  1.31412E-15
6.30957E+02  1.28483E-15
6.60693E+02  1.24483E-15
6.91831E+02  1.20142E-15
7.24436E+02  1.15192E-15
7.58577E+02  1.09767E-15
7.94328E+02  1.04299E-15
8.31763E+02  9.89360E-16
8.70963E+02  9.36968E-16
9.12011E+02  8.89907E-16
9.54993E+02  8.38533E-16
1.00000E+03  7.70074E-16
1.04713E+03  6.94733E-16
1.09648E+03  6.26089E-16
1.14815E+03  5.64037E-16
1.20226E+03  5.06847E-16
1.25893E+03  4.54634E-16
1.31826E+03  4.06122E-16
1.38038E+03  3.62298E-16
1.44544E+03  3.21981E-16
1.51356E+03  2.85501E-16
1.58489E+03  2.52377E-16
1.65959E+03  2.22297E-16
1.73780E+03  1.94466E-16
1.81970E+03  1.68609E-16
1.90546E+03  1.45937E-16
1.99526E+03  1.26254E-16
2.08930E+03  1.09112E-16
2.18776E+03  9.40944E-17
2.29087E+03  8.10716E-17
2.39883E+03  6.97515E-17
2.51189E+03  6.01309E-17
2.63027E+03  5.17452E-17
2.75423E+03  4.44888E-17
2.88403E+03  3.82785E-17
3.01995E+03  3.29186E-17
3.16228E+03  2.83125E-17
3.31131E+03  2.43581E-17
3.46737E+03  2.09434E-17
3.63078E+03  1.80237E-17
3.80189E+03  1.55132E-17
3.98107E+03  1.33685E-17
4.16869E+03  1.15282E-17
4.36516E+03  9.95088E-18
4.57088E+03  8.59520E-18
4.78630E+03  7.43802E-18
5.01187E+03  6.44899E-18
5.24807E+03  5.59194E-18
5.49541E+03  4.85666E-18
5.75440E+03  4.22824E-18
6.02560E+03  3.68593E-18
6.30957E+03  3.21845E-18
6.60693E+03  2.81841E-18
6.91831E+03  2.47711E-18
7.24436E+03  2.18373E-18
7.58577E+03  1.93283E-18
7.94328E+03  1.72033E-18
8.31763E+03  1.53791E-18
8.70963E+03  1.38542E-18
9.12010E+03  1.25188E-18
9.54993E+03  1.14114E-18
