#column 1 : lambda in microns
#column 2 : snu_eff in Jy / Lsun (in the cosmo of Planck 2013 XXX)
1.00000E+00  1.13293E-34
1.04713E+00  3.57880E-34
1.09648E+00  1.13164E-33
1.14815E+00  3.58174E-33
1.20226E+00  1.13468E-32
1.25893E+00  3.59771E-32
1.31826E+00  1.14164E-31
1.38038E+00  3.62550E-31
1.44544E+00  1.15218E-30
1.51356E+00  3.66409E-30
1.58489E+00  1.16598E-29
1.65959E+00  3.71263E-29
1.73780E+00  1.18282E-28
1.81970E+00  3.77037E-28
1.90546E+00  1.20245E-27
1.99526E+00  3.83668E-27
2.08930E+00  1.22471E-26
2.18776E+00  3.91102E-26
2.29087E+00  1.24944E-25
2.39883E+00  3.99299E-25
2.51189E+00  1.27652E-24
2.63027E+00  4.08219E-24
2.75423E+00  1.30584E-23
2.88403E+00  4.17834E-23
3.01995E+00  1.33731E-22
3.16228E+00  4.28122E-22
3.31131E+00  1.37088E-21
3.46737E+00  4.39060E-21
3.63078E+00  1.40649E-20
3.80189E+00  4.50639E-20
3.98107E+00  1.52619E-19
4.16869E+00  2.43576E-19
4.36516E+00  1.38578E-19
4.57088E+00  1.56323E-19
4.78630E+00  2.59227E-19
5.01187E+00  3.28209E-19
5.24807E+00  2.66180E-19
5.49541E+00  2.39031E-19
5.75440E+00  2.39677E-19
6.02560E+00  2.53306E-19
6.30957E+00  2.74034E-19
6.60693E+00  2.97649E-19
6.91831E+00  3.18188E-19
7.24436E+00  3.16633E-19
7.58578E+00  3.42881E-19
7.94328E+00  4.19432E-19
8.31764E+00  4.78964E-19
8.70964E+00  5.34495E-19
9.12011E+00  5.91996E-19
9.54992E+00  6.54558E-19
1.00000E+01  7.23674E-19
1.04713E+01  8.03397E-19
1.09648E+01  9.04243E-19
1.14815E+01  1.06005E-18
1.20226E+01  1.46989E-18
1.25893E+01  6.83805E-18
1.31826E+01  4.85543E-18
1.38038E+01  1.88587E-18
1.44544E+01  1.70964E-18
1.51356E+01  1.78939E-18
1.58489E+01  1.96407E-18
1.65959E+01  2.21511E-18
1.73780E+01  2.55436E-18
1.81970E+01  3.02629E-18
1.90546E+01  3.76660E-18
1.99526E+01  5.75798E-18
2.08930E+01  8.49039E-18
2.18776E+01  1.40829E-17
2.29087E+01  1.73835E-17
2.39883E+01  9.23974E-17
2.51189E+01  3.86613E-17
2.63027E+01  4.12564E-17
2.75423E+01  5.11870E-17
2.88403E+01  1.13803E-16
3.01995E+01  1.96995E-16
3.16228E+01  1.00703E-16
3.31131E+01  9.88170E-17
3.46737E+01  5.48962E-17
3.63078E+01  4.01124E-17
3.80189E+01  3.95606E-17
3.98107E+01  4.37535E-17
4.16869E+01  5.79253E-17
4.36516E+01  2.44951E-16
4.57088E+01  1.17423E-16
4.78630E+01  1.30128E-16
5.01187E+01  1.30423E-16
5.24807E+01  1.15019E-16
5.49541E+01  1.01501E-16
5.75440E+01  9.77980E-17
6.02560E+01  1.09875E-16
6.30957E+01  1.40476E-16
6.60693E+01  1.79222E-16
6.91831E+01  1.74100E-16
7.24436E+01  1.75724E-16
7.58578E+01  1.85412E-16
7.94328E+01  1.97605E-16
8.31764E+01  2.14402E-16
8.70963E+01  2.35904E-16
9.12011E+01  2.63623E-16
9.54992E+01  3.00248E-16
1.00000E+02  3.48735E-16
1.04713E+02  4.14220E-16
1.09648E+02  5.01919E-16
1.14815E+02  6.15421E-16
1.20226E+02  7.57702E-16
1.25893E+02  9.25043E-16
1.31826E+02  1.10958E-15
1.38038E+02  1.30279E-15
1.44544E+02  1.49832E-15
1.51356E+02  1.69315E-15
1.58489E+02  1.88757E-15
1.65959E+02  2.08515E-15
1.73780E+02  2.28687E-15
1.81970E+02  2.49483E-15
1.90546E+02  2.71017E-15
1.99526E+02  2.92948E-15
2.08930E+02  3.14938E-15
2.18776E+02  3.36805E-15
2.29087E+02  3.58029E-15
2.39883E+02  3.78278E-15
2.51189E+02  3.96704E-15
2.63027E+02  4.12975E-15
2.75423E+02  4.26643E-15
2.88403E+02  4.37822E-15
3.01995E+02  4.45428E-15
3.16228E+02  4.50110E-15
3.31131E+02  4.51121E-15
3.46737E+02  4.49169E-15
3.63078E+02  4.44093E-15
3.80189E+02  4.36170E-15
3.98107E+02  4.25496E-15
4.16869E+02  4.12550E-15
4.36516E+02  3.98039E-15
4.57088E+02  3.82902E-15
4.78630E+02  3.67825E-15
5.01187E+02  3.53071E-15
5.24807E+02  3.39180E-15
5.49541E+02  3.19757E-15
5.75440E+02  2.92800E-15
6.02560E+02  2.66498E-15
6.30957E+02  2.42098E-15
6.60693E+02  2.19824E-15
6.91831E+02  1.99107E-15
7.24436E+02  1.79971E-15
7.58577E+02  1.61945E-15
7.94328E+02  1.45200E-15
8.31763E+02  1.29846E-15
8.70963E+02  1.15642E-15
9.12011E+02  1.02722E-15
9.54993E+02  9.08238E-16
1.00000E+03  7.95730E-16
1.04713E+03  6.92932E-16
1.09648E+03  6.02184E-16
1.14815E+03  5.23481E-16
1.20226E+03  4.53806E-16
1.25893E+03  3.93247E-16
1.31826E+03  3.40156E-16
1.38038E+03  2.94058E-16
1.44544E+03  2.53916E-16
1.51356E+03  2.19143E-16
1.58489E+03  1.89087E-16
1.65959E+03  1.63003E-16
1.73780E+03  1.40548E-16
1.81970E+03  1.21198E-16
1.90546E+03  1.04438E-16
1.99526E+03  9.00179E-17
2.08930E+03  7.76288E-17
2.18776E+03  6.69319E-17
2.29087E+03  5.77407E-17
2.39883E+03  4.98366E-17
2.51189E+03  4.30373E-17
2.63027E+03  3.72190E-17
2.75423E+03  3.21975E-17
2.88403E+03  2.78707E-17
3.01995E+03  2.41599E-17
3.16228E+03  2.09624E-17
3.31131E+03  1.82025E-17
3.46737E+03  1.58284E-17
3.63078E+03  1.37813E-17
3.80189E+03  1.20194E-17
3.98107E+03  1.05188E-17
4.16869E+03  9.22171E-18
4.36516E+03  8.11386E-18
4.57088E+03  7.16232E-18
4.78630E+03  6.36181E-18
5.01187E+03  5.66527E-18
5.24807E+03  5.07935E-18
5.49541E+03  4.57633E-18
5.75440E+03  4.14966E-18
6.02560E+03  3.78936E-18
6.30957E+03  3.48048E-18
6.60693E+03  3.22155E-18
6.91831E+03  3.00283E-18
7.24436E+03  2.82046E-18
7.58577E+03  2.66599E-18
7.94328E+03  2.53719E-18
8.31763E+03  2.43150E-18
8.70963E+03  2.34390E-18
9.12010E+03  2.27297E-18
9.54993E+03  2.21615E-18
