#column 1 : lambda in microns
#column 2 : snu_eff in Jy / Lsun (in the cosmo of Planck 2013 XXX)
1.00000E+00  1.26571E-40
1.04713E+00  3.89045E-40
1.09648E+00  1.19806E-39
1.14815E+00  3.69636E-39
1.20226E+00  1.14256E-38
1.25893E+00  3.53824E-38
1.31826E+00  1.09770E-37
1.38038E+00  3.41156E-37
1.44544E+00  1.06214E-36
1.51356E+00  3.31247E-36
1.58489E+00  1.03476E-35
1.65959E+00  3.23762E-35
1.73780E+00  1.01457E-34
1.81970E+00  3.18409E-34
1.90546E+00  1.00072E-33
1.99526E+00  3.14942E-33
2.08930E+00  9.92473E-33
2.18776E+00  3.13145E-32
2.29087E+00  9.89206E-32
2.39883E+00  3.12833E-31
2.51189E+00  9.90375E-31
2.63027E+00  3.13848E-30
2.75423E+00  9.95518E-30
2.88403E+00  3.16054E-29
3.01995E+00  1.00423E-28
3.16228E+00  3.19333E-28
3.31131E+00  1.01617E-27
3.46737E+00  3.23584E-27
3.63078E+00  1.03106E-26
3.80189E+00  3.28725E-26
3.98107E+00  1.04863E-25
4.16869E+00  3.34682E-25
4.36516E+00  1.06868E-24
4.57088E+00  3.41392E-24
4.78630E+00  1.09104E-23
5.01187E+00  3.48809E-23
5.24807E+00  1.11554E-22
5.49541E+00  3.56884E-22
5.75440E+00  1.14208E-21
6.02560E+00  3.65583E-21
6.30957E+00  1.17054E-20
6.60693E+00  3.76689E-20
6.91831E+00  1.01224E-19
7.24436E+00  5.13031E-20
7.58578E+00  5.01606E-20
7.94328E+00  7.82856E-20
8.31764E+00  1.15587E-19
8.70964E+00  9.71255E-20
9.12011E+00  8.41213E-20
9.54992E+00  8.25855E-20
1.00000E+01  8.64549E-20
1.04713E+01  9.31602E-20
1.09648E+01  1.01234E-19
1.14815E+01  1.08980E-19
1.20226E+01  1.11298E-19
1.25893E+01  1.12944E-19
1.31826E+01  1.39683E-19
1.38038E+01  1.61357E-19
1.44544E+01  1.80899E-19
1.51356E+01  2.00608E-19
1.58489E+01  2.21728E-19
1.65959E+01  2.45157E-19
1.73780E+01  2.72165E-19
1.81970E+01  3.04748E-19
1.90546E+01  3.52250E-19
1.99526E+01  4.56330E-19
2.08930E+01  1.15625E-18
2.18776E+01  3.95482E-18
2.29087E+01  7.20399E-19
2.39883E+01  6.05091E-19
2.51189E+01  6.24202E-19
2.63027E+01  6.83991E-19
2.75423E+01  7.72145E-19
2.88403E+01  8.91118E-19
3.01995E+01  1.05497E-18
3.16228E+01  1.29645E-18
3.31131E+01  1.79793E-18
3.46737E+01  3.47929E-18
3.63078E+01  3.85519E-18
3.80189E+01  5.93336E-18
3.98107E+01  1.77394E-17
4.16869E+01  1.74256E-17
4.36516E+01  1.45709E-17
4.57088E+01  1.63988E-17
4.78630E+01  3.16939E-17
5.01187E+01  7.13316E-17
5.24807E+01  4.52591E-17
5.49541E+01  3.13479E-17
5.75440E+01  2.49959E-17
6.02560E+01  1.55695E-17
6.30957E+01  1.49565E-17
6.60693E+01  1.61672E-17
6.91831E+01  1.98515E-17
7.24436E+01  4.75169E-17
7.58578E+01  4.56308E-17
7.94328E+01  4.76179E-17
8.31764E+01  5.95233E-17
8.70963E+01  4.17030E-17
9.12011E+01  3.70963E-17
9.54992E+01  3.69539E-17
1.00000E+02  4.09032E-17
1.04713E+02  4.93681E-17
1.09648E+02  6.55625E-17
1.14815E+02  6.86411E-17
1.20226E+02  6.81076E-17
1.25893E+02  7.33524E-17
1.31826E+02  7.79380E-17
1.38038E+02  8.46840E-17
1.44544E+02  9.34061E-17
1.51356E+02  1.04523E-16
1.58489E+02  1.19356E-16
1.65959E+02  1.39182E-16
1.73780E+02  1.66055E-16
1.81970E+02  2.02571E-16
1.90546E+02  2.50990E-16
1.99526E+02  3.12685E-16
2.08930E+02  3.85668E-16
2.18776E+02  4.67163E-16
2.29087E+02  5.51921E-16
2.39883E+02  6.34677E-16
2.51189E+02  7.14197E-16
2.63027E+02  7.89692E-16
2.75423E+02  8.62040E-16
2.88403E+02  9.32463E-16
3.01995E+02  1.00235E-15
3.16228E+02  1.07156E-15
3.31131E+02  1.13985E-15
3.46737E+02  1.20586E-15
3.63078E+02  1.26703E-15
3.80189E+02  1.32484E-15
3.98107E+02  1.37813E-15
4.16869E+02  1.42121E-15
4.36516E+02  1.45578E-15
4.57088E+02  1.47946E-15
4.78630E+02  1.49530E-15
5.01187E+02  1.49881E-15
5.24807E+02  1.49338E-15
5.49541E+02  1.47451E-15
5.75440E+02  1.44591E-15
6.02560E+02  1.40987E-15
6.30957E+02  1.36682E-15
6.60693E+02  1.31491E-15
6.91831E+02  1.25987E-15
7.24436E+02  1.19989E-15
7.58577E+02  1.14020E-15
7.94328E+02  1.07970E-15
8.31763E+02  1.02391E-15
8.70963E+02  9.71810E-16
9.12011E+02  9.12093E-16
9.54993E+02  8.30770E-16
1.00000E+03  7.49277E-16
1.04713E+03  6.74751E-16
1.09648E+03  6.07044E-16
1.14815E+03  5.45535E-16
1.20226E+03  4.89222E-16
1.25893E+03  4.36875E-16
1.31826E+03  3.89390E-16
1.38038E+03  3.45966E-16
1.44544E+03  3.06154E-16
1.51356E+03  2.70384E-16
1.58489E+03  2.37979E-16
1.65959E+03  2.07739E-16
1.73780E+03  1.80023E-16
1.81970E+03  1.55806E-16
1.90546E+03  1.34691E-16
1.99526E+03  1.16162E-16
2.08930E+03  1.00290E-16
2.18776E+03  8.64245E-17
2.29087E+03  7.44098E-17
2.39883E+03  6.40365E-17
2.51189E+03  5.51212E-17
2.63027E+03  4.74068E-17
2.75423E+03  4.07596E-17
2.88403E+03  3.50628E-17
3.01995E+03  3.01485E-17
3.16228E+03  2.59464E-17
3.31131E+03  2.23189E-17
3.46737E+03  1.92110E-17
3.63078E+03  1.65398E-17
3.80189E+03  1.42562E-17
3.98107E+03  1.23022E-17
4.16869E+03  1.06042E-17
4.36516E+03  9.17191E-18
4.57088E+03  7.93852E-18
4.78630E+03  6.87870E-18
5.01187E+03  5.97063E-18
5.24807E+03  5.18912E-18
5.49541E+03  4.51841E-18
5.75440E+03  3.93997E-18
6.02560E+03  3.44383E-18
6.30957E+03  3.01811E-18
6.60693E+03  2.65222E-18
6.91831E+03  2.34469E-18
7.24436E+03  2.07820E-18
7.58577E+03  1.84999E-18
7.94328E+03  1.65542E-18
8.31763E+03  1.49286E-18
8.70963E+03  1.35324E-18
9.12010E+03  1.23577E-18
9.54993E+03  1.13560E-18
