#column 1 : lambda in microns
#column 2 : snu_eff in Jy / Lsun (in the cosmo of Planck 2013 XXX)
1.00000E+00  3.94745E-33
1.04713E+00  1.24745E-32
1.09648E+00  3.94532E-32
1.14815E+00  1.24876E-31
1.20226E+00  3.95545E-31
1.25893E+00  1.25377E-30
1.31826E+00  3.97679E-30
1.38038E+00  1.26219E-29
1.44544E+00  4.00845E-29
1.51356E+00  1.27373E-28
1.58489E+00  4.04964E-28
1.65959E+00  1.28819E-27
1.73780E+00  4.09974E-27
1.81970E+00  1.30537E-26
1.90546E+00  4.15817E-26
1.99526E+00  1.32511E-25
2.08930E+00  4.22448E-25
2.18776E+00  1.34728E-24
2.29087E+00  4.29830E-24
2.39883E+00  1.37177E-23
2.51189E+00  4.37930E-23
2.63027E+00  1.39849E-22
2.75423E+00  4.46726E-22
2.88403E+00  1.42738E-21
3.01995E+00  4.56195E-21
3.16228E+00  1.45837E-20
3.31131E+00  4.66324E-20
3.46737E+00  1.49858E-19
3.63078E+00  4.02484E-19
3.80189E+00  2.04138E-19
3.98107E+00  1.99728E-19
4.16869E+00  3.11445E-19
4.36516E+00  4.59787E-19
4.57088E+00  3.86431E-19
4.78630E+00  3.34880E-19
5.01187E+00  3.28918E-19
5.24807E+00  3.44337E-19
5.49541E+00  3.71006E-19
5.75440E+00  4.03300E-19
6.02560E+00  4.34283E-19
6.30957E+00  4.43337E-19
6.60693E+00  4.50188E-19
6.91831E+00  5.56112E-19
7.24436E+00  6.42626E-19
7.58578E+00  7.19919E-19
7.94328E+00  7.98069E-19
8.31764E+00  8.82282E-19
8.70964E+00  9.75289E-19
9.12011E+00  1.08068E-18
9.54992E+00  1.20979E-18
1.00000E+01  1.39645E-18
1.04713E+01  1.80629E-18
1.09648E+01  4.57590E-18
1.14815E+01  1.56511E-17
1.20226E+01  2.83320E-18
1.25893E+01  2.36449E-18
1.31826E+01  2.42291E-18
1.38038E+01  2.63473E-18
1.44544E+01  2.95084E-18
1.51356E+01  3.37869E-18
1.58489E+01  3.97054E-18
1.65959E+01  4.85341E-18
1.73780E+01  6.74034E-18
1.81970E+01  1.32439E-17
1.90546E+01  1.45826E-17
1.99526E+01  2.25709E-17
2.08930E+01  6.85131E-17
2.18776E+01  6.70313E-17
2.29087E+01  5.56432E-17
2.39883E+01  6.24475E-17
2.51189E+01  1.21419E-16
2.63027E+01  2.74245E-16
2.75423E+01  1.72780E-16
2.88403E+01  1.18631E-16
3.01995E+01  9.35387E-17
3.16228E+01  5.66003E-17
3.31131E+01  5.36210E-17
3.46737E+01  5.76771E-17
3.63078E+01  7.13422E-17
3.80189E+01  1.77864E-16
3.98107E+01  1.69688E-16
4.16869E+01  1.76425E-16
4.36516E+01  2.21038E-16
4.57088E+01  1.51521E-16
4.78630E+01  1.32691E-16
5.01187E+01  1.30518E-16
5.24807E+01  1.43287E-16
5.49541E+01  1.72187E-16
5.75440E+01  2.28966E-16
6.02560E+01  2.36714E-16
6.30957E+01  2.30986E-16
6.60693E+01  2.46552E-16
6.91831E+01  2.60203E-16
7.24436E+01  2.80922E-16
7.58578E+01  3.07757E-16
7.94328E+01  3.41534E-16
8.31764E+01  3.86165E-16
8.70963E+01  4.44531E-16
9.12011E+01  5.21931E-16
9.54992E+01  6.24817E-16
1.00000E+02  7.58104E-16
1.04713E+02  9.25033E-16
1.09648E+02  1.12175E-15
1.14815E+02  1.34229E-15
1.20226E+02  1.57649E-15
1.25893E+02  1.81586E-15
1.31826E+02  2.05727E-15
1.38038E+02  2.30202E-15
1.44544E+02  2.55330E-15
1.51356E+02  2.81352E-15
1.58489E+02  3.08708E-15
1.65959E+02  3.37280E-15
1.73780E+02  3.67110E-15
1.81970E+02  3.97595E-15
1.90546E+02  4.28397E-15
1.99526E+02  4.59055E-15
2.08930E+02  4.89056E-15
2.18776E+02  5.17220E-15
2.29087E+02  5.43208E-15
2.39883E+02  5.66267E-15
2.51189E+02  5.86040E-15
2.63027E+02  6.01817E-15
2.75423E+02  6.13246E-15
2.88403E+02  6.19988E-15
3.01995E+02  6.22462E-15
3.16228E+02  6.20526E-15
3.31131E+02  6.14289E-15
3.46737E+02  6.04025E-15
3.63078E+02  5.90209E-15
3.80189E+02  5.73628E-15
3.98107E+02  5.55548E-15
4.16869E+02  5.36519E-15
4.36516E+02  5.18292E-15
4.57088E+02  5.00863E-15
4.78630E+02  4.78271E-15
5.01187E+02  4.42605E-15
5.24807E+02  4.04754E-15
5.49541E+02  3.69482E-15
5.75440E+02  3.36880E-15
6.02560E+02  3.06643E-15
6.30957E+02  2.78376E-15
6.60693E+02  2.51575E-15
6.91831E+02  2.26737E-15
7.24436E+02  2.03606E-15
7.58577E+02  1.82064E-15
7.94328E+02  1.62336E-15
8.31763E+02  1.44208E-15
8.70963E+02  1.27016E-15
9.12011E+02  1.11018E-15
9.54993E+02  9.68035E-16
1.00000E+03  8.43336E-16
1.04713E+03  7.33083E-16
1.09648E+03  6.36737E-16
1.14815E+03  5.52078E-16
1.20226E+03  4.78093E-16
1.25893E+03  4.13695E-16
1.31826E+03  3.57848E-16
1.38038E+03  3.09240E-16
1.44544E+03  2.67066E-16
1.51356E+03  2.30681E-16
1.58489E+03  1.99075E-16
1.65959E+03  1.71833E-16
1.73780E+03  1.48222E-16
1.81970E+03  1.27922E-16
1.90546E+03  1.10360E-16
1.99526E+03  9.52681E-17
2.08930E+03  8.22633E-17
2.18776E+03  7.10579E-17
2.29087E+03  6.14292E-17
2.39883E+03  5.31496E-17
2.51189E+03  4.59940E-17
2.63027E+03  3.98528E-17
2.75423E+03  3.45524E-17
2.88403E+03  2.99759E-17
3.01995E+03  2.60227E-17
3.16228E+03  2.26169E-17
3.31131E+03  1.96865E-17
3.46737E+03  1.71672E-17
3.63078E+03  1.50259E-17
3.80189E+03  1.31746E-17
3.98107E+03  1.15790E-17
4.16869E+03  1.02151E-17
4.36516E+03  9.06268E-18
4.57088E+03  8.06214E-18
4.78630E+03  7.21804E-18
5.01187E+03  6.49755E-18
5.24807E+03  5.88639E-18
5.49541E+03  5.36298E-18
5.75440E+03  4.91784E-18
6.02560E+03  4.54343E-18
6.30957E+03  4.22798E-18
6.60693E+03  3.95924E-18
6.91831E+03  3.73553E-18
7.24436E+03  3.54842E-18
7.58577E+03  3.39198E-18
7.94328E+03  3.26343E-18
8.31763E+03  3.15851E-18
8.70963E+03  3.07365E-18
9.12010E+03  3.00641E-18
9.54993E+03  2.95420E-18
