#column 1 : lambda in microns
#column 2 : snu_eff in Jy / Lsun (in the cosmo of Planck 2013 XXX)
1.00000E+00  1.70363E-35
1.04713E+00  5.37407E-35
1.09648E+00  1.69711E-34
1.14815E+00  5.36500E-34
1.20226E+00  1.69772E-33
1.25893E+00  5.37740E-33
1.31826E+00  1.70478E-32
1.38038E+00  5.40921E-32
1.44544E+00  1.71770E-31
1.51356E+00  5.45867E-31
1.58489E+00  1.73594E-30
1.65959E+00  5.52429E-30
1.73780E+00  1.75910E-29
1.81970E+00  5.60478E-29
1.90546E+00  1.78677E-28
1.99526E+00  5.69907E-28
2.08930E+00  1.81865E-27
2.18776E+00  5.80622E-27
2.29087E+00  1.85448E-26
2.39883E+00  5.92547E-26
2.51189E+00  1.89402E-25
2.63027E+00  6.05615E-25
2.75423E+00  1.93710E-24
2.88403E+00  6.19777E-24
3.01995E+00  1.98355E-23
3.16228E+00  6.34987E-23
3.31131E+00  2.03326E-22
3.46737E+00  6.51208E-22
3.63078E+00  2.08614E-21
3.80189E+00  6.68420E-21
3.98107E+00  2.14209E-20
4.16869E+00  6.86599E-20
4.36516E+00  2.47803E-19
4.57088E+00  1.39713E-19
4.78630E+00  1.17201E-19
5.01187E+00  1.66620E-19
5.24807E+00  2.74422E-19
5.49541E+00  2.52204E-19
5.75440E+00  2.10541E-19
6.02560E+00  2.01741E-19
6.30957E+00  2.08691E-19
6.60693E+00  2.23771E-19
6.91831E+00  2.42928E-19
7.24436E+00  2.62997E-19
7.58578E+00  2.74171E-19
7.94328E+00  2.67824E-19
8.31764E+00  3.26496E-19
8.70964E+00  3.83590E-19
9.12011E+00  4.31321E-19
9.54992E+00  4.78781E-19
1.00000E+01  5.29542E-19
1.04713E+01  5.85477E-19
1.09648E+01  6.48547E-19
1.14815E+01  7.23477E-19
1.20226E+01  8.25941E-19
1.25893E+01  1.02039E-18
1.31826E+01  1.88218E-18
1.38038E+01  4.36726E-17
1.44544E+01  2.01423E-18
1.51356E+01  1.47956E-18
1.58489E+01  1.47663E-18
1.65959E+01  1.59119E-18
1.73780E+01  1.77252E-18
1.81970E+01  2.02123E-18
1.90546E+01  2.36156E-18
1.99526E+01  2.85374E-18
2.08930E+01  3.74627E-18
2.18776E+01  8.17147E-18
2.29087E+01  7.54525E-18
2.39883E+01  1.53254E-17
2.51189E+01  2.50696E-17
2.63027E+01  6.56131E-17
2.75423E+01  3.26054E-17
2.88403E+01  3.59771E-17
3.01995E+01  6.09564E-17
3.16228E+01  1.64845E-16
3.31131E+01  1.38960E-16
3.46737E+01  7.12431E-17
3.63078E+01  7.80422E-17
3.80189E+01  3.71686E-17
3.98107E+01  3.34591E-17
4.16869E+01  3.50464E-17
4.36516E+01  4.13568E-17
4.57088E+01  7.18455E-17
4.78630E+01  1.39961E-16
5.01187E+01  1.16240E-16
5.24807E+01  1.50494E-16
5.49541E+01  9.11819E-17
5.75440E+01  8.51350E-17
6.02560E+01  8.28416E-17
6.30957E+01  8.81940E-17
6.60693E+01  1.03874E-16
6.91831E+01  1.43579E-16
7.24436E+01  1.63113E-16
7.58578E+01  1.46560E-16
7.94328E+01  1.59290E-16
8.31764E+01  1.64533E-16
8.70963E+01  1.77223E-16
9.12011E+01  1.93658E-16
9.54992E+01  2.14464E-16
1.00000E+02  2.42370E-16
1.04713E+02  2.79403E-16
1.09648E+02  3.29216E-16
1.14815E+02  3.96666E-16
1.20226E+02  4.86389E-16
1.25893E+02  6.02212E-16
1.31826E+02  7.43313E-16
1.38038E+02  9.04198E-16
1.44544E+02  1.07714E-15
1.51356E+02  1.25335E-15
1.58489E+02  1.42892E-15
1.65959E+02  1.60236E-15
1.73780E+02  1.77475E-15
1.81970E+02  1.94875E-15
1.90546E+02  2.12636E-15
1.99526E+02  2.30797E-15
2.08930E+02  2.49255E-15
2.18776E+02  2.67849E-15
2.29087E+02  2.86297E-15
2.39883E+02  3.04010E-15
2.51189E+02  3.20717E-15
2.63027E+02  3.36564E-15
2.75423E+02  3.50127E-15
2.88403E+02  3.61942E-15
3.01995E+02  3.71365E-15
3.16228E+02  3.77856E-15
3.31131E+02  3.81351E-15
3.46737E+02  3.82425E-15
3.63078E+02  3.80518E-15
3.80189E+02  3.76379E-15
3.98107E+02  3.69233E-15
4.16869E+02  3.60289E-15
4.36516E+02  3.49185E-15
4.57088E+02  3.36394E-15
4.78630E+02  3.23051E-15
5.01187E+02  3.09466E-15
5.24807E+02  2.96101E-15
5.49541E+02  2.83814E-15
5.75440E+02  2.70053E-15
6.02560E+02  2.49877E-15
6.30957E+02  2.27228E-15
6.60693E+02  2.06141E-15
6.91831E+02  1.86971E-15
7.24436E+02  1.69154E-15
7.58577E+02  1.52704E-15
7.94328E+02  1.37261E-15
8.31763E+02  1.23151E-15
8.70963E+02  1.10061E-15
9.12011E+02  9.81019E-16
9.54993E+02  8.71327E-16
1.00000E+03  7.71316E-16
1.04713E+03  6.77917E-16
1.09648E+03  5.90239E-16
1.14815E+03  5.12923E-16
1.20226E+03  4.45371E-16
1.25893E+03  3.86196E-16
1.31826E+03  3.34205E-16
1.38038E+03  2.88879E-16
1.44544E+03  2.49434E-16
1.51356E+03  2.15517E-16
1.58489E+03  1.85910E-16
1.65959E+03  1.60235E-16
1.73780E+03  1.38158E-16
1.81970E+03  1.19032E-16
1.90546E+03  1.02569E-16
1.99526E+03  8.83525E-17
2.08930E+03  7.61049E-17
2.18776E+03  6.55647E-17
2.29087E+03  5.64908E-17
2.39883E+03  4.87149E-17
2.51189E+03  4.20329E-17
2.63027E+03  3.62843E-17
2.75423E+03  3.13382E-17
2.88403E+03  2.71063E-17
3.01995E+03  2.34711E-17
3.16228E+03  2.03349E-17
3.31131E+03  1.76349E-17
3.46737E+03  1.53185E-17
3.63078E+03  1.33180E-17
3.80189E+03  1.15924E-17
3.98107E+03  1.01121E-17
4.16869E+03  8.84352E-18
4.36516E+03  7.75382E-18
4.57088E+03  6.81838E-18
4.78630E+03  6.02657E-18
5.01187E+03  5.34395E-18
5.24807E+03  4.76823E-18
5.49541E+03  4.26778E-18
5.75440E+03  3.84663E-18
6.02560E+03  3.48670E-18
6.30957E+03  3.18816E-18
6.60693E+03  2.92937E-18
6.91831E+03  2.71290E-18
7.24436E+03  2.52917E-18
7.58577E+03  2.37538E-18
7.94328E+03  2.24576E-18
8.31763E+03  2.13918E-18
8.70963E+03  2.05097E-18
9.12010E+03  1.97928E-18
9.54993E+03  1.92054E-18
