#column 1 : lambda in microns
#column 2 : snu_eff in Jy / Lsun (in the cosmo of Planck 2013 XXX)
1.00000E+00  3.91365E-32
1.04713E+00  1.23691E-31
1.09648E+00  3.91194E-31
1.14815E+00  1.23802E-30
1.20226E+00  3.92039E-30
1.25893E+00  1.24220E-29
1.31826E+00  3.93818E-29
1.38038E+00  1.24921E-28
1.44544E+00  3.96455E-28
1.51356E+00  1.25882E-27
1.58489E+00  3.99886E-27
1.65959E+00  1.27087E-26
1.73780E+00  4.04062E-26
1.81970E+00  1.28519E-25
1.90546E+00  4.08936E-25
1.99526E+00  1.30166E-24
2.08930E+00  4.14470E-24
2.18776E+00  1.32017E-23
2.29087E+00  4.20635E-23
2.39883E+00  1.34063E-22
2.51189E+00  4.27404E-22
2.63027E+00  1.36297E-21
2.75423E+00  4.34760E-21
2.88403E+00  1.38714E-20
3.01995E+00  4.42684E-20
3.16228E+00  1.41308E-19
3.31131E+00  5.08139E-19
3.46737E+00  2.87101E-19
3.63078E+00  2.41192E-19
3.80189E+00  3.42529E-19
3.98107E+00  5.63674E-19
4.16869E+00  5.18223E-19
4.36516E+00  4.33066E-19
4.57088E+00  4.15276E-19
4.78630E+00  4.29788E-19
5.01187E+00  4.60932E-19
5.24807E+00  5.00445E-19
5.49541E+00  5.41703E-19
5.75440E+00  5.64889E-19
6.02560E+00  5.52166E-19
6.30957E+00  6.73067E-19
6.60693E+00  7.89843E-19
6.91831E+00  8.87824E-19
7.24436E+00  9.85754E-19
7.58578E+00  1.08993E-18
7.94328E+00  1.20496E-18
8.31764E+00  1.33411E-18
8.70964E+00  1.48750E-18
9.12011E+00  1.69714E-18
9.54992E+00  2.09447E-18
1.00000E+01  3.85840E-18
1.04713E+01  8.94063E-17
1.09648E+01  4.12501E-18
1.14815E+01  3.02734E-18
1.20226E+01  3.01664E-18
1.25893E+01  3.24417E-18
1.31826E+01  3.60564E-18
1.38038E+01  4.10310E-18
1.44544E+01  4.78079E-18
1.51356E+01  5.76708E-18
1.58489E+01  7.56731E-18
1.65959E+01  1.65736E-17
1.73780E+01  1.52516E-17
1.81970E+01  3.10817E-17
1.90546E+01  5.09056E-17
1.99526E+01  1.33418E-16
2.08930E+01  6.60651E-17
2.18776E+01  7.28390E-17
2.29087E+01  1.23543E-16
2.39883E+01  3.34482E-16
2.51189E+01  2.81620E-16
2.63027E+01  1.43972E-16
2.75423E+01  1.57645E-16
2.88403E+01  7.46200E-17
3.01995E+01  6.69390E-17
3.16228E+01  6.99301E-17
3.31131E+01  8.24747E-17
3.46737E+01  1.43861E-16
3.63078E+01  2.81023E-16
3.80189E+01  2.32542E-16
3.98107E+01  3.00681E-16
4.16869E+01  1.80677E-16
4.36516E+01  1.67787E-16
4.57088E+01  1.62397E-16
4.78630E+01  1.72071E-16
5.01187E+01  2.01991E-16
5.24807E+01  2.78432E-16
5.49541E+01  3.14933E-16
5.75440E+01  2.81750E-16
6.02560E+01  3.05088E-16
6.30957E+01  3.14284E-16
6.60693E+01  3.37452E-16
6.91831E+01  3.67581E-16
7.24436E+01  4.05481E-16
7.58578E+01  4.55654E-16
7.94328E+01  5.20981E-16
8.31764E+01  6.06984E-16
8.70963E+01  7.20206E-16
9.12011E+01  8.66765E-16
9.54992E+01  1.05078E-15
1.00000E+02  1.27059E-15
1.04713E+02  1.51816E-15
1.09648E+02  1.78354E-15
1.14815E+02  2.05709E-15
1.20226E+02  2.33635E-15
1.25893E+02  2.62065E-15
1.31826E+02  2.91337E-15
1.38038E+02  3.22055E-15
1.44544E+02  3.54373E-15
1.51356E+02  3.88650E-15
1.58489E+02  4.24620E-15
1.65959E+02  4.62062E-15
1.73780E+02  5.00436E-15
1.81970E+02  5.39028E-15
1.90546E+02  5.77075E-15
1.99526E+02  6.14094E-15
2.08930E+02  6.48795E-15
2.18776E+02  6.80816E-15
2.29087E+02  7.08820E-15
2.39883E+02  7.32452E-15
2.51189E+02  7.50846E-15
2.63027E+02  7.63873E-15
2.75423E+02  7.71459E-15
2.88403E+02  7.73947E-15
3.01995E+02  7.70561E-15
3.16228E+02  7.62244E-15
3.31131E+02  7.48827E-15
3.46737E+02  7.31299E-15
3.63078E+02  7.11679E-15
3.80189E+02  6.90546E-15
3.98107E+02  6.69415E-15
4.16869E+02  6.49638E-15
4.36516E+02  6.26050E-15
4.57088E+02  5.85314E-15
4.78630E+02  5.37699E-15
5.01187E+02  4.92275E-15
5.24807E+02  4.50622E-15
5.49541E+02  4.11440E-15
5.75440E+02  3.74715E-15
6.02560E+02  3.39732E-15
6.30957E+02  3.07263E-15
6.60693E+02  2.76773E-15
6.91831E+02  2.48529E-15
7.24436E+02  2.22277E-15
7.58577E+02  1.98139E-15
7.94328E+02  1.75297E-15
8.31763E+02  1.53572E-15
8.70963E+02  1.34233E-15
9.12011E+02  1.17192E-15
9.54993E+02  1.02135E-15
1.00000E+03  8.88290E-16
1.04713E+03  7.71569E-16
1.09648E+03  6.69412E-16
1.14815E+03  5.80569E-16
1.20226E+03  5.02716E-16
1.25893E+03  4.34904E-16
1.31826E+03  3.76234E-16
1.38038E+03  3.25149E-16
1.44544E+03  2.81003E-16
1.51356E+03  2.42647E-16
1.58489E+03  2.09571E-16
1.65959E+03  1.80929E-16
1.73780E+03  1.56194E-16
1.81970E+03  1.34909E-16
1.90546E+03  1.16566E-16
1.99526E+03  1.00720E-16
2.08930E+03  8.70522E-17
2.18776E+03  7.53289E-17
2.29087E+03  6.51952E-17
2.39883E+03  5.64748E-17
2.51189E+03  4.89351E-17
2.63027E+03  4.24425E-17
2.75423E+03  3.68234E-17
2.88403E+03  3.19693E-17
3.01995E+03  2.77922E-17
3.16228E+03  2.41999E-17
3.31131E+03  2.11113E-17
3.46737E+03  1.84503E-17
3.63078E+03  1.61954E-17
3.80189E+03  1.42462E-17
3.98107E+03  1.25907E-17
4.16869E+03  1.11566E-17
4.36516E+03  9.93843E-18
4.57088E+03  8.89802E-18
4.78630E+03  8.02485E-18
5.01187E+03  7.26691E-18
5.24807E+03  6.62805E-18
5.49541E+03  6.08193E-18
5.75440E+03  5.62095E-18
6.02560E+03  5.22793E-18
6.30957E+03  4.90071E-18
6.60693E+03  4.62494E-18
6.91831E+03  4.39587E-18
7.24436E+03  4.20391E-18
7.58577E+03  4.04546E-18
7.94328E+03  3.91614E-18
8.31763E+03  3.81127E-18
8.70963E+03  3.72845E-18
9.12010E+03  3.66425E-18
9.54993E+03  3.61616E-18
