#column 1 : lambda in microns
#column 2 : snu_eff in Jy / Lsun (in the cosmo of Planck 2013 XXX)
1.00000E+00  9.80909E-44
1.04713E+00  2.98477E-43
1.09648E+00  9.03838E-43
1.14815E+00  2.76476E-42
1.20226E+00  8.44703E-42
1.25893E+00  2.58652E-41
1.31826E+00  7.93527E-41
1.38038E+00  2.43920E-40
1.44544E+00  7.51158E-40
1.51356E+00  2.31758E-39
1.58489E+00  7.16381E-39
1.65959E+00  2.21849E-38
1.73780E+00  6.88272E-38
1.81970E+00  2.13913E-37
1.90546E+00  6.66000E-37
1.99526E+00  2.07706E-36
2.08930E+00  6.48847E-36
2.18776E+00  2.03018E-35
2.29087E+00  6.36206E-35
2.39883E+00  1.99668E-34
2.51189E+00  6.27537E-34
2.63027E+00  1.97499E-33
2.75423E+00  6.22387E-33
2.88403E+00  1.96378E-32
3.01995E+00  6.20356E-32
3.16228E+00  1.96189E-31
3.31131E+00  6.21108E-31
3.46737E+00  1.96831E-30
3.63078E+00  6.24353E-30
3.80189E+00  1.98220E-29
3.98107E+00  6.29835E-29
4.16869E+00  2.00283E-28
4.36516E+00  6.37345E-28
4.57088E+00  2.02955E-27
4.78630E+00  6.46700E-27
5.01187E+00  2.06187E-26
5.24807E+00  6.57739E-26
5.49541E+00  2.09929E-25
5.75440E+00  6.70340E-25
6.02560E+00  2.14145E-24
6.30957E+00  6.84380E-24
6.60693E+00  2.18803E-23
6.91831E+00  6.99776E-23
7.24436E+00  2.23875E-22
7.58578E+00  7.16446E-22
7.94328E+00  2.29340E-21
8.31764E+00  7.34321E-21
8.70964E+00  2.36313E-20
9.12011E+00  6.35026E-20
9.54992E+00  3.21847E-20
1.00000E+01  3.14679E-20
1.04713E+01  4.91119E-20
1.09648E+01  7.25131E-20
1.14815E+01  6.09312E-20
1.20226E+01  5.27731E-20
1.25893E+01  5.18095E-20
1.31826E+01  5.42370E-20
1.38038E+01  5.84435E-20
1.44544E+01  6.35089E-20
1.51356E+01  6.83682E-20
1.58489E+01  6.98222E-20
1.65959E+01  7.08551E-20
1.73780E+01  8.76290E-20
1.81970E+01  1.01226E-19
1.90546E+01  1.13486E-19
1.99526E+01  1.25850E-19
2.08930E+01  1.39100E-19
2.18776E+01  1.53797E-19
2.29087E+01  1.70741E-19
2.39883E+01  1.91182E-19
2.51189E+01  2.20982E-19
2.63027E+01  2.86276E-19
2.75423E+01  7.25361E-19
2.88403E+01  2.48107E-18
3.01995E+01  4.51938E-19
3.16228E+01  3.79601E-19
3.31131E+01  3.91589E-19
3.46737E+01  4.29098E-19
3.63078E+01  4.84401E-19
3.80189E+01  5.59038E-19
3.98107E+01  6.61831E-19
4.16869E+01  8.13320E-19
4.36516E+01  1.12792E-18
4.57088E+01  2.18271E-18
4.78630E+01  2.41853E-18
5.01187E+01  3.72226E-18
5.24807E+01  1.11286E-17
5.49541E+01  1.09318E-17
5.75440E+01  9.14095E-18
6.02560E+01  1.02877E-17
6.30957E+01  1.98829E-17
6.60693E+01  4.47495E-17
6.91831E+01  2.83931E-17
7.24436E+01  1.96659E-17
7.58578E+01  1.56812E-17
7.94328E+01  9.76743E-18
8.31764E+01  9.38290E-18
8.70963E+01  1.01424E-17
9.12011E+01  1.24538E-17
9.54992E+01  2.98093E-17
1.00000E+02  2.86262E-17
1.04713E+02  2.98728E-17
1.09648E+02  3.73416E-17
1.14815E+02  2.61621E-17
1.20226E+02  2.32721E-17
1.25893E+02  2.31829E-17
1.31826E+02  2.56603E-17
1.38038E+02  3.09708E-17
1.44544E+02  4.11301E-17
1.51356E+02  4.30616E-17
1.58489E+02  4.27270E-17
1.65959E+02  4.60172E-17
1.73780E+02  4.88940E-17
1.81970E+02  5.31260E-17
1.90546E+02  5.85978E-17
1.99526E+02  6.55719E-17
2.08930E+02  7.48776E-17
2.18776E+02  8.73151E-17
2.29087E+02  1.04174E-16
2.39883E+02  1.27082E-16
2.51189E+02  1.57457E-16
2.63027E+02  1.96161E-16
2.75423E+02  2.41947E-16
2.88403E+02  2.93072E-16
3.01995E+02  3.46245E-16
3.16228E+02  3.98162E-16
3.31131E+02  4.48048E-16
3.46737E+02  4.95409E-16
3.63078E+02  5.40795E-16
3.80189E+02  5.84975E-16
3.98107E+02  6.28816E-16
4.16869E+02  6.72234E-16
4.36516E+02  7.15078E-16
4.57088E+02  7.56486E-16
4.78630E+02  7.94862E-16
5.01187E+02  8.31134E-16
5.24807E+02  8.64564E-16
5.49541E+02  8.91590E-16
5.75440E+02  9.13276E-16
6.02560E+02  9.28131E-16
6.30957E+02  9.38068E-16
6.60693E+02  9.40268E-16
6.91831E+02  9.36865E-16
7.24436E+02  9.25027E-16
7.58577E+02  9.07081E-16
7.94328E+02  8.84473E-16
8.31763E+02  8.57468E-16
8.70963E+02  8.24904E-16
9.12011E+02  7.90373E-16
9.54993E+02  7.52741E-16
1.00000E+03  7.15298E-16
1.04713E+03  6.77341E-16
1.09648E+03  6.42342E-16
1.14815E+03  6.09660E-16
1.20226E+03  5.72197E-16
1.25893E+03  5.21180E-16
1.31826E+03  4.70055E-16
1.38038E+03  4.23301E-16
1.44544E+03  3.80827E-16
1.51356E+03  3.42238E-16
1.58489E+03  3.06911E-16
1.65959E+03  2.74071E-16
1.73780E+03  2.44281E-16
1.81970E+03  2.17039E-16
1.90546E+03  1.92064E-16
1.99526E+03  1.69624E-16
2.08930E+03  1.49295E-16
2.18776E+03  1.30324E-16
2.29087E+03  1.12937E-16
2.39883E+03  9.77441E-17
2.51189E+03  8.44980E-17
2.63027E+03  7.28739E-17
2.75423E+03  6.29165E-17
2.88403E+03  5.42179E-17
3.01995E+03  4.66806E-17
3.16228E+03  4.01729E-17
3.31131E+03  3.45799E-17
3.46737E+03  2.97404E-17
3.63078E+03  2.55703E-17
3.80189E+03  2.19965E-17
3.98107E+03  1.89135E-17
4.16869E+03  1.62773E-17
4.36516E+03  1.40016E-17
4.57088E+03  1.20520E-17
4.78630E+03  1.03761E-17
5.01187E+03  8.94353E-18
5.24807E+03  7.71769E-18
5.49541E+03  6.65250E-18
5.75440E+03  5.75395E-18
6.02560E+03  4.98017E-18
6.30957E+03  4.31530E-18
6.60693E+03  3.74565E-18
6.91831E+03  3.25537E-18
7.24436E+03  2.83460E-18
7.58577E+03  2.47172E-18
7.94328E+03  2.16047E-18
8.31763E+03  1.89339E-18
8.70963E+03  1.66386E-18
9.12010E+03  1.47093E-18
9.54993E+03  1.30375E-18
