#column 1 : lambda in microns
#column 2 : snu_eff in Jy / Lsun (in the cosmo of Planck 2013 XXX)
1.00000E+00  3.80747E-41
1.04713E+00  1.16814E-40
1.09648E+00  3.59041E-40
1.14815E+00  1.10564E-39
1.20226E+00  3.41119E-39
1.25893E+00  1.05440E-38
1.31826E+00  3.26516E-38
1.38038E+00  1.01297E-37
1.44544E+00  3.14819E-37
1.51356E+00  9.80129E-37
1.58489E+00  3.05665E-36
1.65959E+00  9.54834E-36
1.73780E+00  2.98749E-35
1.81970E+00  9.36176E-35
1.90546E+00  2.93803E-34
1.99526E+00  9.23365E-34
2.08930E+00  2.90594E-33
2.18776E+00  9.15730E-33
2.29087E+00  2.88928E-32
2.39883E+00  9.12691E-32
2.51189E+00  2.88631E-31
2.63027E+00  9.13741E-31
2.75423E+00  2.89560E-30
2.88403E+00  9.18457E-30
3.01995E+00  2.91585E-29
3.16228E+00  9.26470E-29
3.31131E+00  2.94600E-28
3.46737E+00  9.37456E-28
3.63078E+00  2.98515E-27
3.80189E+00  9.51158E-27
3.98107E+00  3.03247E-26
4.16869E+00  9.67341E-26
4.36516E+00  3.08732E-25
4.57088E+00  9.85804E-25
4.78630E+00  3.14915E-24
5.01187E+00  1.00640E-23
5.24807E+00  3.21743E-23
5.49541E+00  1.02897E-22
5.75440E+00  3.29183E-22
6.02560E+00  1.05342E-21
6.30957E+00  3.37196E-21
6.60693E+00  1.07964E-20
6.91831E+00  3.47429E-20
7.24436E+00  9.33619E-20
7.58578E+00  4.73181E-20
7.94328E+00  4.62644E-20
8.31764E+00  7.22048E-20
8.70964E+00  1.06609E-19
9.12011E+00  8.95814E-20
9.54992E+00  7.75873E-20
1.00000E+01  7.61708E-20
1.04713E+01  7.97397E-20
1.09648E+01  8.59241E-20
1.14815E+01  9.33712E-20
1.20226E+01  1.00515E-19
1.25893E+01  1.02653E-19
1.31826E+01  1.04172E-19
1.38038E+01  1.28833E-19
1.44544E+01  1.48824E-19
1.51356E+01  1.66848E-19
1.58489E+01  1.85026E-19
1.65959E+01  2.04506E-19
1.73780E+01  2.26114E-19
1.81970E+01  2.51025E-19
1.90546E+01  2.81077E-19
1.99526E+01  3.24890E-19
2.08930E+01  4.20886E-19
2.18776E+01  1.06643E-18
2.29087E+01  3.64756E-18
2.39883E+01  6.64442E-19
2.51189E+01  5.58092E-19
2.63027E+01  5.75718E-19
2.75423E+01  6.30863E-19
2.88403E+01  7.12169E-19
3.01995E+01  8.21902E-19
3.16228E+01  9.73031E-19
3.31131E+01  1.19575E-18
3.46737E+01  1.65827E-18
3.63078E+01  3.20904E-18
3.80189E+01  3.55573E-18
3.98107E+01  5.47249E-18
4.16869E+01  1.63617E-17
4.36516E+01  1.60722E-17
4.57088E+01  1.34391E-17
4.78630E+01  1.51251E-17
5.01187E+01  2.92320E-17
5.24807E+01  6.57910E-17
5.49541E+01  4.17432E-17
5.75440E+01  2.89129E-17
6.02560E+01  2.30546E-17
6.30957E+01  1.43602E-17
6.60693E+01  1.37948E-17
6.91831E+01  1.49114E-17
7.24436E+01  1.83096E-17
7.58578E+01  4.38258E-17
7.94328E+01  4.20864E-17
8.31764E+01  4.39192E-17
8.70963E+01  5.48999E-17
9.12011E+01  3.84637E-17
9.54992E+01  3.42149E-17
1.00000E+02  3.40836E-17
1.04713E+02  3.77260E-17
1.09648E+02  4.55336E-17
1.14815E+02  6.04698E-17
1.20226E+02  6.33095E-17
1.25893E+02  6.28175E-17
1.31826E+02  6.76549E-17
1.38038E+02  7.18842E-17
1.44544E+02  7.81063E-17
1.51356E+02  8.61509E-17
1.58489E+02  9.64044E-17
1.65959E+02  1.10086E-16
1.73780E+02  1.28371E-16
1.81970E+02  1.53157E-16
1.90546E+02  1.86837E-16
1.99526E+02  2.31494E-16
2.08930E+02  2.88397E-16
2.18776E+02  3.55712E-16
2.29087E+02  4.30877E-16
2.39883E+02  5.09051E-16
2.51189E+02  5.85379E-16
2.63027E+02  6.58723E-16
2.75423E+02  7.28354E-16
2.88403E+02  7.95082E-16
3.01995E+02  8.60034E-16
3.16228E+02  9.24491E-16
3.31131E+02  9.88324E-16
3.46737E+02  1.05131E-15
3.63078E+02  1.11219E-15
3.80189E+02  1.16861E-15
3.98107E+02  1.22194E-15
4.16869E+02  1.27109E-15
4.36516E+02  1.31082E-15
4.57088E+02  1.34270E-15
4.78630E+02  1.36455E-15
5.01187E+02  1.37915E-15
5.24807E+02  1.38239E-15
5.49541E+02  1.37739E-15
5.75440E+02  1.35998E-15
6.02560E+02  1.33360E-15
6.30957E+02  1.30036E-15
6.60693E+02  1.26066E-15
6.91831E+02  1.21278E-15
7.24436E+02  1.16201E-15
7.58577E+02  1.10669E-15
7.94328E+02  1.05164E-15
8.31763E+02  9.95832E-16
8.70963E+02  9.44377E-16
9.12011E+02  8.96326E-16
9.54993E+02  8.41247E-16
1.00000E+03  7.66241E-16
1.04713E+03  6.91078E-16
1.09648E+03  6.22340E-16
1.14815E+03  5.59893E-16
1.20226E+03  5.03161E-16
1.25893E+03  4.51222E-16
1.31826E+03  4.02941E-16
1.38038E+03  3.59144E-16
1.44544E+03  3.19093E-16
1.51356E+03  2.82374E-16
1.58489E+03  2.49382E-16
1.65959E+03  2.19494E-16
1.73780E+03  1.91603E-16
1.81970E+03  1.66040E-16
1.90546E+03  1.43704E-16
1.99526E+03  1.24229E-16
2.08930E+03  1.07140E-16
2.18776E+03  9.25002E-17
2.29087E+03  7.97116E-17
2.39883E+03  6.86301E-17
2.51189E+03  5.90626E-17
2.63027E+03  5.08397E-17
2.75423E+03  4.37245E-17
2.88403E+03  3.75936E-17
3.01995E+03  3.23394E-17
3.16228E+03  2.78068E-17
3.31131E+03  2.39310E-17
3.46737E+03  2.05853E-17
3.63078E+03  1.77188E-17
3.80189E+03  1.52550E-17
3.98107E+03  1.31488E-17
4.16869E+03  1.13466E-17
4.36516E+03  9.78056E-18
4.57088E+03  8.45951E-18
4.78630E+03  7.32189E-18
5.01187E+03  6.34441E-18
5.24807E+03  5.50687E-18
5.49541E+03  4.78606E-18
5.75440E+03  4.16746E-18
6.02560E+03  3.63393E-18
6.30957E+03  3.17634E-18
6.60693E+03  2.78368E-18
6.91831E+03  2.44621E-18
7.24436E+03  2.16256E-18
7.58577E+03  1.91678E-18
7.94328E+03  1.70629E-18
8.31763E+03  1.52683E-18
8.70963E+03  1.37691E-18
9.12010E+03  1.24813E-18
9.54993E+03  1.13978E-18
