#column 1 : lambda in microns
#column 2 : snu_eff in Jy / Lsun (in the cosmo of Planck 2013 XXX)
1.00000E+00  1.45392E-19
1.04713E+00  4.54000E-19
1.09648E+00  1.41778E-18
1.14815E+00  4.42788E-18
1.20226E+00  1.38299E-17
1.25893E+00  4.92259E-17
1.31826E+00  4.39223E-17
1.38038E+00  3.08530E-17
1.44544E+00  3.91819E-17
1.51356E+00  6.65149E-17
1.58489E+00  7.07310E-17
1.65959E+00  5.79008E-17
1.73780E+00  5.40304E-17
1.81970E+00  5.52463E-17
1.90546E+00  5.89495E-17
1.99526E+00  6.39320E-17
2.08930E+00  6.93526E-17
2.18776E+00  7.34554E-17
2.29087E+00  7.19007E-17
2.39883E+00  8.32183E-17
2.51189E+00  9.94032E-17
2.63027E+00  1.12326E-16
2.75423E+00  1.24880E-16
2.88403E+00  1.38029E-16
3.01995E+00  1.52416E-16
3.16228E+00  1.68360E-16
3.31131E+00  1.86856E-16
3.46737E+00  2.10900E-16
3.63078E+00  2.51834E-16
3.80189E+00  3.86636E-16
3.98107E+00  5.65263E-15
4.16869E+00  6.81583E-16
4.36516E+00  3.94014E-16
4.57088E+00  3.74816E-16
4.78630E+00  3.93984E-16
5.01187E+00  4.30246E-16
5.24807E+00  4.80838E-16
5.49541E+00  5.49802E-16
5.75440E+00  6.49189E-16
6.02560E+00  8.19657E-16
6.30957E+00  1.50546E-15
6.60693E+00  1.67937E-15
6.91831E+00  3.81600E-15
7.24436E+00  4.41072E-15
7.58578E+00  2.50463E-14
7.94328E+00  7.61946E-15
8.31764E+00  8.54857E-15
8.70964E+00  1.23988E-14
9.12011E+00  3.20416E-14
9.54992E+00  4.00881E-14
1.00000E+01  1.80788E-14
1.04713E+01  2.23841E-14
1.09648E+01  9.41273E-15
1.14815E+01  7.58506E-15
1.20226E+01  7.57720E-15
1.25893E+01  8.57514E-15
1.31826E+01  1.28046E-14
1.38038E+01  4.90529E-14
1.44544E+01  2.51993E-14
1.51356E+01  2.94711E-14
1.58489E+01  2.12130E-14
1.65959E+01  1.99811E-14
1.73780E+01  1.80505E-14
1.81970E+01  1.73991E-14
1.90546E+01  1.96003E-14
1.99526E+01  2.99254E-14
2.08930E+01  3.08324E-14
2.18776E+01  2.76470E-14
2.29087E+01  2.87391E-14
2.39883E+01  2.86325E-14
2.51189E+01  3.00567E-14
2.63027E+01  3.20691E-14
2.75423E+01  3.46488E-14
2.88403E+01  3.80187E-14
3.01995E+01  4.23486E-14
3.16228E+01  4.78641E-14
3.31131E+01  5.48353E-14
3.46737E+01  6.34764E-14
3.63078E+01  7.38477E-14
3.80189E+01  8.56127E-14
3.98107E+01  9.83971E-14
4.16869E+01  1.11811E-13
4.36516E+01  1.25793E-13
4.57088E+01  1.40374E-13
4.78630E+01  1.55989E-13
5.01187E+01  1.73274E-13
5.24807E+01  1.92691E-13
5.49541E+01  2.14769E-13
5.75440E+01  2.40009E-13
6.02560E+01  2.68539E-13
6.30957E+01  3.00691E-13
6.60693E+01  3.36311E-13
6.91831E+01  3.75239E-13
7.24436E+01  4.17391E-13
7.58578E+01  4.61974E-13
7.94328E+01  5.08694E-13
8.31764E+01  5.56445E-13
8.70963E+01  6.04612E-13
9.12011E+01  6.52620E-13
9.54992E+01  6.98556E-13
1.00000E+02  7.41810E-13
1.04713E+02  7.82082E-13
1.09648E+02  8.18195E-13
1.14815E+02  8.49618E-13
1.20226E+02  8.75397E-13
1.25893E+02  8.95570E-13
1.31826E+02  9.10295E-13
1.38038E+02  9.20141E-13
1.44544E+02  9.27248E-13
1.51356E+02  9.32183E-13
1.58489E+02  9.38092E-13
1.65959E+02  9.40451E-13
1.73780E+02  9.15955E-13
1.81970E+02  8.67585E-13
1.90546E+02  8.16605E-13
1.99526E+02  7.67978E-13
2.08930E+02  7.20858E-13
2.18776E+02  6.73837E-13
2.29087E+02  6.27532E-13
2.39883E+02  5.81610E-13
2.51189E+02  5.36370E-13
2.63027E+02  4.92743E-13
2.75423E+02  4.50174E-13
2.88403E+02  4.09775E-13
3.01995E+02  3.70402E-13
3.16228E+02  3.31212E-13
3.31131E+02  2.94677E-13
3.46737E+02  2.61662E-13
3.63078E+02  2.31599E-13
3.80189E+02  2.04555E-13
3.98107E+02  1.80285E-13
4.16869E+02  1.58557E-13
4.36516E+02  1.39102E-13
4.57088E+02  1.21927E-13
4.78630E+02  1.06677E-13
5.01187E+02  9.31875E-14
5.24807E+02  8.13462E-14
5.49541E+02  7.09439E-14
5.75440E+02  6.17701E-14
6.02560E+02  5.37722E-14
6.30957E+02  4.67658E-14
6.60693E+02  4.06320E-14
6.91831E+02  3.53054E-14
7.24436E+02  3.06523E-14
7.58577E+02  2.66130E-14
7.94328E+02  2.30911E-14
8.31763E+02  2.00507E-14
8.70963E+02  1.73969E-14
9.12011E+02  1.50895E-14
9.54993E+02  1.30890E-14
1.00000E+03  1.13504E-14
1.04713E+03  9.83914E-15
1.09648E+03  8.52164E-15
1.14815E+03  7.38175E-15
1.20226E+03  6.39529E-15
1.25893E+03  5.54819E-15
1.31826E+03  4.80115E-15
1.38038E+03  4.17449E-15
1.44544E+03  3.62103E-15
1.51356E+03  3.14958E-15
1.58489E+03  2.74494E-15
1.65959E+03  2.39777E-15
1.73780E+03  2.09643E-15
1.81970E+03  1.84058E-15
1.90546E+03  1.61836E-15
1.99526E+03  1.42909E-15
2.08930E+03  1.26789E-15
2.18776E+03  1.12867E-15
2.29087E+03  1.01036E-15
2.39883E+03  9.08787E-16
2.51189E+03  8.22025E-16
2.63027E+03  7.48476E-16
2.75423E+03  6.85428E-16
2.88403E+03  6.32072E-16
3.01995E+03  5.86725E-16
3.16228E+03  5.48420E-16
3.31131E+03  5.16241E-16
3.46737E+03  4.89224E-16
3.63078E+03  4.66579E-16
3.80189E+03  4.47784E-16
3.98107E+03  4.32339E-16
4.16869E+03  4.19792E-16
4.36516E+03  4.09676E-16
4.57088E+03  4.01815E-16
4.78630E+03  3.95838E-16
5.01187E+03  3.91487E-16
5.24807E+03  3.88597E-16
5.49541E+03  3.86988E-16
5.75440E+03  3.86502E-16
6.02560E+03  3.87023E-16
6.30957E+03  3.88440E-16
6.60693E+03  3.90663E-16
6.91831E+03  3.93616E-16
7.24436E+03  3.97227E-16
7.58577E+03  4.01455E-16
7.94328E+03  4.06243E-16
8.31763E+03  4.11565E-16
8.70963E+03  4.17377E-16
9.12010E+03  4.23658E-16
9.54993E+03  4.30390E-16
