#column 1 : lambda in microns
#column 2 : snu_eff in Jy / Lsun (in the cosmo of Planck 2013 XXX)
1.00000E+00  4.37408E-35
1.04713E+00  1.38096E-34
1.09648E+00  4.36450E-34
1.14815E+00  1.38077E-33
1.20226E+00  4.37245E-33
1.25893E+00  1.38586E-32
1.31826E+00  4.39626E-32
1.38038E+00  1.39572E-31
1.44544E+00  4.43449E-31
1.51356E+00  1.40993E-30
1.58489E+00  4.48586E-30
1.65959E+00  1.42814E-29
1.73780E+00  4.54939E-29
1.81970E+00  1.45003E-28
1.90546E+00  4.62412E-28
1.99526E+00  1.47534E-27
2.08930E+00  4.70930E-27
2.18776E+00  1.50386E-26
2.29087E+00  4.80431E-26
2.39883E+00  1.53539E-25
2.51189E+00  4.90860E-25
2.63027E+00  1.56978E-24
2.75423E+00  5.02174E-24
2.88403E+00  1.60691E-23
3.01995E+00  5.14336E-23
3.16228E+00  1.64668E-22
3.31131E+00  5.27317E-22
3.46737E+00  1.68899E-21
3.63078E+00  5.41097E-21
3.80189E+00  1.73381E-20
3.98107E+00  5.55656E-20
4.16869E+00  2.02463E-19
4.36516E+00  1.79955E-19
4.57088E+00  1.25145E-19
4.78630E+00  1.59325E-19
5.01187E+00  2.72445E-19
5.24807E+00  2.89524E-19
5.49541E+00  2.35508E-19
5.75440E+00  2.18758E-19
6.02560E+00  2.23162E-19
6.30957E+00  2.37818E-19
6.60693E+00  2.57855E-19
6.91831E+00  2.79540E-19
7.24436E+00  2.95767E-19
7.58578E+00  2.88544E-19
7.94328E+00  3.34905E-19
8.31764E+00  4.01274E-19
8.70964E+00  4.54014E-19
9.12011E+00  5.05418E-19
9.54992E+00  5.59311E-19
1.00000E+01  6.18350E-19
1.04713E+01  6.84434E-19
1.09648E+01  7.60954E-19
1.14815E+01  8.61746E-19
1.20226E+01  1.03343E-18
1.25893E+01  1.59795E-18
1.31826E+01  2.35715E-17
1.38038E+01  2.83946E-18
1.44544E+01  1.64897E-18
1.51356E+01  1.58312E-18
1.58489E+01  1.68360E-18
1.65959E+01  1.86326E-18
1.73780E+01  2.11311E-18
1.81970E+01  2.45137E-18
1.90546E+01  2.93173E-18
1.99526E+01  3.72800E-18
2.08930E+01  6.72401E-18
2.18776E+01  7.58088E-18
2.29087E+01  1.67942E-17
2.39883E+01  1.95162E-17
2.51189E+01  1.07813E-16
2.63027E+01  3.37283E-17
2.75423E+01  3.80326E-17
2.88403E+01  5.50216E-17
3.01995E+01  1.40646E-16
3.16228E+01  1.76505E-16
3.31131E+01  8.10276E-17
3.46737E+01  1.00182E-16
3.63078E+01  4.39182E-17
3.80189E+01  3.64237E-17
3.98107E+01  3.70840E-17
4.16869E+01  4.22168E-17
4.36516E+01  6.15001E-17
4.57088E+01  2.21507E-16
4.78630E+01  1.18242E-16
5.01187E+01  1.38886E-16
5.24807E+01  1.03671E-16
5.49541E+01  9.98924E-17
5.75440E+01  9.30881E-17
6.02560E+01  9.25467E-17
6.30957E+01  1.06231E-16
6.60693E+01  1.60876E-16
6.91831E+01  1.70453E-16
7.24436E+01  1.59640E-16
7.58578E+01  1.70233E-16
7.94328E+01  1.74396E-16
8.31764E+01  1.86866E-16
8.70963E+01  2.03406E-16
9.12011E+01  2.24603E-16
9.54992E+01  2.52293E-16
1.00000E+02  2.89067E-16
1.04713E+02  3.38206E-16
1.09648E+02  4.04389E-16
1.14815E+02  4.92890E-16
1.20226E+02  6.08059E-16
1.25893E+02  7.49482E-16
1.31826E+02  9.13674E-16
1.38038E+02  1.09216E-15
1.44544E+02  1.27765E-15
1.51356E+02  1.46296E-15
1.58489E+02  1.64657E-15
1.65959E+02  1.83021E-15
1.73780E+02  2.01583E-15
1.81970E+02  2.20504E-15
1.90546E+02  2.39990E-15
1.99526E+02  2.59907E-15
2.08930E+02  2.80142E-15
2.18776E+02  3.00193E-15
2.29087E+02  3.20096E-15
2.39883E+02  3.39105E-15
2.51189E+02  3.56761E-15
2.63027E+02  3.72735E-15
2.75423E+02  3.86531E-15
2.88403E+02  3.98202E-15
3.01995E+02  4.06709E-15
3.16228E+02  4.12368E-15
3.31131E+02  4.14760E-15
3.46737E+02  4.14410E-15
3.63078E+02  4.11126E-15
3.80189E+02  4.05003E-15
3.98107E+02  3.96369E-15
4.16869E+02  3.85595E-15
4.36516E+02  3.72411E-15
4.57088E+02  3.58745E-15
4.78630E+02  3.44189E-15
5.01187E+02  3.29702E-15
5.24807E+02  3.16533E-15
5.49541E+02  3.03056E-15
5.75440E+02  2.82859E-15
6.02560E+02  2.57926E-15
6.30957E+02  2.34064E-15
6.60693E+02  2.12471E-15
6.91831E+02  1.92702E-15
7.24436E+02  1.74192E-15
7.58577E+02  1.57059E-15
7.94328E+02  1.41110E-15
8.31763E+02  1.26327E-15
8.70963E+02  1.12783E-15
9.12011E+02  1.00282E-15
9.54993E+02  8.89258E-16
1.00000E+03  7.84186E-16
1.04713E+03  6.84591E-16
1.09648E+03  5.95527E-16
1.14815E+03  5.17492E-16
1.20226E+03  4.48703E-16
1.25893E+03  3.88850E-16
1.31826E+03  3.36663E-16
1.38038E+03  2.91086E-16
1.44544E+03  2.51265E-16
1.51356E+03  2.16956E-16
1.58489E+03  1.87148E-16
1.65959E+03  1.61312E-16
1.73780E+03  1.39076E-16
1.81970E+03  1.19886E-16
1.90546E+03  1.03286E-16
1.99526E+03  8.90209E-17
2.08930E+03  7.67187E-17
2.18776E+03  6.61271E-17
2.29087E+03  5.70318E-17
2.39883E+03  4.91881E-17
2.51189E+03  4.24338E-17
2.63027E+03  3.66492E-17
2.75423E+03  3.17247E-17
2.88403E+03  2.74330E-17
3.01995E+03  2.37602E-17
3.16228E+03  2.06014E-17
3.31131E+03  1.78820E-17
3.46737E+03  1.55397E-17
3.63078E+03  1.35188E-17
3.80189E+03  1.17810E-17
3.98107E+03  1.02886E-17
4.16869E+03  9.01929E-18
4.36516E+03  7.90825E-18
4.57088E+03  6.98279E-18
4.78630E+03  6.17317E-18
5.01187E+03  5.49080E-18
5.24807E+03  4.90731E-18
5.49541E+03  4.41120E-18
5.75440E+03  3.98567E-18
6.02560E+03  3.62926E-18
6.30957E+03  3.32224E-18
6.60693E+03  3.06448E-18
6.91831E+03  2.84827E-18
7.24436E+03  2.66435E-18
7.58577E+03  2.51158E-18
7.94328E+03  2.38317E-18
8.31763E+03  2.27674E-18
8.70963E+03  2.18956E-18
9.12010E+03  2.11762E-18
9.54993E+03  2.06002E-18
