#column 1 : lambda in microns
#column 2 : snu_eff in Jy / Lsun (in the cosmo of Planck 2013 XXX)
1.00000E+00  5.56758E-25
1.04713E+00  1.74227E-24
1.09648E+00  5.45319E-24
1.14815E+00  1.70715E-23
1.20226E+00  5.34535E-23
1.25893E+00  1.67404E-22
1.31826E+00  5.24368E-22
1.38038E+00  1.64282E-21
1.44544E+00  5.14783E-21
1.51356E+00  1.61339E-20
1.58489E+00  5.05750E-20
1.65959E+00  1.58567E-19
1.73780E+00  4.97246E-19
1.81970E+00  1.56721E-18
1.90546E+00  4.16921E-18
1.99526E+00  2.13420E-18
2.08930E+00  2.09416E-18
2.18776E+00  3.24889E-18
2.29087E+00  4.78140E-18
2.39883E+00  4.03356E-18
2.51189E+00  3.51004E-18
2.63027E+00  3.45644E-18
2.75423E+00  3.62282E-18
2.88403E+00  3.90555E-18
3.01995E+00  4.24673E-18
3.16228E+00  4.57490E-18
3.31131E+00  4.67689E-18
3.46737E+00  4.75779E-18
3.63078E+00  5.85790E-18
3.80189E+00  6.75908E-18
3.98107E+00  7.56380E-18
4.16869E+00  8.37925E-18
4.36516E+00  9.25604E-18
4.57088E+00  1.02210E-17
4.78630E+00  1.13088E-17
5.01187E+00  1.26406E-17
5.24807E+00  1.45555E-17
5.49541E+00  1.87530E-17
5.75440E+00  4.71811E-17
6.02560E+00  1.60867E-16
6.30957E+00  2.91534E-17
6.60693E+00  2.42285E-17
6.91831E+00  2.46652E-17
7.24436E+00  2.66089E-17
7.58578E+00  2.95327E-17
7.94328E+00  3.35064E-17
8.31764E+00  3.90238E-17
8.70964E+00  4.73701E-17
9.12011E+00  6.57884E-17
9.54992E+00  1.31006E-16
1.00000E+01  1.43309E-16
1.04713E+01  2.22928E-16
1.09648E+01  6.86716E-16
1.14815E+01  6.68764E-16
1.20226E+01  5.50667E-16
1.25893E+01  6.15845E-16
1.31826E+01  1.20425E-15
1.38038E+01  2.72908E-15
1.44544E+01  1.70713E-15
1.51356E+01  1.16409E-15
1.58489E+01  9.09789E-16
1.65959E+01  5.38831E-16
1.73780E+01  5.03687E-16
1.81970E+01  5.37169E-16
1.90546E+01  6.65845E-16
1.99526E+01  1.71742E-15
2.08930E+01  1.62386E-15
2.18776E+01  1.67692E-15
2.29087E+01  2.09806E-15
2.39883E+01  1.40078E-15
2.51189E+01  1.20177E-15
2.63027E+01  1.16160E-15
2.75423E+01  1.25891E-15
2.88403E+01  1.49965E-15
3.01995E+01  1.98646E-15
3.16228E+01  2.01643E-15
3.31131E+01  1.92578E-15
3.46737E+01  2.02669E-15
3.63078E+01  2.11152E-15
3.80189E+01  2.25280E-15
3.98107E+01  2.43850E-15
4.16869E+01  2.67104E-15
4.36516E+01  2.97547E-15
4.57088E+01  3.36398E-15
4.78630E+01  3.86198E-15
5.01187E+01  4.49636E-15
5.24807E+01  5.27871E-15
5.49541E+01  6.21013E-15
5.75440E+01  7.26032E-15
6.02560E+01  8.39722E-15
6.30957E+01  9.58987E-15
6.60693E+01  1.08223E-14
6.91831E+01  1.21045E-14
7.24436E+01  1.34702E-14
7.58578E+01  1.49577E-14
7.94328E+01  1.65945E-14
8.31764E+01  1.84203E-14
8.70963E+01  2.04405E-14
9.12011E+01  2.26763E-14
9.54992E+01  2.50983E-14
1.00000E+02  2.77090E-14
1.04713E+02  3.04704E-14
1.09648E+02  3.33582E-14
1.14815E+02  3.63048E-14
1.20226E+02  3.92727E-14
1.25893E+02  4.21966E-14
1.31826E+02  4.50232E-14
1.38038E+02  4.76742E-14
1.44544E+02  5.00887E-14
1.51356E+02  5.22282E-14
1.58489E+02  5.40721E-14
1.65959E+02  5.55649E-14
1.73780E+02  5.66859E-14
1.81970E+02  5.74197E-14
1.90546E+02  5.77556E-14
1.99526E+02  5.77732E-14
2.08930E+02  5.75692E-14
2.18776E+02  5.72010E-14
2.29087E+02  5.68189E-14
2.39883E+02  5.64738E-14
2.51189E+02  5.53601E-14
2.63027E+02  5.24487E-14
2.75423E+02  4.90030E-14
2.88403E+02  4.56913E-14
3.01995E+02  4.25334E-14
3.16228E+02  3.95067E-14
3.31131E+02  3.65680E-14
3.46737E+02  3.36834E-14
3.63078E+02  3.09109E-14
3.80189E+02  2.82451E-14
3.98107E+02  2.56830E-14
4.16869E+02  2.32682E-14
4.36516E+02  2.09859E-14
4.57088E+02  1.87561E-14
4.78630E+02  1.66264E-14
5.01187E+02  1.46907E-14
5.24807E+02  1.29597E-14
5.49541E+02  1.14022E-14
5.75440E+02  1.00145E-14
6.02560E+02  8.77472E-15
6.30957E+02  7.67491E-15
6.60693E+02  6.70465E-15
6.91831E+02  5.85104E-15
7.24436E+02  5.09860E-15
7.58577E+02  4.43763E-15
7.94328E+02  3.86096E-15
8.31763E+02  3.35484E-15
8.70963E+02  2.91371E-15
9.12011E+02  2.52811E-15
9.54993E+02  2.19358E-15
1.00000E+03  1.90157E-15
1.04713E+03  1.64845E-15
1.09648E+03  1.42862E-15
1.14815E+03  1.23840E-15
1.20226E+03  1.07329E-15
1.25893E+03  9.30429E-16
1.31826E+03  8.06362E-16
1.38038E+03  6.99174E-16
1.44544E+03  6.06139E-16
1.51356E+03  5.25308E-16
1.58489E+03  4.55134E-16
1.65959E+03  3.94357E-16
1.73780E+03  3.41806E-16
1.81970E+03  2.96420E-16
1.90546E+03  2.57595E-16
1.99526E+03  2.23946E-16
2.08930E+03  1.94750E-16
2.18776E+03  1.69706E-16
2.29087E+03  1.48413E-16
2.39883E+03  1.29811E-16
2.51189E+03  1.14052E-16
2.63027E+03  1.00540E-16
2.75423E+03  8.89883E-17
2.88403E+03  7.90271E-17
3.01995E+03  7.04892E-17
3.16228E+03  6.32412E-17
3.31131E+03  5.70718E-17
3.46737E+03  5.17514E-17
3.63078E+03  4.72620E-17
3.80189E+03  4.34370E-17
3.98107E+03  4.01783E-17
4.16869E+03  3.74275E-17
4.36516E+03  3.51106E-17
4.57088E+03  3.31619E-17
4.78630E+03  3.15365E-17
5.01187E+03  3.01773E-17
5.24807E+03  2.90586E-17
5.49541E+03  2.81385E-17
5.75440E+03  2.73966E-17
6.02560E+03  2.68047E-17
6.30957E+03  2.63468E-17
6.60693E+03  2.60072E-17
6.91831E+03  2.57706E-17
7.24436E+03  2.56220E-17
7.58577E+03  2.55502E-17
7.94328E+03  2.55494E-17
8.31763E+03  2.56089E-17
8.70963E+03  2.57246E-17
9.12010E+03  2.58895E-17
9.54993E+03  2.61000E-17
