#column 1 : lambda in microns
#column 2 : snu_eff in Jy / Lsun (in the cosmo of Planck 2013 XXX)
1.00000E+00  9.26255E-36
1.04713E+00  2.91484E-35
1.09648E+00  9.18451E-35
1.14815E+00  2.89752E-34
1.20226E+00  9.15176E-34
1.25893E+00  2.89375E-33
1.31826E+00  9.15948E-33
1.38038E+00  2.90209E-32
1.44544E+00  9.20353E-32
1.51356E+00  2.92131E-31
1.58489E+00  9.28026E-31
1.65959E+00  2.95040E-30
1.73780E+00  9.38674E-30
1.81970E+00  2.98844E-29
1.90546E+00  9.52029E-29
1.99526E+00  3.03469E-28
2.08930E+00  9.67872E-28
2.18776E+00  3.08849E-27
2.29087E+00  9.86020E-27
2.39883E+00  3.14933E-26
2.51189E+00  1.00631E-25
2.63027E+00  3.21673E-25
2.75423E+00  1.02862E-24
2.88403E+00  3.29034E-24
3.01995E+00  1.05284E-23
3.16228E+00  3.36983E-23
3.31131E+00  1.07887E-22
3.46737E+00  3.45493E-22
3.63078E+00  1.10666E-21
3.80189E+00  3.54550E-21
3.98107E+00  1.13613E-20
4.16869E+00  3.64134E-20
4.36516E+00  1.23367E-19
4.57088E+00  1.96914E-19
4.78630E+00  1.11997E-19
5.01187E+00  1.26333E-19
5.24807E+00  2.09537E-19
5.49541E+00  2.65318E-19
5.75440E+00  2.15138E-19
6.02560E+00  1.93162E-19
6.30957E+00  1.93674E-19
6.60693E+00  2.04687E-19
6.91831E+00  2.21438E-19
7.24436E+00  2.40510E-19
7.58578E+00  2.57079E-19
7.94328E+00  2.55797E-19
8.31764E+00  2.77036E-19
8.70964E+00  3.38919E-19
9.12011E+00  3.87063E-19
9.54992E+00  4.31922E-19
1.00000E+01  4.78417E-19
1.04713E+01  5.28997E-19
1.09648E+01  5.84939E-19
1.14815E+01  6.49458E-19
1.20226E+01  7.31050E-19
1.25893E+01  8.57217E-19
1.31826E+01  1.18881E-18
1.38038E+01  5.53121E-18
1.44544E+01  3.92806E-18
1.51356E+01  1.52654E-18
1.58489E+01  1.38465E-18
1.65959E+01  1.45034E-18
1.73780E+01  1.59309E-18
1.81970E+01  1.79840E-18
1.90546E+01  2.07564E-18
1.99526E+01  2.46128E-18
2.08930E+01  3.06498E-18
2.18776E+01  4.68296E-18
2.29087E+01  6.90118E-18
2.39883E+01  1.14384E-17
2.51189E+01  1.41200E-17
2.63027E+01  7.48934E-17
2.75423E+01  3.13847E-17
2.88403E+01  3.35057E-17
3.01995E+01  4.15758E-17
3.16228E+01  9.23725E-17
3.31131E+01  1.59888E-16
3.46737E+01  8.18244E-17
3.63078E+01  8.03240E-17
3.80189E+01  4.47330E-17
3.98107E+01  3.27775E-17
4.16869E+01  3.23760E-17
4.36516E+01  3.58227E-17
4.57088E+01  4.73602E-17
4.78630E+01  1.99184E-16
5.01187E+01  9.57780E-17
5.24807E+01  1.06198E-16
5.49541E+01  1.06562E-16
5.75440E+01  9.41624E-17
6.02560E+01  8.32908E-17
6.30957E+01  8.04295E-17
6.60693E+01  9.04887E-17
6.91831E+01  1.15770E-16
7.24436E+01  1.47812E-16
7.58578E+01  1.43900E-16
7.94328E+01  1.45498E-16
8.31764E+01  1.53702E-16
8.70963E+01  1.63984E-16
9.12011E+01  1.78109E-16
9.54992E+01  1.96211E-16
1.00000E+02  2.19633E-16
1.04713E+02  2.50743E-16
1.09648E+02  2.92216E-16
1.14815E+02  3.48652E-16
1.20226E+02  4.24834E-16
1.25893E+02  5.24188E-16
1.31826E+02  6.49514E-16
1.38038E+02  7.97416E-16
1.44544E+02  9.60402E-16
1.51356E+02  1.13042E-15
1.58489E+02  1.30076E-15
1.65959E+02  1.46858E-15
1.73780E+02  1.63374E-15
1.81970E+02  1.79919E-15
1.90546E+02  1.96570E-15
1.99526E+02  2.13524E-15
2.08930E+02  2.30871E-15
2.18776E+02  2.48304E-15
2.29087E+02  2.65536E-15
2.39883E+02  2.82452E-15
2.51189E+02  2.98600E-15
2.63027E+02  3.13807E-15
2.75423E+02  3.27277E-15
2.88403E+02  3.38770E-15
3.01995E+02  3.47972E-15
3.16228E+02  3.55201E-15
3.31131E+02  3.59329E-15
3.46737E+02  3.61283E-15
3.63078E+02  3.60098E-15
3.80189E+02  3.56717E-15
3.98107E+02  3.50903E-15
4.16869E+02  3.43048E-15
4.36516E+02  3.32994E-15
4.57088E+02  3.21364E-15
4.78630E+02  3.08631E-15
5.01187E+02  2.95569E-15
5.24807E+02  2.82761E-15
5.49541E+02  2.70198E-15
5.75440E+02  2.58507E-15
6.02560E+02  2.42774E-15
6.30957E+02  2.21499E-15
6.60693E+02  2.00989E-15
6.91831E+02  1.82007E-15
7.24436E+02  1.64765E-15
7.58577E+02  1.48801E-15
7.94328E+02  1.34126E-15
8.31763E+02  1.20365E-15
8.70963E+02  1.07641E-15
9.12011E+02  9.60245E-16
9.54993E+02  8.53194E-16
1.00000E+03  7.56224E-16
1.04713E+03  6.67203E-16
1.09648E+03  5.83337E-16
1.14815E+03  5.07060E-16
1.20226E+03  4.39773E-16
1.25893E+03  3.81699E-16
1.31826E+03  3.30269E-16
1.38038E+03  2.85877E-16
1.44544E+03  2.46898E-16
1.51356E+03  2.13144E-16
1.58489E+03  1.83820E-16
1.65959E+03  1.58463E-16
1.73780E+03  1.36587E-16
1.81970E+03  1.17622E-16
1.90546E+03  1.01324E-16
1.99526E+03  8.73025E-17
2.08930E+03  7.51744E-17
2.18776E+03  6.47465E-17
2.29087E+03  5.58111E-17
2.39883E+03  4.80960E-17
2.51189E+03  4.14747E-17
2.63027E+03  3.57874E-17
2.75423E+03  3.09000E-17
2.88403E+03  2.67207E-17
3.01995E+03  2.31204E-17
3.16228E+03  2.00157E-17
3.31131E+03  1.73573E-17
3.46737E+03  1.50687E-17
3.63078E+03  1.30947E-17
3.80189E+03  1.13986E-17
3.98107E+03  9.93691E-18
4.16869E+03  8.68007E-18
4.36516E+03  7.60951E-18
4.57088E+03  6.68603E-18
4.78630E+03  5.89695E-18
5.01187E+03  5.22111E-18
5.24807E+03  4.65230E-18
5.49541E+03  4.15813E-18
5.75440E+03  3.74340E-18
6.02560E+03  3.38747E-18
6.30957E+03  3.08655E-18
6.60693E+03  2.83293E-18
6.91831E+03  2.61602E-18
7.24436E+03  2.43479E-18
7.58577E+03  2.28234E-18
7.94328E+03  2.15572E-18
8.31763E+03  2.04918E-18
8.70963E+03  1.96094E-18
9.12010E+03  1.88924E-18
9.54993E+03  1.83036E-18
