#column 1 : lambda in microns
#column 2 : snu_eff in Jy / Lsun (in the cosmo of Planck 2013 XXX)
1.00000E+00  1.09189E-30
1.04713E+00  3.44366E-30
1.09648E+00  1.08665E-29
1.14815E+00  3.43074E-29
1.20226E+00  1.08368E-28
1.25893E+00  3.42468E-28
1.31826E+00  1.08278E-27
1.38038E+00  3.42495E-27
1.44544E+00  1.08382E-26
1.51356E+00  3.43111E-26
1.58489E+00  1.08664E-25
1.65959E+00  3.44277E-25
1.73780E+00  1.09116E-24
1.81970E+00  3.45960E-24
1.90546E+00  1.09727E-23
1.99526E+00  3.48135E-23
2.08930E+00  1.10489E-22
2.18776E+00  3.50776E-22
2.29087E+00  1.11396E-21
2.39883E+00  3.53867E-21
2.51189E+00  1.12443E-20
2.63027E+00  3.57390E-20
2.75423E+00  1.13624E-19
2.88403E+00  3.81895E-19
3.01995E+00  6.08619E-19
3.16228E+00  3.47642E-19
3.31131E+00  3.92217E-19
3.46737E+00  6.48847E-19
3.63078E+00  8.20998E-19
3.80189E+00  6.67141E-19
3.98107E+00  6.00114E-19
4.16869E+00  6.02291E-19
4.36516E+00  6.36801E-19
4.57088E+00  6.89033E-19
4.78630E+00  7.48553E-19
5.01187E+00  8.00540E-19
5.24807E+00  7.97434E-19
5.49541E+00  8.63375E-19
5.75440E+00  1.05488E-18
6.02560E+00  1.20388E-18
6.30957E+00  1.34316E-18
6.60693E+00  1.48707E-18
6.91831E+00  1.64364E-18
7.24436E+00  1.81617E-18
7.58578E+00  2.01507E-18
7.94328E+00  2.26635E-18
8.31764E+00  2.65380E-18
8.70964E+00  3.67297E-18
9.12011E+00  1.70313E-17
9.54992E+00  1.20930E-17
1.00000E+01  4.69613E-18
1.04713E+01  4.24950E-18
1.09648E+01  4.43507E-18
1.14815E+01  4.85260E-18
1.20226E+01  5.45243E-18
1.25893E+01  6.26471E-18
1.31826E+01  7.39599E-18
1.38038E+01  9.18356E-18
1.44544E+01  1.40593E-17
1.51356E+01  2.07612E-17
1.58489E+01  3.45240E-17
1.65959E+01  4.25887E-17
1.73780E+01  2.28089E-16
1.81970E+01  9.49020E-17
1.90546E+01  1.01093E-16
1.99526E+01  1.25349E-16
2.08930E+01  2.79326E-16
2.18776E+01  4.83566E-16
2.29087E+01  2.46258E-16
2.39883E+01  2.41404E-16
2.51189E+01  1.33216E-16
2.63027E+01  9.67142E-17
2.75423E+01  9.49134E-17
2.88403E+01  1.04687E-16
3.01995E+01  1.38885E-16
3.16228E+01  5.96322E-16
3.31131E+01  2.82841E-16
3.46737E+01  3.12575E-16
3.63078E+01  3.11754E-16
3.80189E+01  2.72854E-16
3.98107E+01  2.38666E-16
4.16869E+01  2.28128E-16
4.36516E+01  2.54909E-16
4.57088E+01  3.24743E-16
4.78630E+01  4.12630E-16
5.01187E+01  3.97813E-16
5.24807E+01  3.99023E-16
5.49541E+01  4.18919E-16
5.75440E+01  4.44385E-16
6.02560E+01  4.79972E-16
6.30957E+01  5.25516E-16
6.60693E+01  5.83645E-16
6.91831E+01  6.59347E-16
7.24436E+01  7.57363E-16
7.58578E+01  8.86265E-16
7.94328E+01  1.05373E-15
8.31764E+01  1.26383E-15
8.70963E+01  1.51972E-15
9.12011E+01  1.81440E-15
9.54992E+01  2.13611E-15
1.00000E+02  2.47347E-15
1.04713E+02  2.82129E-15
1.09648E+02  3.17736E-15
1.14815E+02  3.54539E-15
1.20226E+02  3.93402E-15
1.25893E+02  4.34651E-15
1.31826E+02  4.78716E-15
1.38038E+02  5.25955E-15
1.44544E+02  5.75874E-15
1.51356E+02  6.27892E-15
1.58489E+02  6.81552E-15
1.65959E+02  7.35932E-15
1.73780E+02  7.89927E-15
1.81970E+02  8.42223E-15
1.90546E+02  8.91817E-15
1.99526E+02  9.37432E-15
2.08930E+02  9.78357E-15
2.18776E+02  1.01287E-14
2.29087E+02  1.04056E-14
2.39883E+02  1.06109E-14
2.51189E+02  1.07425E-14
2.63027E+02  1.07986E-14
2.75423E+02  1.07765E-14
2.88403E+02  1.06850E-14
3.01995E+02  1.05243E-14
3.16228E+02  1.03140E-14
3.31131E+02  1.00754E-14
3.46737E+02  9.82199E-15
3.63078E+02  9.57562E-15
3.80189E+02  9.33466E-15
3.98107E+02  8.92089E-15
4.16869E+02  8.27143E-15
4.36516E+02  7.61208E-15
4.57088E+02  6.99388E-15
4.78630E+02  6.42005E-15
5.01187E+02  5.87722E-15
5.24807E+02  5.36694E-15
5.49541E+02  4.87760E-15
5.75440E+02  4.41532E-15
6.02560E+02  3.98450E-15
6.30957E+02  3.57992E-15
6.60693E+02  3.20638E-15
6.91831E+02  2.85765E-15
7.24436E+02  2.52309E-15
7.58577E+02  2.21280E-15
7.94328E+02  1.93690E-15
8.31763E+02  1.69449E-15
8.70963E+02  1.47853E-15
9.12011E+02  1.28792E-15
9.54993E+02  1.12044E-15
1.00000E+03  9.73690E-16
1.04713E+03  8.44867E-16
1.09648E+03  7.32485E-16
1.14815E+03  6.34703E-16
1.20226E+03  5.49372E-16
1.25893E+03  4.75454E-16
1.31826E+03  4.11391E-16
1.38038E+03  3.55613E-16
1.44544E+03  3.07422E-16
1.51356E+03  2.65735E-16
1.58489E+03  2.29653E-16
1.65959E+03  1.98498E-16
1.73780E+03  1.71596E-16
1.81970E+03  1.48375E-16
1.90546E+03  1.28429E-16
1.99526E+03  1.11138E-16
2.08930E+03  9.62200E-17
2.18776E+03  8.33715E-17
2.29087E+03  7.22634E-17
2.39883E+03  6.26488E-17
2.51189E+03  5.43477E-17
2.63027E+03  4.71731E-17
2.75423E+03  4.09786E-17
2.88403E+03  3.56959E-17
3.01995E+03  3.11077E-17
3.16228E+03  2.71863E-17
3.31131E+03  2.37964E-17
3.46737E+03  2.09447E-17
3.63078E+03  1.84515E-17
3.80189E+03  1.63450E-17
3.98107E+03  1.45330E-17
4.16869E+03  1.29863E-17
4.36516E+03  1.16740E-17
4.57088E+03  1.05433E-17
4.78630E+03  9.58864E-18
5.01187E+03  8.77572E-18
5.24807E+03  8.09242E-18
5.49541E+03  7.50639E-18
5.75440E+03  7.01161E-18
6.02560E+03  6.59802E-18
6.30957E+03  6.24923E-18
6.60693E+03  5.95928E-18
6.91831E+03  5.71905E-18
7.24436E+03  5.52218E-18
7.58577E+03  5.36124E-18
7.94328E+03  5.23240E-18
8.31763E+03  5.13231E-18
8.70963E+03  5.05486E-18
9.12010E+03  4.99816E-18
9.54993E+03  4.95985E-18
