#column 1 : lambda in microns
#column 2 : snu_eff in Jy / Lsun (in the cosmo of Planck 2013 XXX)
1.00000E+00  8.19230E-30
1.04713E+00  2.57888E-29
1.09648E+00  8.12187E-29
1.14815E+00  2.55903E-28
1.20226E+00  8.06640E-28
1.25893E+00  2.54371E-27
1.31826E+00  8.02479E-27
1.38038E+00  2.53263E-26
1.44544E+00  7.99607E-26
1.51356E+00  2.52549E-25
1.58489E+00  7.97943E-25
1.65959E+00  2.52206E-24
1.73780E+00  7.97420E-24
1.81970E+00  2.52213E-23
1.90546E+00  7.97978E-23
1.99526E+00  2.52554E-22
2.08930E+00  7.99568E-22
2.18776E+00  2.53215E-21
2.29087E+00  8.02151E-21
2.39883E+00  2.54185E-20
2.51189E+00  8.05692E-20
2.63027E+00  2.55453E-19
2.75423E+00  9.13874E-19
2.88403E+00  5.17710E-19
3.01995E+00  4.35751E-19
3.16228E+00  6.17988E-19
3.31131E+00  1.01538E-18
3.46737E+00  9.34271E-19
3.63078E+00  7.81979E-19
3.80189E+00  7.50623E-19
3.98107E+00  7.77280E-19
4.16869E+00  8.33813E-19
4.36516E+00  9.05414E-19
4.57088E+00  9.80094E-19
4.78630E+00  1.02244E-18
5.01187E+00  1.00038E-18
5.24807E+00  1.21828E-18
5.49541E+00  1.42856E-18
5.75440E+00  1.60521E-18
6.02560E+00  1.78204E-18
6.30957E+00  1.96979E-18
6.60693E+00  2.17691E-18
6.91831E+00  2.40933E-18
7.24436E+00  2.68489E-18
7.58578E+00  3.06122E-18
7.94328E+00  3.77355E-18
8.31764E+00  6.93715E-18
8.70964E+00  1.60406E-16
9.12011E+00  7.40901E-18
9.54992E+00  5.43366E-18
1.00000E+01  5.40511E-18
1.04713E+01  5.79981E-18
1.09648E+01  6.42986E-18
1.14815E+01  7.29738E-18
1.20226E+01  8.47983E-18
1.25893E+01  1.02062E-17
1.31826E+01  1.33805E-17
1.38038E+01  2.94401E-17
1.44544E+01  2.69951E-17
1.51356E+01  5.52151E-17
1.58489E+01  9.05386E-17
1.65959E+01  2.37791E-16
1.73780E+01  1.17271E-16
1.81970E+01  1.29158E-16
1.90546E+01  2.19305E-16
1.99526E+01  5.94688E-16
2.08930E+01  5.00031E-16
2.18776E+01  2.54928E-16
2.29087E+01  2.79038E-16
2.39883E+01  1.31283E-16
2.51189E+01  1.17360E-16
2.63027E+01  1.22242E-16
2.75423E+01  1.44054E-16
2.88403E+01  2.52567E-16
3.01995E+01  4.94958E-16
3.16228E+01  4.08230E-16
3.31131E+01  5.27539E-16
3.46737E+01  3.14303E-16
3.63078E+01  2.90475E-16
3.80189E+01  2.79723E-16
3.98107E+01  2.95163E-16
4.16869E+01  3.45489E-16
4.36516E+01  4.75738E-16
4.57088E+01  5.36060E-16
4.78630E+01  4.76536E-16
5.01187E+01  5.14129E-16
5.24807E+01  5.27651E-16
5.49541E+01  5.64690E-16
5.75440E+01  6.13140E-16
6.02560E+01  6.73962E-16
6.30957E+01  7.54147E-16
6.60693E+01  8.57739E-16
6.91831E+01  9.92508E-16
7.24436E+01  1.16731E-15
7.58578E+01  1.38992E-15
7.94328E+01  1.66470E-15
8.31764E+01  1.98815E-15
8.70963E+01  2.34832E-15
9.12011E+01  2.73252E-15
9.54992E+01  3.12967E-15
1.00000E+02  3.53904E-15
1.04713E+02  3.96219E-15
1.09648E+02  4.40588E-15
1.14815E+02  4.88093E-15
1.20226E+02  5.38987E-15
1.25893E+02  5.94008E-15
1.31826E+02  6.52796E-15
1.38038E+02  7.15111E-15
1.44544E+02  7.80192E-15
1.51356E+02  8.47097E-15
1.58489E+02  9.14536E-15
1.65959E+02  9.81508E-15
1.73780E+02  1.04645E-14
1.81970E+02  1.10805E-14
1.90546E+02  1.16431E-14
1.99526E+02  1.21444E-14
2.08930E+02  1.25677E-14
2.18776E+02  1.29043E-14
2.29087E+02  1.31552E-14
2.39883E+02  1.33187E-14
2.51189E+02  1.33837E-14
2.63027E+02  1.33584E-14
2.75423E+02  1.32402E-14
2.88403E+02  1.30455E-14
3.01995E+02  1.28054E-14
3.16228E+02  1.25321E-14
3.31131E+02  1.22526E-14
3.46737E+02  1.19919E-14
3.63078E+02  1.16534E-14
3.80189E+02  1.09739E-14
3.98107E+02  1.01483E-14
4.16869E+02  9.35037E-15
4.36516E+02  8.61318E-15
4.57088E+02  7.91336E-15
4.78630E+02  7.25047E-15
5.01187E+02  6.61226E-15
5.24807E+02  6.01367E-15
5.49541E+02  5.44629E-15
5.75440E+02  4.91553E-15
6.02560E+02  4.41798E-15
6.30957E+02  3.95684E-15
6.60693E+02  3.51660E-15
6.91831E+02  3.09417E-15
7.24436E+02  2.71557E-15
7.58577E+02  2.38010E-15
7.94328E+02  2.08186E-15
8.31763E+02  1.81692E-15
8.70963E+02  1.58358E-15
9.12011E+02  1.37823E-15
9.54993E+02  1.19871E-15
1.00000E+03  1.04081E-15
1.04713E+03  9.02771E-16
1.09648E+03  7.82869E-16
1.14815E+03  6.78103E-16
1.20226E+03  5.87261E-16
1.25893E+03  5.08088E-16
1.31826E+03  4.39630E-16
1.38038E+03  3.80175E-16
1.44544E+03  3.28694E-16
1.51356E+03  2.84257E-16
1.58489E+03  2.45909E-16
1.65959E+03  2.12686E-16
1.73780E+03  1.83961E-16
1.81970E+03  1.59284E-16
1.90546E+03  1.37895E-16
1.99526E+03  1.19474E-16
2.08930E+03  1.03511E-16
2.18776E+03  8.97402E-17
2.29087E+03  7.77988E-17
2.39883E+03  6.74707E-17
2.51189E+03  5.85653E-17
2.63027E+03  5.08964E-17
2.75423E+03  4.42917E-17
2.88403E+03  3.85939E-17
3.01995E+03  3.37562E-17
3.16228E+03  2.95713E-17
3.31131E+03  2.60064E-17
3.46737E+03  2.29168E-17
3.63078E+03  2.02855E-17
3.80189E+03  1.80361E-17
3.98107E+03  1.61414E-17
4.16869E+03  1.44940E-17
4.36516E+03  1.31018E-17
4.57088E+03  1.19079E-17
4.78630E+03  1.08968E-17
5.01187E+03  1.00311E-17
5.24807E+03  9.30700E-18
5.49541E+03  8.69283E-18
5.75440E+03  8.17888E-18
6.02560E+03  7.74461E-18
6.30957E+03  7.38222E-18
6.60693E+03  7.08212E-18
6.91831E+03  6.83455E-18
7.24436E+03  6.63408E-18
7.58577E+03  6.47343E-18
7.94328E+03  6.34705E-18
8.31763E+03  6.24940E-18
8.70963E+03  6.17822E-18
9.12010E+03  6.12987E-18
9.54993E+03  6.10191E-18
