#column 1 : lambda in microns
#column 2 : snu_eff in Jy / Lsun (in the cosmo of Planck 2013 XXX)
1.00000E+00  2.59178E-39
1.04713E+00  8.00388E-39
1.09648E+00  2.47633E-38
1.14815E+00  7.67557E-38
1.20226E+00  2.38340E-37
1.25893E+00  7.41395E-37
1.31826E+00  2.31021E-36
1.38038E+00  7.21078E-36
1.44544E+00  2.25435E-35
1.51356E+00  7.05903E-35
1.58489E+00  2.21375E-34
1.65959E+00  6.95261E-34
1.73780E+00  2.18662E-33
1.81970E+00  6.88619E-33
1.90546E+00  2.17140E-32
1.99526E+00  6.85533E-32
2.08930E+00  2.16678E-31
2.18776E+00  6.85606E-31
2.29087E+00  2.17161E-30
2.39883E+00  6.88508E-30
2.51189E+00  2.18490E-29
2.63027E+00  6.93949E-29
2.75423E+00  2.20583E-28
2.88403E+00  7.01683E-28
3.01995E+00  2.23366E-27
3.16228E+00  7.11502E-27
3.31131E+00  2.26778E-26
3.46737E+00  7.23221E-26
3.63078E+00  2.30768E-25
3.80189E+00  7.36697E-25
3.98107E+00  2.35289E-24
4.16869E+00  7.51796E-24
4.36516E+00  2.40307E-23
4.57088E+00  7.68406E-23
4.78630E+00  2.45790E-22
5.01187E+00  7.86449E-22
5.24807E+00  2.51710E-21
5.49541E+00  8.05838E-21
5.75440E+00  2.58049E-20
6.02560E+00  9.39872E-20
6.30957E+00  8.35416E-20
6.60693E+00  5.80939E-20
6.91831E+00  7.39491E-20
7.24436E+00  1.26416E-19
7.58578E+00  1.34410E-19
7.94328E+00  1.09312E-19
8.31764E+00  1.01517E-19
8.70964E+00  1.03574E-19
9.12011E+00  1.10370E-19
9.54992E+00  1.19668E-19
1.00000E+01  1.29706E-19
1.04713E+01  1.37198E-19
1.09648E+01  1.33875E-19
1.14815E+01  1.55495E-19
1.20226E+01  1.86348E-19
1.25893E+01  2.10722E-19
1.31826E+01  2.34740E-19
1.38038E+01  2.59797E-19
1.44544E+01  2.87167E-19
1.51356E+01  3.18201E-19
1.58489E+01  3.53794E-19
1.65959E+01  4.01199E-19
1.73780E+01  4.81625E-19
1.81970E+01  7.44929E-19
1.90546E+01  1.09627E-17
1.99526E+01  1.32598E-18
2.08930E+01  7.75059E-19
2.18776E+01  7.48607E-19
2.29087E+01  8.01115E-19
2.39883E+01  8.92549E-19
2.51189E+01  1.01957E-18
2.63027E+01  1.19041E-18
2.75423E+01  1.43179E-18
2.88403E+01  1.82459E-18
3.01995E+01  3.25405E-18
3.16228E+01  3.68786E-18
3.31131E+01  8.05116E-18
3.46737E+01  9.37925E-18
3.63078E+01  5.10022E-17
3.80189E+01  1.62031E-17
3.98107E+01  1.83087E-17
4.16869E+01  2.64347E-17
4.36516E+01  6.71396E-17
4.57088E+01  8.43572E-17
4.78630E+01  3.91306E-17
5.01187E+01  4.83619E-17
5.24807E+01  2.18035E-17
5.49541E+01  1.84396E-17
5.75440E+01  1.89144E-17
6.02560E+01  2.15154E-17
6.30957E+01  3.07788E-17
6.60693E+01  1.06694E-16
6.91831E+01  5.80297E-17
7.24436E+01  6.80666E-17
7.58578E+01  5.15813E-17
7.94328E+01  5.00554E-17
8.31764E+01  4.71606E-17
8.70963E+01  4.74096E-17
9.12011E+01  5.46850E-17
9.54992E+01  8.19800E-17
1.00000E+02  8.76203E-17
1.04713E+02  8.35517E-17
1.09648E+02  8.97648E-17
1.14815E+02  9.28066E-17
1.20226E+02  9.98999E-17
1.25893E+02  1.09269E-16
1.31826E+02  1.21383E-16
1.38038E+02  1.37151E-16
1.44544E+02  1.58318E-16
1.51356E+02  1.86779E-16
1.58489E+02  2.25433E-16
1.65959E+02  2.77465E-16
1.73780E+02  3.45388E-16
1.81970E+02  4.28682E-16
1.90546E+02  5.24749E-16
1.99526E+02  6.27396E-16
2.08930E+02  7.31321E-16
2.18776E+02  8.31524E-16
2.29087E+02  9.26698E-16
2.39883E+02  1.01753E-15
2.51189E+02  1.10590E-15
2.63027E+02  1.19225E-15
2.75423E+02  1.27789E-15
2.88403E+02  1.36241E-15
3.01995E+02  1.44519E-15
3.16228E+02  1.52321E-15
3.31131E+02  1.59886E-15
3.46737E+02  1.66623E-15
3.63078E+02  1.72517E-15
3.80189E+02  1.77364E-15
3.98107E+02  1.80958E-15
4.16869E+02  1.83706E-15
4.36516E+02  1.84608E-15
4.57088E+02  1.84441E-15
4.78630E+02  1.82708E-15
5.01187E+02  1.79997E-15
5.24807E+02  1.76109E-15
5.49541E+02  1.71108E-15
5.75440E+02  1.65340E-15
6.02560E+02  1.58840E-15
6.30957E+02  1.51442E-15
6.60693E+02  1.44241E-15
6.91831E+02  1.36710E-15
7.24436E+02  1.29440E-15
7.58577E+02  1.22965E-15
7.94328E+02  1.16508E-15
8.31763E+02  1.07664E-15
8.70963E+02  9.72583E-16
9.12011E+02  8.75137E-16
9.54993E+02  7.88029E-16
1.00000E+03  7.09191E-16
1.04713E+03  6.36331E-16
1.09648E+03  5.69616E-16
1.14815E+03  5.08296E-16
1.20226E+03  4.52142E-16
1.25893E+03  4.01242E-16
1.31826E+03  3.54585E-16
1.38038E+03  3.12661E-16
1.44544E+03  2.74298E-16
1.51356E+03  2.38253E-16
1.58489E+03  2.06281E-16
1.65959E+03  1.78440E-16
1.73780E+03  1.53994E-16
1.81970E+03  1.32931E-16
1.90546E+03  1.14727E-16
1.99526E+03  9.88550E-17
2.08930E+03  8.50311E-17
2.18776E+03  7.32131E-17
2.29087E+03  6.29703E-17
2.39883E+03  5.41344E-17
2.51189E+03  4.65657E-17
2.63027E+03  4.00569E-17
2.75423E+03  3.44388E-17
2.88403E+03  2.96397E-17
3.01995E+03  2.55084E-17
3.16228E+03  2.19618E-17
3.31131E+03  1.89296E-17
3.46737E+03  1.63125E-17
3.63078E+03  1.40540E-17
3.80189E+03  1.21427E-17
3.98107E+03  1.05264E-17
4.16869E+03  9.10027E-18
4.36516E+03  7.89273E-18
4.57088E+03  6.85420E-18
4.78630E+03  5.96189E-18
5.01187E+03  5.19595E-18
5.24807E+03  4.53692E-18
5.49541E+03  3.97036E-18
5.75440E+03  3.48487E-18
6.02560E+03  3.07240E-18
6.30957E+03  2.71299E-18
6.60693E+03  2.41408E-18
6.91831E+03  2.15324E-18
7.24436E+03  1.93557E-18
7.58577E+03  1.74849E-18
7.94328E+03  1.59069E-18
8.31763E+03  1.45664E-18
8.70963E+03  1.34523E-18
9.12010E+03  1.24990E-18
9.54993E+03  1.17077E-18
