#column 1 : lambda in microns
#column 2 : snu_eff in Jy / Lsun (in the cosmo of Planck 2013 XXX)
1.00000E+00  2.47702E-27
1.04713E+00  7.76225E-27
1.09648E+00  2.43322E-26
1.14815E+00  7.62979E-26
1.20226E+00  2.39318E-25
1.25893E+00  7.50881E-25
1.31826E+00  2.35666E-24
1.38038E+00  7.39863E-24
1.44544E+00  2.32345E-23
1.51356E+00  7.29860E-23
1.58489E+00  2.29336E-22
1.65959E+00  7.20823E-22
1.73780E+00  2.26625E-21
1.81970E+00  7.12702E-21
1.90546E+00  2.24197E-20
1.99526E+00  7.05461E-20
2.08930E+00  2.22042E-19
2.18776E+00  7.02459E-19
2.29087E+00  1.87213E-18
2.39883E+00  9.56639E-19
2.51189E+00  9.38188E-19
2.63027E+00  1.45688E-18
2.75423E+00  2.14536E-18
2.88403E+00  1.80848E-18
3.01995E+00  1.57257E-18
3.16228E+00  1.54781E-18
3.31131E+00  1.62200E-18
3.46737E+00  1.74838E-18
3.63078E+00  1.90107E-18
3.80189E+00  2.04787E-18
3.98107E+00  2.09298E-18
4.16869E+00  2.12857E-18
4.36516E+00  2.62229E-18
4.57088E+00  3.02663E-18
4.78630E+00  3.38766E-18
5.01187E+00  3.75344E-18
5.24807E+00  4.14715E-18
5.49541E+00  4.58057E-18
5.75440E+00  5.06963E-18
6.02560E+00  5.66897E-18
6.30957E+00  6.53146E-18
6.60693E+00  8.42224E-18
6.91831E+00  2.12158E-17
7.24436E+00  7.23750E-17
7.58578E+00  1.31235E-17
7.94328E+00  1.09239E-17
8.31764E+00  1.11432E-17
8.70964E+00  1.20497E-17
9.12011E+00  1.34093E-17
9.54992E+00  1.52547E-17
1.00000E+01  1.78137E-17
1.04713E+01  2.16670E-17
1.09648E+01  3.00850E-17
1.14815E+01  5.96420E-17
1.20226E+01  6.53728E-17
1.25893E+01  1.01524E-16
1.31826E+01  3.11277E-16
1.38038E+01  3.03565E-16
1.44544E+01  2.50596E-16
1.51356E+01  2.80552E-16
1.58489E+01  5.47562E-16
1.65959E+01  1.23948E-15
1.73780E+01  7.77079E-16
1.81970E+01  5.31146E-16
1.90546E+01  4.16423E-16
1.99526E+01  2.48709E-16
2.08930E+01  2.33594E-16
2.18776E+01  2.49712E-16
2.29087E+01  3.09039E-16
2.39883E+01  7.87108E-16
2.51189E+01  7.46063E-16
2.63027E+01  7.71731E-16
2.75423E+01  9.65306E-16
2.88403E+01  6.49778E-16
3.01995E+01  5.60950E-16
3.16228E+01  5.45155E-16
3.31131E+01  5.93165E-16
3.46737E+01  7.08257E-16
3.63078E+01  9.38482E-16
3.80189E+01  9.58633E-16
3.98107E+01  9.22771E-16
4.16869E+01  9.75752E-16
4.36516E+01  1.02101E-15
4.57088E+01  1.09354E-15
4.78630E+01  1.18825E-15
5.01187E+01  1.30673E-15
5.24807E+01  1.46184E-15
5.49541E+01  1.66042E-15
5.75440E+01  1.91644E-15
6.02560E+01  2.24523E-15
6.30957E+01  2.65482E-15
6.60693E+01  3.14796E-15
6.91831E+01  3.71005E-15
7.24436E+01  4.32422E-15
7.58578E+01  4.97120E-15
7.94328E+01  5.63901E-15
8.31764E+01  6.32933E-15
8.70963E+01  7.05631E-15
9.12011E+01  7.83708E-15
9.54992E+01  8.68374E-15
1.00000E+02  9.61445E-15
1.04713E+02  1.06294E-14
1.09648E+02  1.17367E-14
1.14815E+02  1.29189E-14
1.20226E+02  1.41744E-14
1.25893E+02  1.54824E-14
1.31826E+02  1.68280E-14
1.38038E+02  1.81768E-14
1.44544E+02  1.95101E-14
1.51356E+02  2.07960E-14
1.58489E+02  2.20098E-14
1.65959E+02  2.31164E-14
1.73780E+02  2.40892E-14
1.81970E+02  2.49134E-14
1.90546E+02  2.55844E-14
1.99526E+02  2.60795E-14
2.08930E+02  2.63941E-14
2.18776E+02  2.65265E-14
2.29087E+02  2.64774E-14
2.39883E+02  2.62854E-14
2.51189E+02  2.59950E-14
2.63027E+02  2.56369E-14
2.75423E+02  2.52795E-14
2.88403E+02  2.49407E-14
3.01995E+02  2.42813E-14
3.16228E+02  2.28635E-14
3.31131E+02  2.12410E-14
3.46737E+02  1.96955E-14
3.63078E+02  1.82352E-14
3.80189E+02  1.68484E-14
3.98107E+02  1.55165E-14
4.16869E+02  1.42217E-14
4.36516E+02  1.29901E-14
4.57088E+02  1.18164E-14
4.78630E+02  1.06979E-14
5.01187E+02  9.65216E-15
5.24807E+02  8.67124E-15
5.49541E+02  7.72073E-15
5.75440E+02  6.81947E-15
6.02560E+02  6.00467E-15
6.30957E+02  5.28004E-15
6.60693E+02  4.63128E-15
6.91831E+02  4.05592E-15
7.24436E+02  3.54410E-15
7.58577E+02  3.09199E-15
7.94328E+02  2.69451E-15
8.31763E+02  2.34612E-15
8.70963E+02  2.04002E-15
9.12011E+02  1.77202E-15
9.54993E+02  1.53887E-15
1.00000E+03  1.33477E-15
1.04713E+03  1.15741E-15
1.09648E+03  1.00269E-15
1.14815E+03  8.68787E-16
1.20226E+03  7.52155E-16
1.25893E+03  6.51326E-16
1.31826E+03  5.63860E-16
1.38038E+03  4.88337E-16
1.44544E+03  4.22885E-16
1.51356E+03  3.66359E-16
1.58489E+03  3.17335E-16
1.65959E+03  2.75047E-16
1.73780E+03  2.38398E-16
1.81970E+03  2.06602E-16
1.90546E+03  1.79034E-16
1.99526E+03  1.55185E-16
2.08930E+03  1.34591E-16
2.18776E+03  1.16828E-16
2.29087E+03  1.01651E-16
2.39883E+03  8.85074E-17
2.51189E+03  7.71202E-17
2.63027E+03  6.73607E-17
2.75423E+03  5.90727E-17
2.88403E+03  5.18399E-17
3.01995E+03  4.57207E-17
3.16228E+03  4.04792E-17
3.31131E+03  3.60044E-17
3.46737E+03  3.21513E-17
3.63078E+03  2.88534E-17
3.80189E+03  2.60582E-17
3.98107E+03  2.36836E-17
4.16869E+03  2.16400E-17
4.36516E+03  1.99199E-17
4.57088E+03  1.84589E-17
4.78630E+03  1.72180E-17
5.01187E+03  1.61755E-17
5.24807E+03  1.53010E-17
5.49541E+03  1.45707E-17
5.75440E+03  1.39657E-17
6.02560E+03  1.34650E-17
6.30957E+03  1.30581E-17
6.60693E+03  1.27287E-17
6.91831E+03  1.24692E-17
7.24436E+03  1.22684E-17
7.58577E+03  1.21204E-17
7.94328E+03  1.20189E-17
8.31763E+03  1.19583E-17
8.70963E+03  1.19325E-17
9.12010E+03  1.19375E-17
9.54993E+03  1.19709E-17
