#column 1 : lambda in microns
#column 2 : snu_eff in Jy / Lsun (in the cosmo of Planck 2013 XXX)
1.00000E+00  2.97720E-30
1.04713E+00  9.38865E-30
1.09648E+00  2.96215E-29
1.14815E+00  9.35003E-29
1.20226E+00  2.95266E-28
1.25893E+00  9.32826E-28
1.31826E+00  2.94828E-27
1.38038E+00  9.32206E-27
1.44544E+00  2.94865E-26
1.51356E+00  9.33030E-26
1.58489E+00  2.95342E-25
1.65959E+00  9.35205E-25
1.73780E+00  2.96234E-24
1.81970E+00  9.38651E-24
1.90546E+00  2.97517E-23
1.99526E+00  9.43302E-23
2.08930E+00  2.99171E-22
2.18776E+00  9.49100E-22
2.29087E+00  3.01180E-21
2.39883E+00  9.56002E-21
2.51189E+00  3.03532E-20
2.63027E+00  9.63968E-20
2.75423E+00  3.07693E-19
2.88403E+00  8.23619E-19
3.01995E+00  4.19120E-19
3.16228E+00  4.10502E-19
3.31131E+00  6.38937E-19
3.46737E+00  9.42242E-19
3.63078E+00  7.92960E-19
3.80189E+00  6.88233E-19
3.98107E+00  6.76635E-19
4.16869E+00  7.08679E-19
4.36516E+00  7.63712E-19
4.57088E+00  8.30325E-19
4.78630E+00  8.94305E-19
5.01187E+00  9.13388E-19
5.24807E+00  9.28200E-19
5.49541E+00  1.14516E-18
5.75440E+00  1.32267E-18
6.02560E+00  1.48112E-18
6.30957E+00  1.64151E-18
6.60693E+00  1.81439E-18
6.91831E+00  2.00489E-18
7.24436E+00  2.22005E-18
7.58578E+00  2.48408E-18
7.94328E+00  2.86477E-18
8.31764E+00  3.70009E-18
8.70964E+00  9.35014E-18
9.12011E+00  3.19441E-17
9.54992E+00  5.78384E-18
1.00000E+01  4.81880E-18
1.04713E+01  4.92512E-18
1.09648E+01  5.33900E-18
1.14815E+01  5.95868E-18
1.20226E+01  6.79844E-18
1.25893E+01  7.96204E-18
1.31826E+01  9.70685E-18
1.38038E+01  1.34817E-17
1.44544E+01  2.66293E-17
1.51356E+01  2.92454E-17
1.58489E+01  4.53555E-17
1.65959E+01  1.38465E-16
1.73780E+01  1.35223E-16
1.81970E+01  1.11899E-16
1.90546E+01  1.25407E-16
1.99526E+01  2.44332E-16
2.08930E+01  5.52516E-16
2.18776E+01  3.47079E-16
2.29087E+01  2.37622E-16
2.39883E+01  1.86681E-16
2.51189E+01  1.12013E-16
2.63027E+01  1.05578E-16
2.75423E+01  1.13198E-16
2.88403E+01  1.40123E-16
3.01995E+01  3.53768E-16
3.16228E+01  3.36247E-16
3.31131E+01  3.48575E-16
3.46737E+01  4.36267E-16
3.63078E+01  2.96016E-16
3.80189E+01  2.57146E-16
3.98107E+01  2.51224E-16
4.16869E+01  2.74403E-16
4.36516E+01  3.28503E-16
4.57088E+01  4.35833E-16
4.78630E+01  4.47657E-16
5.01187E+01  4.33685E-16
5.24807E+01  4.60567E-16
5.49541E+01  4.83890E-16
5.75440E+01  5.20184E-16
6.02560E+01  5.67373E-16
6.30957E+01  6.26501E-16
6.60693E+01  7.04166E-16
6.91831E+01  8.04403E-16
7.24436E+01  9.35146E-16
7.58578E+01  1.10553E-15
7.94328E+01  1.32148E-15
8.31764E+01  1.58623E-15
8.70963E+01  1.89305E-15
9.12011E+01  2.23277E-15
9.54992E+01  2.59261E-15
1.00000E+02  2.96323E-15
1.04713E+02  3.34250E-15
1.09648E+02  3.73556E-15
1.14815E+02  4.14949E-15
1.20226E+02  4.58921E-15
1.25893E+02  5.06307E-15
1.31826E+02  5.56989E-15
1.38038E+02  6.11198E-15
1.44544E+02  6.67955E-15
1.51356E+02  7.26984E-15
1.58489E+02  7.87206E-15
1.65959E+02  8.47797E-15
1.73780E+02  9.06948E-15
1.81970E+02  9.63777E-15
1.90546E+02  1.01687E-14
1.99526E+02  1.06507E-14
2.08930E+02  1.10704E-14
2.18776E+02  1.14162E-14
2.29087E+02  1.16833E-14
2.39883E+02  1.18733E-14
2.51189E+02  1.19781E-14
2.63027E+02  1.19984E-14
2.75423E+02  1.19369E-14
2.88403E+02  1.17969E-14
3.01995E+02  1.15968E-14
3.16228E+02  1.13572E-14
3.31131E+02  1.10925E-14
3.46737E+02  1.08342E-14
3.63078E+02  1.05867E-14
3.80189E+02  1.02147E-14
3.98107E+02  9.54087E-15
4.16869E+02  8.79813E-15
4.36516E+02  8.09849E-15
4.57088E+02  7.44456E-15
4.78630E+02  6.83077E-15
5.01187E+02  6.24884E-15
5.24807E+02  5.69012E-15
5.49541E+02  5.16515E-15
5.75440E+02  4.67024E-15
6.02560E+02  4.20412E-15
6.30957E+02  3.77233E-15
6.60693E+02  3.37135E-15
6.91831E+02  2.98680E-15
7.24436E+02  2.62527E-15
7.58577E+02  2.30102E-15
7.94328E+02  2.01471E-15
8.31763E+02  1.75986E-15
8.70963E+02  1.53527E-15
9.12011E+02  1.33666E-15
9.54993E+02  1.16214E-15
1.00000E+03  1.00943E-15
1.04713E+03  8.76231E-16
1.09648E+03  7.59730E-16
1.14815E+03  6.58152E-16
1.20226E+03  5.70135E-16
1.25893E+03  4.93351E-16
1.31826E+03  4.26877E-16
1.38038E+03  3.69072E-16
1.44544E+03  3.19183E-16
1.51356E+03  2.75869E-16
1.58489E+03  2.38540E-16
1.65959E+03  2.06236E-16
1.73780E+03  1.78401E-16
1.81970E+03  1.54345E-16
1.90546E+03  1.33619E-16
1.99526E+03  1.15671E-16
2.08930E+03  1.00226E-16
2.18776E+03  8.68657E-17
2.29087E+03  7.52990E-17
2.39883E+03  6.52882E-17
2.51189E+03  5.66427E-17
2.63027E+03  4.91895E-17
2.75423E+03  4.27714E-17
2.88403E+03  3.72980E-17
3.01995E+03  3.25629E-17
3.16228E+03  2.84704E-17
3.31131E+03  2.49660E-17
3.46737E+03  2.19962E-17
3.63078E+03  1.94092E-17
3.80189E+03  1.72237E-17
3.98107E+03  1.53548E-17
4.16869E+03  1.37630E-17
4.36516E+03  1.23951E-17
4.57088E+03  1.12274E-17
4.78630E+03  1.02404E-17
5.01187E+03  9.40433E-18
5.24807E+03  8.68771E-18
5.49541E+03  8.08686E-18
5.75440E+03  7.57942E-18
6.02560E+03  7.15078E-18
6.30957E+03  6.79343E-18
6.60693E+03  6.49644E-18
6.91831E+03  6.25129E-18
7.24436E+03  6.05107E-18
7.58577E+03  5.88853E-18
7.94328E+03  5.75994E-18
8.31763E+03  5.65927E-18
8.70963E+03  5.58397E-18
9.12010E+03  5.53007E-18
9.54993E+03  5.49540E-18
