#column 1 : lambda in microns
#column 2 : snu_eff in Jy / Lsun (in the cosmo of Planck 2013 XXX)
1.00000E+00  8.35837E-19
1.04713E+00  2.61023E-18
1.09648E+00  8.15205E-18
1.14815E+00  2.54618E-17
1.20226E+00  9.06289E-17
1.25893E+00  8.08655E-17
1.31826E+00  5.68035E-17
1.38038E+00  7.21380E-17
1.44544E+00  1.22461E-16
1.51356E+00  1.30225E-16
1.58489E+00  1.06603E-16
1.65959E+00  9.94763E-17
1.73780E+00  1.01715E-16
1.81970E+00  1.08533E-16
1.90546E+00  1.17704E-16
1.99526E+00  1.27685E-16
2.08930E+00  1.35237E-16
2.18776E+00  1.32372E-16
2.29087E+00  1.53210E-16
2.39883E+00  1.83007E-16
2.51189E+00  2.06796E-16
2.63027E+00  2.29907E-16
2.75423E+00  2.54112E-16
2.88403E+00  2.80589E-16
3.01995E+00  3.09938E-16
3.16228E+00  3.43970E-16
3.31131E+00  3.88210E-16
3.46737E+00  4.63535E-16
3.63078E+00  7.11634E-16
3.80189E+00  1.04053E-14
3.98107E+00  1.25438E-15
4.16869E+00  7.24860E-16
4.36516E+00  6.89283E-16
4.57088E+00  7.24255E-16
4.78630E+00  7.90565E-16
5.01187E+00  8.83121E-16
5.24807E+00  1.00930E-15
5.49541E+00  1.19129E-15
5.75440E+00  1.50379E-15
6.02560E+00  2.76426E-15
6.30957E+00  3.08245E-15
6.60693E+00  7.01114E-15
6.91831E+00  8.10235E-15
7.24436E+00  4.60571E-14
7.58578E+00  1.39971E-14
7.94328E+00  1.57013E-14
8.31764E+00  2.27754E-14
8.70964E+00  5.88833E-14
9.12011E+00  7.36625E-14
9.54992E+00  3.31955E-14
1.00000E+01  4.11022E-14
1.04713E+01  1.72476E-14
1.09648E+01  1.38766E-14
1.14815E+01  1.38521E-14
1.20226E+01  1.56764E-14
1.25893E+01  2.34434E-14
1.31826E+01  9.00728E-14
1.38038E+01  4.62049E-14
1.44544E+01  5.40390E-14
1.51356E+01  3.88459E-14
1.58489E+01  3.65641E-14
1.65959E+01  3.29941E-14
1.73780E+01  3.17645E-14
1.81970E+01  3.57590E-14
1.90546E+01  5.46378E-14
1.99526E+01  5.62286E-14
2.08930E+01  5.03138E-14
2.18776E+01  5.22404E-14
2.29087E+01  5.19775E-14
2.39883E+01  5.45150E-14
2.51189E+01  5.81155E-14
2.63027E+01  6.27364E-14
2.75423E+01  6.87769E-14
2.88403E+01  7.65395E-14
3.01995E+01  8.64242E-14
3.16228E+01  9.89089E-14
3.31131E+01  1.14365E-13
3.46737E+01  1.32888E-13
3.63078E+01  1.53865E-13
3.80189E+01  1.76623E-13
3.98107E+01  2.00476E-13
4.16869E+01  2.25336E-13
4.36516E+01  2.51289E-13
4.57088E+01  2.79133E-13
4.78630E+01  3.10038E-13
5.01187E+01  3.44852E-13
5.24807E+01  3.84546E-13
5.49541E+01  4.30050E-13
5.75440E+01  4.81613E-13
6.02560E+01  5.39875E-13
6.30957E+01  6.04582E-13
6.60693E+01  6.75482E-13
6.91831E+01  7.52452E-13
7.24436E+01  8.34076E-13
7.58578E+01  9.19853E-13
7.94328E+01  1.00776E-12
8.31764E+01  1.09671E-12
8.70963E+01  1.18567E-12
9.12011E+01  1.27110E-12
9.54992E+01  1.35187E-12
1.00000E+02  1.42742E-12
1.04713E+02  1.49553E-12
1.09648E+02  1.55521E-12
1.14815E+02  1.60466E-12
1.20226E+02  1.64388E-12
1.25893E+02  1.67318E-12
1.31826E+02  1.69346E-12
1.38038E+02  1.70874E-12
1.44544E+02  1.71998E-12
1.51356E+02  1.73304E-12
1.58489E+02  1.73945E-12
1.65959E+02  1.69601E-12
1.73780E+02  1.60798E-12
1.81970E+02  1.51489E-12
1.90546E+02  1.42595E-12
1.99526E+02  1.33961E-12
2.08930E+02  1.25328E-12
2.18776E+02  1.16809E-12
2.29087E+02  1.08346E-12
2.39883E+02  9.99892E-13
2.51189E+02  9.19219E-13
2.63027E+02  8.40354E-13
2.75423E+02  7.65431E-13
2.88403E+02  6.92289E-13
3.01995E+02  6.19415E-13
3.16228E+02  5.51377E-13
3.31131E+02  4.89858E-13
3.46737E+02  4.33792E-13
3.63078E+02  3.83309E-13
3.80189E+02  3.37980E-13
3.98107E+02  2.97365E-13
4.16869E+02  2.60977E-13
4.36516E+02  2.28838E-13
4.57088E+02  2.00281E-13
4.78630E+02  1.75012E-13
5.01187E+02  1.52819E-13
5.24807E+02  1.33314E-13
5.49541E+02  1.16104E-13
5.75440E+02  1.01096E-13
6.02560E+02  8.79444E-14
6.30957E+02  7.64232E-14
6.60693E+02  6.64181E-14
6.91831E+02  5.76743E-14
7.24436E+02  5.00820E-14
7.58577E+02  4.34609E-14
7.94328E+02  3.77431E-14
8.31763E+02  3.27513E-14
8.70963E+02  2.84100E-14
9.12011E+02  2.46450E-14
9.54993E+02  2.13724E-14
1.00000E+03  1.85274E-14
1.04713E+03  1.60464E-14
1.09648E+03  1.38995E-14
1.14815E+03  1.20416E-14
1.20226E+03  1.04455E-14
1.25893E+03  9.03799E-15
1.31826E+03  7.85685E-15
1.38038E+03  6.81365E-15
1.44544E+03  5.92485E-15
1.51356E+03  5.16204E-15
1.58489E+03  4.50738E-15
1.65959E+03  3.93904E-15
1.73780E+03  3.45647E-15
1.81970E+03  3.03724E-15
1.90546E+03  2.68013E-15
1.99526E+03  2.37591E-15
2.08930E+03  2.11313E-15
2.18776E+03  1.88978E-15
2.29087E+03  1.69797E-15
2.39883E+03  1.53410E-15
2.51189E+03  1.39516E-15
2.63027E+03  1.27599E-15
2.75423E+03  1.17513E-15
2.88403E+03  1.08936E-15
3.01995E+03  1.01687E-15
3.16228E+03  9.55935E-16
3.31131E+03  9.04727E-16
3.46737E+03  8.61767E-16
3.63078E+03  8.26059E-16
3.80189E+03  7.96662E-16
3.98107E+03  7.72727E-16
4.16869E+03  7.53368E-16
4.36516E+03  7.38253E-16
4.57088E+03  7.26684E-16
4.78630E+03  7.18174E-16
5.01187E+03  7.12406E-16
5.24807E+03  7.09044E-16
5.49541E+03  7.07789E-16
5.75440E+03  7.08421E-16
6.02560E+03  7.10733E-16
6.30957E+03  7.14551E-16
6.60693E+03  7.19735E-16
6.91831E+03  7.26146E-16
7.24436E+03  7.33708E-16
7.58577E+03  7.42311E-16
7.94328E+03  7.51907E-16
8.31763E+03  7.62413E-16
8.70963E+03  7.73786E-16
9.12010E+03  7.85994E-16
9.54993E+03  7.99007E-16
