#column 1 : lambda in microns
#column 2 : snu_eff in Jy / Lsun (in the cosmo of Planck 2013 XXX)
1.00000E+00  1.32863E-18
1.04713E+00  4.14925E-18
1.09648E+00  1.29589E-17
1.14815E+00  4.04763E-17
1.20226E+00  1.43199E-16
1.25893E+00  8.15838E-17
1.31826E+00  6.89424E-17
1.38038E+00  9.74990E-17
1.44544E+00  1.59639E-16
1.51356E+00  1.47164E-16
1.58489E+00  1.23585E-16
1.65959E+00  1.18878E-16
1.73780E+00  1.23231E-16
1.81970E+00  1.32266E-16
1.90546E+00  1.43626E-16
1.99526E+00  1.55504E-16
2.08930E+00  1.62319E-16
2.18776E+00  1.59089E-16
2.29087E+00  1.93341E-16
2.39883E+00  2.26370E-16
2.51189E+00  2.54189E-16
2.63027E+00  2.81959E-16
2.75423E+00  3.11436E-16
2.88403E+00  3.43857E-16
3.01995E+00  3.80129E-16
3.16228E+00  4.22983E-16
3.31131E+00  4.81311E-16
3.46737E+00  5.91531E-16
3.63078E+00  1.08258E-15
3.80189E+00  2.49421E-14
3.98107E+00  1.15123E-15
4.16869E+00  8.39979E-16
4.36516E+00  8.29585E-16
4.57088E+00  8.82552E-16
4.78630E+00  9.69099E-16
5.01187E+00  1.08832E-15
5.24807E+00  1.25240E-15
5.49541E+00  1.49427E-15
5.75440E+00  1.95354E-15
6.02560E+00  4.39022E-15
6.30957E+00  3.96608E-15
6.60693E+00  8.24448E-15
6.91831E+00  1.35889E-14
7.24436E+00  3.60270E-14
7.58578E+00  1.74765E-14
7.94328E+00  1.91648E-14
8.31764E+00  3.27135E-14
8.70964E+00  8.93514E-14
9.12011E+00  7.47351E-14
9.54992E+00  3.76254E-14
1.00000E+01  4.11083E-14
1.04713E+01  1.86713E-14
1.09648E+01  1.63546E-14
1.14815E+01  1.68373E-14
1.20226E+01  1.98569E-14
1.25893E+01  3.59861E-14
1.31826E+01  7.19953E-14
1.38038E+01  5.86602E-14
1.44544E+01  7.59718E-14
1.51356E+01  4.36354E-14
1.58489E+01  3.95915E-14
1.65959E+01  3.73472E-14
1.73780E+01  3.87290E-14
1.81970E+01  4.48524E-14
1.90546E+01  6.19388E-14
1.99526E+01  6.87064E-14
2.08930E+01  5.87057E-14
2.18776E+01  6.22344E-14
2.29087E+01  6.25604E-14
2.39883E+01  6.59305E-14
2.51189E+01  7.05078E-14
2.63027E+01  7.63070E-14
2.75423E+01  8.39793E-14
2.88403E+01  9.37803E-14
3.01995E+01  1.06265E-13
3.16228E+01  1.21980E-13
3.31131E+01  1.41218E-13
3.46737E+01  1.63941E-13
3.63078E+01  1.89521E-13
3.80189E+01  2.16923E-13
3.98107E+01  2.45519E-13
4.16869E+01  2.75142E-13
4.36516E+01  3.06413E-13
4.57088E+01  3.40252E-13
4.78630E+01  3.77847E-13
5.01187E+01  4.20667E-13
5.24807E+01  4.69438E-13
5.49541E+01  5.25388E-13
5.75440E+01  5.88774E-13
6.02560E+01  6.60146E-13
6.30957E+01  7.39217E-13
6.60693E+01  8.25772E-13
6.91831E+01  9.18815E-13
7.24436E+01  1.01764E-12
7.58578E+01  1.12097E-12
7.94328E+01  1.22691E-12
8.31764E+01  1.33366E-12
8.70963E+01  1.43868E-12
9.12011E+01  1.54018E-12
9.54992E+01  1.63557E-12
1.00000E+02  1.72442E-12
1.04713E+02  1.80396E-12
1.09648E+02  1.87281E-12
1.14815E+02  1.93013E-12
1.20226E+02  1.97432E-12
1.25893E+02  2.00683E-12
1.31826E+02  2.03014E-12
1.38038E+02  2.04729E-12
1.44544E+02  2.06164E-12
1.51356E+02  2.07799E-12
1.58489E+02  2.07739E-12
1.65959E+02  2.00628E-12
1.73780E+02  1.89833E-12
1.81970E+02  1.78860E-12
1.90546E+02  1.68343E-12
1.99526E+02  1.57966E-12
2.08930E+02  1.47724E-12
2.18776E+02  1.37421E-12
2.29087E+02  1.27364E-12
2.39883E+02  1.17479E-12
2.51189E+02  1.07845E-12
2.63027E+02  9.85667E-13
2.75423E+02  8.96509E-13
2.88403E+02  8.09065E-13
3.01995E+02  7.22115E-13
3.16228E+02  6.42676E-13
3.31131E+02  5.70609E-13
3.46737E+02  5.05212E-13
3.63078E+02  4.46064E-13
3.80189E+02  3.93058E-13
3.98107E+02  3.45621E-13
4.16869E+02  3.03507E-13
4.36516E+02  2.65941E-13
4.57088E+02  2.32669E-13
4.78630E+02  2.03387E-13
5.01187E+02  1.77513E-13
5.24807E+02  1.54785E-13
5.49541E+02  1.34796E-13
5.75440E+02  1.17367E-13
6.02560E+02  1.02049E-13
6.30957E+02  8.86728E-14
6.60693E+02  7.70419E-14
6.91831E+02  6.69225E-14
7.24436E+02  5.81208E-14
7.58577E+02  5.04368E-14
7.94328E+02  4.37875E-14
8.31763E+02  3.79911E-14
8.70963E+02  3.29738E-14
9.12011E+02  2.85975E-14
9.54993E+02  2.48031E-14
1.00000E+03  2.14912E-14
1.04713E+03  1.86163E-14
1.09648E+03  1.61213E-14
1.14815E+03  1.39684E-14
1.20226E+03  1.20996E-14
1.25893E+03  1.04870E-14
1.31826E+03  9.10633E-15
1.38038E+03  7.91138E-15
1.44544E+03  6.88698E-15
1.51356E+03  5.99430E-15
1.58489E+03  5.23133E-15
1.65959E+03  4.57660E-15
1.73780E+03  4.02162E-15
1.81970E+03  3.53716E-15
1.90546E+03  3.12534E-15
1.99526E+03  2.76989E-15
2.08930E+03  2.46696E-15
2.18776E+03  2.20551E-15
2.29087E+03  1.98480E-15
2.39883E+03  1.79570E-15
2.51189E+03  1.63527E-15
2.63027E+03  1.49790E-15
2.75423E+03  1.38113E-15
2.88403E+03  1.28199E-15
3.01995E+03  1.19827E-15
3.16228E+03  1.12799E-15
3.31131E+03  1.06903E-15
3.46737E+03  1.01975E-15
3.63078E+03  9.78609E-16
3.80189E+03  9.44841E-16
3.98107E+03  9.17408E-16
4.16869E+03  8.95585E-16
4.36516E+03  8.78417E-16
4.57088E+03  8.65374E-16
4.78630E+03  8.55956E-16
5.01187E+03  8.49648E-16
5.24807E+03  8.46159E-16
5.49541E+03  8.45158E-16
5.75440E+03  8.46355E-16
6.02560E+03  8.49503E-16
6.30957E+03  8.54395E-16
6.60693E+03  8.60895E-16
6.91831E+03  8.68872E-16
7.24436E+03  8.78167E-16
7.58577E+03  8.88697E-16
7.94328E+03  9.00382E-16
8.31763E+03  9.13154E-16
8.70963E+03  9.26959E-16
9.12010E+03  9.41741E-16
9.54993E+03  9.57488E-16
