#column 1 : lambda in microns
#column 2 : snu_eff in Jy / Lsun (in the cosmo of Planck 2013 XXX)
1.00000E+00  9.20577E-22
1.04713E+00  2.87625E-21
1.09648E+00  8.98759E-21
1.14815E+00  2.80872E-20
1.20226E+00  8.77851E-20
1.25893E+00  2.74399E-19
1.31826E+00  8.57812E-19
1.38038E+00  2.68194E-18
1.44544E+00  8.86832E-18
1.51356E+00  1.40940E-17
1.58489E+00  8.11329E-18
1.65959E+00  9.15565E-18
1.73780E+00  1.50742E-17
1.81970E+00  1.90527E-17
1.90546E+00  1.55401E-17
1.99526E+00  1.40230E-17
2.08930E+00  1.40989E-17
2.18776E+00  1.49191E-17
2.29087E+00  1.61478E-17
2.39883E+00  1.75465E-17
2.51189E+00  1.87728E-17
2.63027E+00  1.87314E-17
2.75423E+00  2.02796E-17
2.88403E+00  2.47169E-17
3.01995E+00  2.81769E-17
3.16228E+00  3.14141E-17
3.31131E+00  3.47506E-17
3.46737E+00  3.83766E-17
3.63078E+00  4.23617E-17
3.80189E+00  4.69424E-17
3.98107E+00  5.27049E-17
4.16869E+00  6.15626E-17
4.36516E+00  8.48743E-17
4.57088E+00  3.91156E-16
4.78630E+00  2.77620E-16
5.01187E+00  1.07614E-16
5.24807E+00  9.68590E-17
5.49541E+00  1.00365E-16
5.75440E+00  1.08900E-16
6.02560E+00  1.21221E-16
6.30957E+00  1.37988E-16
6.60693E+00  1.61492E-16
6.91831E+00  1.99301E-16
7.24436E+00  3.06664E-16
7.58578E+00  4.54553E-16
7.94328E+00  7.61403E-16
8.31764E+00  9.37503E-16
8.70964E+00  5.12511E-15
9.12011E+00  2.10159E-15
9.54992E+00  2.22873E-15
1.00000E+01  2.75975E-15
1.04713E+01  6.19381E-15
1.09648E+01  1.07332E-14
1.14815E+01  5.41168E-15
1.20226E+01  5.29322E-15
1.25893E+01  2.86440E-15
1.31826E+01  2.03487E-15
1.38038E+01  1.96955E-15
1.44544E+01  2.15881E-15
1.51356E+01  2.89231E-15
1.58489E+01  1.30561E-14
1.65959E+01  6.02206E-15
1.73780E+01  6.62961E-15
1.81970E+01  6.55144E-15
1.90546E+01  5.63643E-15
1.99526E+01  4.82543E-15
2.08930E+01  4.51632E-15
2.18776E+01  4.98532E-15
2.29087E+01  6.32664E-15
2.39883E+01  7.99739E-15
2.51189E+01  7.51276E-15
2.63027E+01  7.36789E-15
2.75423E+01  7.60889E-15
2.88403E+01  7.96125E-15
3.01995E+01  8.48796E-15
3.16228E+01  9.17153E-15
3.31131E+01  1.00454E-14
3.46737E+01  1.11755E-14
3.63078E+01  1.26133E-14
3.80189E+01  1.44541E-14
3.98107E+01  1.67629E-14
4.16869E+01  1.95421E-14
4.36516E+01  2.27802E-14
4.57088E+01  2.63634E-14
4.78630E+01  3.01605E-14
5.01187E+01  3.41048E-14
5.24807E+01  3.82204E-14
5.49541E+01  4.25734E-14
5.75440E+01  4.72881E-14
6.02560E+01  5.25520E-14
6.30957E+01  5.84606E-14
6.60693E+01  6.51269E-14
6.91831E+01  7.26684E-14
7.24436E+01  8.10834E-14
7.58578E+01  9.03475E-14
7.94328E+01  1.00447E-13
8.31764E+01  1.11295E-13
8.70963E+01  1.22759E-13
9.12011E+01  1.34653E-13
9.54992E+01  1.46812E-13
1.00000E+02  1.58964E-13
1.04713E+02  1.70985E-13
1.09648E+02  1.82438E-13
1.14815E+02  1.93148E-13
1.20226E+02  2.02987E-13
1.25893E+02  2.11721E-13
1.31826E+02  2.19180E-13
1.38038E+02  2.25228E-13
1.44544E+02  2.29771E-13
1.51356E+02  2.32803E-13
1.58489E+02  2.34591E-13
1.65959E+02  2.35569E-13
1.73780E+02  2.35879E-13
1.81970E+02  2.36327E-13
1.90546E+02  2.36534E-13
1.99526E+02  2.31693E-13
2.08930E+02  2.19620E-13
2.18776E+02  2.06288E-13
2.29087E+02  1.93438E-13
2.39883E+02  1.81085E-13
2.51189E+02  1.68977E-13
2.63027E+02  1.57163E-13
2.75423E+02  1.45410E-13
2.88403E+02  1.33909E-13
3.01995E+02  1.22819E-13
3.16228E+02  1.12098E-13
3.31131E+02  1.01911E-13
3.46737E+02  9.21236E-14
3.63078E+02  8.24736E-14
3.80189E+02  7.32682E-14
3.98107E+02  6.49420E-14
4.16869E+02  5.74789E-14
4.36516E+02  5.07110E-14
4.57088E+02  4.46351E-14
4.78630E+02  3.92160E-14
5.01187E+02  3.43965E-14
5.24807E+02  3.01103E-14
5.49541E+02  2.63191E-14
5.75440E+02  2.29838E-14
6.02560E+02  2.00373E-14
6.30957E+02  1.74590E-14
6.60693E+02  1.52024E-14
6.91831E+02  1.32177E-14
7.24436E+02  1.14902E-14
7.58577E+02  9.97941E-15
7.94328E+02  8.66529E-15
8.31763E+02  7.51904E-15
8.70963E+02  6.52420E-15
9.12011E+02  5.65956E-15
9.54993E+02  4.91160E-15
1.00000E+03  4.26017E-15
1.04713E+03  3.69417E-15
1.09648E+03  3.20443E-15
1.14815E+03  2.77849E-15
1.20226E+03  2.40802E-15
1.25893E+03  2.08656E-15
1.31826E+03  1.80759E-15
1.38038E+03  1.56551E-15
1.44544E+03  1.35828E-15
1.51356E+03  1.17734E-15
1.58489E+03  1.02221E-15
1.65959E+03  8.87445E-16
1.73780E+03  7.73744E-16
1.81970E+03  6.73703E-16
1.90546E+03  5.88939E-16
1.99526E+03  5.15681E-16
2.08930E+03  4.52848E-16
2.18776E+03  3.99265E-16
2.29087E+03  3.52857E-16
2.39883E+03  3.13423E-16
2.51189E+03  2.79619E-16
2.63027E+03  2.50998E-16
2.75423E+03  2.26221E-16
2.88403E+03  2.05106E-16
3.01995E+03  1.87209E-16
3.16228E+03  1.71917E-16
3.31131E+03  1.58972E-16
3.46737E+03  1.48006E-16
3.63078E+03  1.38781E-16
3.80189E+03  1.30994E-16
3.98107E+03  1.24461E-16
4.16869E+03  1.19068E-16
4.36516E+03  1.14566E-16
4.57088E+03  1.10871E-16
4.78630E+03  1.07888E-16
5.01187E+03  1.05527E-16
5.24807E+03  1.03686E-16
5.49541E+03  1.02317E-16
5.75440E+03  1.01354E-16
6.02560E+03  1.00737E-16
6.30957E+03  1.00440E-16
6.60693E+03  1.00427E-16
6.91831E+03  1.00652E-16
7.24436E+03  1.01103E-16
7.58577E+03  1.01754E-16
7.94328E+03  1.02584E-16
8.31763E+03  1.03580E-16
8.70963E+03  1.04728E-16
9.12010E+03  1.06017E-16
9.54993E+03  1.07439E-16
