#column 1 : lambda in microns
#column 2 : snu_eff in Jy / Lsun (in the cosmo of Planck 2013 XXX)
1.00000E+00  1.32192E-26
1.04713E+00  4.14416E-26
1.09648E+00  1.29953E-25
1.14815E+00  4.07616E-25
1.20226E+00  1.27887E-24
1.25893E+00  4.01343E-24
1.31826E+00  1.25983E-23
1.38038E+00  3.95565E-23
1.44544E+00  1.24231E-22
1.51356E+00  3.90252E-22
1.58489E+00  1.22621E-21
1.65959E+00  3.85377E-21
1.73780E+00  1.21146E-20
1.81970E+00  3.80917E-20
1.90546E+00  1.19799E-19
1.99526E+00  3.76852E-19
2.08930E+00  1.25360E-18
2.18776E+00  1.99422E-18
2.29087E+00  1.14478E-18
2.39883E+00  1.29172E-18
2.51189E+00  2.13040E-18
2.63027E+00  2.69368E-18
2.75423E+00  2.19410E-18
2.88403E+00  1.97767E-18
3.01995E+00  1.98714E-18
3.16228E+00  2.10214E-18
3.31131E+00  2.27509E-18
3.46737E+00  2.47193E-18
3.63078E+00  2.64438E-18
3.80189E+00  2.63715E-18
3.98107E+00  2.85515E-18
4.16869E+00  3.48305E-18
4.36516E+00  3.97228E-18
4.57088E+00  4.42989E-18
4.78630E+00  4.90211E-18
5.01187E+00  5.41553E-18
5.24807E+00  5.98054E-18
5.49541E+00  6.63101E-18
5.75440E+00  7.45074E-18
6.02560E+00  8.71247E-18
6.30957E+00  1.20298E-17
6.60693E+00  5.55531E-17
6.91831E+00  3.94441E-17
7.24436E+00  1.53164E-17
7.58578E+00  1.38266E-17
7.94328E+00  1.43797E-17
8.31764E+00  1.56685E-17
8.70964E+00  1.75237E-17
9.12011E+00  2.00408E-17
9.54992E+00  2.35564E-17
1.00000E+01  2.91595E-17
1.04713E+01  4.47371E-17
1.09648E+01  6.61723E-17
1.14815E+01  1.10410E-16
1.20226E+01  1.36073E-16
1.25893E+01  7.35929E-16
1.31826E+01  3.04060E-16
1.38038E+01  3.23188E-16
1.44544E+01  4.00459E-16
1.51356E+01  8.95347E-16
1.58489E+01  1.55069E-15
1.65959E+01  7.86012E-16
1.73780E+01  7.69789E-16
1.81970E+01  4.21223E-16
1.90546E+01  3.03131E-16
1.99526E+01  2.95603E-16
2.08930E+01  3.24932E-16
2.18776E+01  4.32560E-16
2.29087E+01  1.89795E-15
2.39883E+01  8.88469E-16
2.51189E+01  9.79578E-16
2.63027E+01  9.72261E-16
2.75423E+01  8.43745E-16
2.88403E+01  7.30400E-16
3.01995E+01  6.91299E-16
3.16228E+01  7.67900E-16
3.31131E+01  9.75859E-16
3.46737E+01  1.23609E-15
3.63078E+01  1.17820E-15
3.80189E+01  1.17027E-15
3.98107E+01  1.21954E-15
4.16869E+01  1.28544E-15
4.36516E+01  1.38001E-15
4.57088E+01  1.50166E-15
4.78630E+01  1.65660E-15
5.01187E+01  1.85724E-15
5.24807E+01  2.11395E-15
5.49541E+01  2.44595E-15
5.75440E+01  2.86819E-15
6.02560E+01  3.38528E-15
6.30957E+01  3.99939E-15
6.60693E+01  4.69103E-15
6.91831E+01  5.43387E-15
7.24436E+01  6.20839E-15
7.58578E+01  7.01147E-15
7.94328E+01  7.84698E-15
8.31764E+01  8.73113E-15
8.70963E+01  9.69143E-15
9.12011E+01  1.07405E-14
9.54992E+01  1.18931E-14
1.00000E+02  1.31637E-14
1.04713E+02  1.45449E-14
1.09648E+02  1.60263E-14
1.14815E+02  1.75996E-14
1.20226E+02  1.92443E-14
1.25893E+02  2.09326E-14
1.31826E+02  2.26322E-14
1.38038E+02  2.43128E-14
1.44544E+02  2.59350E-14
1.51356E+02  2.74757E-14
1.58489E+02  2.88765E-14
1.65959E+02  3.01152E-14
1.73780E+02  3.11776E-14
1.81970E+02  3.20418E-14
1.90546E+02  3.26931E-14
1.99526E+02  3.31138E-14
2.08930E+02  3.33124E-14
2.18776E+02  3.32875E-14
2.29087E+02  3.30908E-14
2.39883E+02  3.27863E-14
2.51189E+02  3.24051E-14
2.63027E+02  3.20421E-14
2.75423E+02  3.16661E-14
2.88403E+02  3.06507E-14
3.01995E+02  2.87448E-14
3.16228E+02  2.67336E-14
3.31131E+02  2.48233E-14
3.46737E+02  2.30210E-14
3.63078E+02  2.12859E-14
3.80189E+02  1.96250E-14
3.98107E+02  1.80031E-14
4.16869E+02  1.64441E-14
4.36516E+02  1.49671E-14
4.57088E+02  1.35588E-14
4.78630E+02  1.22398E-14
5.01187E+02  1.09902E-14
5.24807E+02  9.77462E-15
5.49541E+02  8.63115E-15
5.75440E+02  7.60488E-15
6.02560E+02  6.69419E-15
6.30957E+02  5.87513E-15
6.60693E+02  5.14586E-15
6.91831E+02  4.50019E-15
7.24436E+02  3.93008E-15
7.58577E+02  3.42601E-15
7.94328E+02  2.98323E-15
8.31763E+02  2.59565E-15
8.70963E+02  2.25529E-15
9.12011E+02  1.95885E-15
9.54993E+02  1.70058E-15
1.00000E+03  1.47456E-15
1.04713E+03  1.27843E-15
1.09648E+03  1.10791E-15
1.14815E+03  9.59813E-16
1.20226E+03  8.31322E-16
1.25893E+03  7.20015E-16
1.31826E+03  6.23602E-16
1.38038E+03  5.40478E-16
1.44544E+03  4.68233E-16
1.51356E+03  4.05674E-16
1.58489E+03  3.51651E-16
1.65959E+03  3.04799E-16
1.73780E+03  2.64136E-16
1.81970E+03  2.28935E-16
1.90546E+03  1.98435E-16
1.99526E+03  1.72038E-16
2.08930E+03  1.49480E-16
2.18776E+03  1.29826E-16
2.29087E+03  1.13004E-16
2.39883E+03  9.84155E-17
2.51189E+03  8.61247E-17
2.63027E+03  7.53424E-17
2.75423E+03  6.62162E-17
2.88403E+03  5.83455E-17
3.01995E+03  5.16074E-17
3.16228E+03  4.58733E-17
3.31131E+03  4.09172E-17
3.46737E+03  3.67169E-17
3.63078E+03  3.31253E-17
3.80189E+03  3.00926E-17
3.98107E+03  2.74769E-17
4.16869E+03  2.52546E-17
4.36516E+03  2.33811E-17
4.57088E+03  2.17878E-17
4.78630E+03  2.04477E-17
5.01187E+03  1.93213E-17
5.24807E+03  1.83817E-17
5.49541E+03  1.75971E-17
5.75440E+03  1.69492E-17
6.02560E+03  1.64244E-17
6.30957E+03  1.59962E-17
6.60693E+03  1.56560E-17
6.91831E+03  1.53936E-17
7.24436E+03  1.51994E-17
7.58577E+03  1.50626E-17
7.94328E+03  1.49780E-17
8.31763E+03  1.49388E-17
8.70963E+03  1.49386E-17
9.12010E+03  1.49747E-17
9.54993E+03  1.50431E-17
