#column 1 : lambda in microns
#column 2 : snu_eff in Jy / Lsun (in the cosmo of Planck 2013 XXX)
1.00000E+00  9.99978E-38
1.04713E+00  3.10506E-37
1.09648E+00  9.65866E-37
1.14815E+00  3.00962E-36
1.20226E+00  9.39372E-36
1.25893E+00  2.93678E-35
1.31826E+00  9.19576E-35
1.38038E+00  2.88380E-34
1.44544E+00  9.05686E-34
1.51356E+00  2.84837E-33
1.58489E+00  8.97007E-33
1.65959E+00  2.82847E-32
1.73780E+00  8.92961E-32
1.81970E+00  2.82236E-31
1.90546E+00  8.93031E-31
1.99526E+00  2.82857E-30
2.08930E+00  8.96782E-30
2.18776E+00  2.84580E-29
2.29087E+00  9.03842E-29
2.39883E+00  2.87296E-28
2.51189E+00  9.13887E-28
2.63027E+00  2.90911E-27
2.75423E+00  9.26648E-27
2.88403E+00  2.95347E-26
3.01995E+00  9.41884E-26
3.16228E+00  3.00533E-25
3.31131E+00  9.59401E-25
3.46737E+00  3.06412E-24
3.63078E+00  9.79035E-24
3.80189E+00  3.12938E-23
3.98107E+00  1.00064E-22
4.16869E+00  3.20068E-22
4.36516E+00  1.02410E-21
4.57088E+00  3.27766E-21
4.78630E+00  1.04931E-20
5.01187E+00  3.36010E-20
5.24807E+00  1.22381E-19
5.49541E+00  1.08780E-19
5.75440E+00  7.56447E-20
6.02560E+00  9.62899E-20
6.30957E+00  1.64608E-19
6.60693E+00  1.75017E-19
6.91831E+00  1.42336E-19
7.24436E+00  1.32187E-19
7.58578E+00  1.34865E-19
7.94328E+00  1.43714E-19
8.31764E+00  1.55821E-19
8.70964E+00  1.68892E-19
9.12011E+00  1.78646E-19
9.54992E+00  1.74320E-19
1.00000E+01  2.02471E-19
1.04713E+01  2.42646E-19
1.09648E+01  2.74383E-19
1.14815E+01  3.05657E-19
1.20226E+01  3.38284E-19
1.25893E+01  3.73924E-19
1.31826E+01  4.14333E-19
1.38038E+01  4.60679E-19
1.44544E+01  5.22405E-19
1.51356E+01  6.27128E-19
1.58489E+01  9.69980E-19
1.65959E+01  1.42756E-17
1.73780E+01  1.72657E-18
1.81970E+01  1.00921E-18
1.90546E+01  9.74770E-19
1.99526E+01  1.04314E-18
2.08930E+01  1.16220E-18
2.18776E+01  1.32760E-18
2.29087E+01  1.55004E-18
2.39883E+01  1.86435E-18
2.51189E+01  2.37583E-18
2.63027E+01  4.23713E-18
2.75423E+01  4.80200E-18
2.88403E+01  1.04835E-17
3.01995E+01  1.22129E-17
3.16228E+01  6.64105E-17
3.31131E+01  2.10982E-17
3.46737E+01  2.38400E-17
3.63078E+01  3.44209E-17
3.80189E+01  8.74231E-17
3.98107E+01  1.09842E-16
4.16869E+01  5.09523E-17
4.36516E+01  6.29726E-17
4.57088E+01  2.83906E-17
4.78630E+01  2.40103E-17
5.01187E+01  2.46286E-17
5.24807E+01  2.80154E-17
5.49541E+01  4.00779E-17
5.75440E+01  1.38926E-16
6.02560E+01  7.55611E-17
6.30957E+01  8.86296E-17
6.60693E+01  6.71644E-17
6.91831E+01  6.51780E-17
7.24436E+01  6.14083E-17
7.58578E+01  6.17325E-17
7.94328E+01  7.12059E-17
8.31764E+01  1.06747E-16
8.70963E+01  1.14091E-16
9.12011E+01  1.08794E-16
9.54992E+01  1.16884E-16
1.00000E+02  1.20844E-16
1.04713E+02  1.30081E-16
1.09648E+02  1.42281E-16
1.14815E+02  1.58054E-16
1.20226E+02  1.78586E-16
1.25893E+02  2.06147E-16
1.31826E+02  2.43208E-16
1.38038E+02  2.93539E-16
1.44544E+02  3.61291E-16
1.51356E+02  4.49734E-16
1.58489E+02  5.58192E-16
1.65959E+02  6.83283E-16
1.73780E+02  8.16940E-16
1.81970E+02  9.52262E-16
1.90546E+02  1.08274E-15
1.99526E+02  1.20666E-15
2.08930E+02  1.32493E-15
2.18776E+02  1.44000E-15
2.29087E+02  1.55244E-15
2.39883E+02  1.66395E-15
2.51189E+02  1.77401E-15
2.63027E+02  1.88180E-15
2.75423E+02  1.98339E-15
2.88403E+02  2.08189E-15
3.01995E+02  2.16961E-15
3.16228E+02  2.24636E-15
3.31131E+02  2.30948E-15
3.46737E+02  2.35628E-15
3.63078E+02  2.39205E-15
3.80189E+02  2.40380E-15
3.98107E+02  2.40163E-15
4.16869E+02  2.37905E-15
4.36516E+02  2.34376E-15
4.57088E+02  2.29313E-15
4.78630E+02  2.22802E-15
5.01187E+02  2.15291E-15
5.24807E+02  2.06827E-15
5.49541E+02  1.97195E-15
5.75440E+02  1.87818E-15
6.02560E+02  1.78012E-15
6.30957E+02  1.68545E-15
6.60693E+02  1.60114E-15
6.91831E+02  1.51706E-15
7.24436E+02  1.40191E-15
7.58577E+02  1.26641E-15
7.94328E+02  1.13953E-15
8.31763E+02  1.02610E-15
8.70963E+02  9.23445E-16
9.12011E+02  8.28574E-16
9.54993E+02  7.41704E-16
1.00000E+03  6.61858E-16
1.04713E+03  5.88739E-16
1.09648E+03  5.22461E-16
1.14815E+03  4.61708E-16
1.20226E+03  4.07119E-16
1.25893E+03  3.57166E-16
1.31826E+03  3.10232E-16
1.38038E+03  2.68600E-16
1.44544E+03  2.32349E-16
1.51356E+03  2.00518E-16
1.58489E+03  1.73092E-16
1.65959E+03  1.49387E-16
1.73780E+03  1.28720E-16
1.81970E+03  1.10720E-16
1.90546E+03  9.53315E-17
1.99526E+03  8.19943E-17
2.08930E+03  7.04890E-17
2.18776E+03  6.06336E-17
2.29087E+03  5.21584E-17
2.39883E+03  4.48432E-17
2.51189E+03  3.85942E-17
2.63027E+03  3.32147E-17
2.75423E+03  2.85968E-17
2.88403E+03  2.46484E-17
3.01995E+03  2.12407E-17
3.16228E+03  1.82998E-17
3.31131E+03  1.58112E-17
3.46737E+03  1.37066E-17
3.63078E+03  1.18496E-17
3.80189E+03  1.02772E-17
3.98107E+03  8.92493E-18
4.16869E+03  7.76305E-18
4.36516E+03  6.76570E-18
4.57088E+03  5.90758E-18
4.78630E+03  5.16987E-18
5.01187E+03  4.53769E-18
5.24807E+03  4.00060E-18
5.49541E+03  3.53261E-18
5.75440E+03  3.14340E-18
6.02560E+03  2.80375E-18
6.30957E+03  2.52032E-18
6.60693E+03  2.27673E-18
6.91831E+03  2.07125E-18
7.24436E+03  1.89671E-18
7.58577E+03  1.75164E-18
7.94328E+03  1.62751E-18
8.31763E+03  1.52448E-18
8.70963E+03  1.43921E-18
9.12010E+03  1.36752E-18
9.54993E+03  1.30967E-18
