#column 1 : lambda in microns
#column 2 : snu_eff in Jy / Lsun (in the cosmo of Planck 2013 XXX)
1.00000E+00  1.85242E-26
1.04713E+00  5.80779E-26
1.09648E+00  1.82136E-25
1.14815E+00  5.71337E-25
1.20226E+00  1.79265E-24
1.25893E+00  5.62609E-24
1.31826E+00  1.76613E-23
1.38038E+00  5.54551E-23
1.44544E+00  1.74166E-22
1.51356E+00  5.47121E-22
1.58489E+00  1.71910E-21
1.65959E+00  5.40282E-21
1.73780E+00  1.69838E-20
1.81970E+00  5.34002E-20
1.90546E+00  1.67937E-19
1.99526E+00  5.28255E-19
2.08930E+00  1.89217E-18
2.18776E+00  1.68644E-18
2.29087E+00  1.18159E-18
2.39883E+00  1.50151E-18
2.51189E+00  2.55403E-18
2.63027E+00  2.71500E-18
2.75423E+00  2.21898E-18
2.88403E+00  2.06835E-18
3.01995E+00  2.11358E-18
3.16228E+00  2.25456E-18
3.31131E+00  2.44531E-18
3.46737E+00  2.65223E-18
3.63078E+00  2.80890E-18
3.80189E+00  2.74729E-18
3.98107E+00  3.18158E-18
4.16869E+00  3.80340E-18
4.36516E+00  4.30002E-18
4.57088E+00  4.78199E-18
4.78630E+00  5.28760E-18
5.01187E+00  5.84210E-18
5.24807E+00  6.45666E-18
5.49541E+00  7.17142E-18
5.75440E+00  8.10230E-18
6.02560E+00  9.68834E-18
6.30957E+00  1.49044E-17
6.60693E+00  2.18318E-16
6.91831E+00  2.63400E-17
7.24436E+00  1.52702E-17
7.58578E+00  1.45838E-17
7.94328E+00  1.54021E-17
8.31764E+00  1.69101E-17
8.70964E+00  1.90077E-17
9.12011E+00  2.18628E-17
9.54992E+00  2.59446E-17
1.00000E+01  3.28524E-17
1.04713E+01  5.98405E-17
1.09648E+01  6.70497E-17
1.14815E+01  1.50699E-16
1.20226E+01  1.74572E-16
1.25893E+01  9.79760E-16
1.31826E+01  3.01535E-16
1.38038E+01  3.39006E-16
1.44544E+01  4.91101E-16
1.51356E+01  1.26291E-15
1.58489E+01  1.58179E-15
1.65959E+01  7.18900E-16
1.73780E+01  8.89407E-16
1.81970E+01  3.81521E-16
1.90546E+01  3.11876E-16
1.99526E+01  3.14117E-16
2.08930E+01  3.56032E-16
2.18776E+01  5.24525E-16
2.29087E+01  1.95024E-15
2.39883E+01  1.01812E-15
2.51189E+01  1.19122E-15
2.63027E+01  8.70278E-16
2.75423E+01  8.26631E-16
2.88403E+01  7.56219E-16
3.01995E+01  7.38689E-16
3.16228E+01  8.38230E-16
3.31131E+01  1.27037E-15
3.46737E+01  1.32514E-15
3.63078E+01  1.21418E-15
3.80189E+01  1.27746E-15
3.98107E+01  1.29028E-15
4.16869E+01  1.36707E-15
4.36516E+01  1.47173E-15
4.57088E+01  1.60466E-15
4.78630E+01  1.77758E-15
5.01187E+01  2.00025E-15
5.24807E+01  2.28639E-15
5.49541E+01  2.65286E-15
5.75440E+01  3.11546E-15
6.02560E+01  3.68312E-15
6.30957E+01  4.34288E-15
6.60693E+01  5.07537E-15
6.91831E+01  5.85499E-15
7.24436E+01  6.66859E-15
7.58578E+01  7.50718E-15
7.94328E+01  8.38333E-15
8.31764E+01  9.32252E-15
8.70963E+01  1.03402E-14
9.12011E+01  1.14575E-14
9.54992E+01  1.26918E-14
1.00000E+02  1.40407E-14
1.04713E+02  1.55111E-14
1.09648E+02  1.70856E-14
1.14815E+02  1.87496E-14
1.20226E+02  2.04890E-14
1.25893E+02  2.22605E-14
1.31826E+02  2.40454E-14
1.38038E+02  2.57983E-14
1.44544E+02  2.74857E-14
1.51356E+02  2.90829E-14
1.58489E+02  3.05216E-14
1.65959E+02  3.17851E-14
1.73780E+02  3.28662E-14
1.81970E+02  3.37342E-14
1.90546E+02  3.43775E-14
1.99526E+02  3.47719E-14
2.08930E+02  3.49410E-14
2.18776E+02  3.48822E-14
2.29087E+02  3.46607E-14
2.39883E+02  3.43320E-14
2.51189E+02  3.39405E-14
2.63027E+02  3.35923E-14
2.75423E+02  3.31433E-14
2.88403E+02  3.18016E-14
3.01995E+02  2.97270E-14
3.16228E+02  2.76242E-14
3.31131E+02  2.56615E-14
3.46737E+02  2.38022E-14
3.63078E+02  2.19925E-14
3.80189E+02  2.02547E-14
3.98107E+02  1.85720E-14
4.16869E+02  1.69552E-14
4.36516E+02  1.54230E-14
4.57088E+02  1.39619E-14
4.78630E+02  1.25956E-14
5.01187E+02  1.12901E-14
5.24807E+02  1.00122E-14
5.49541E+02  8.84078E-15
5.75440E+02  7.79226E-15
6.02560E+02  6.84888E-15
6.30957E+02  6.01035E-15
6.60693E+02  5.26473E-15
6.91831E+02  4.60350E-15
7.24436E+02  4.01688E-15
7.58577E+02  3.50278E-15
7.94328E+02  3.05017E-15
8.31763E+02  2.65236E-15
8.70963E+02  2.30544E-15
9.12011E+02  2.00260E-15
9.54993E+02  1.73750E-15
1.00000E+03  1.50722E-15
1.04713E+03  1.30654E-15
1.09648E+03  1.13213E-15
1.14815E+03  9.81003E-16
1.20226E+03  8.49600E-16
1.25893E+03  7.36041E-16
1.31826E+03  6.37389E-16
1.38038E+03  5.52551E-16
1.44544E+03  4.78719E-16
1.51356E+03  4.14777E-16
1.58489E+03  3.59517E-16
1.65959E+03  3.11625E-16
1.73780E+03  2.70091E-16
1.81970E+03  2.34024E-16
1.90546E+03  2.02878E-16
1.99526E+03  1.75964E-16
2.08930E+03  1.52958E-16
2.18776E+03  1.32688E-16
2.29087E+03  1.15739E-16
2.39883E+03  1.00801E-16
2.51189E+03  8.81070E-17
2.63027E+03  7.72209E-17
2.75423E+03  6.79086E-17
2.88403E+03  5.98458E-17
3.01995E+03  5.30179E-17
3.16228E+03  4.71011E-17
3.31131E+03  4.20769E-17
3.46737E+03  3.78106E-17
3.63078E+03  3.41390E-17
3.80189E+03  3.10272E-17
3.98107E+03  2.83697E-17
4.16869E+03  2.61087E-17
4.36516E+03  2.42020E-17
4.57088E+03  2.25801E-17
4.78630E+03  2.12155E-17
5.01187E+03  2.00683E-17
5.24807E+03  1.91096E-17
5.49541E+03  1.83151E-17
5.75440E+03  1.76608E-17
6.02560E+03  1.71245E-17
6.30957E+03  1.66926E-17
6.60693E+03  1.63518E-17
6.91831E+03  1.60901E-17
7.24436E+03  1.58953E-17
7.58577E+03  1.57629E-17
7.94328E+03  1.56830E-17
8.31763E+03  1.56484E-17
8.70963E+03  1.56557E-17
9.12010E+03  1.56996E-17
9.54993E+03  1.57760E-17
