#column 1 : lambda in microns
#column 2 : snu_eff in Jy / Lsun (in the cosmo of Planck 2013 XXX)
1.00000E+00  1.82390E-37
1.04713E+00  5.67290E-37
1.09648E+00  1.76748E-36
1.14815E+00  5.51604E-36
1.20226E+00  1.72427E-35
1.25893E+00  5.39842E-35
1.31826E+00  1.69271E-34
1.38038E+00  5.31538E-34
1.44544E+00  1.67144E-33
1.51356E+00  5.26293E-33
1.58489E+00  1.65927E-32
1.65959E+00  5.23765E-32
1.73780E+00  1.65521E-31
1.81970E+00  5.23651E-31
1.90546E+00  1.65837E-30
1.99526E+00  5.25704E-30
2.08930E+00  1.66801E-29
2.18776E+00  5.29700E-29
2.29087E+00  1.68349E-28
2.39883E+00  5.35453E-28
2.51189E+00  1.70427E-27
2.63027E+00  5.42803E-27
2.75423E+00  1.72988E-26
2.88403E+00  5.51615E-26
3.01995E+00  1.75991E-25
3.16228E+00  5.61772E-25
3.31131E+00  1.79403E-24
3.46737E+00  5.73172E-24
3.63078E+00  1.83196E-23
3.80189E+00  5.85740E-23
3.98107E+00  1.87346E-22
4.16869E+00  5.99404E-22
4.36516E+00  1.91832E-21
4.57088E+00  6.14104E-21
4.78630E+00  1.96640E-20
5.01187E+00  6.32841E-20
5.24807E+00  1.70064E-19
5.49541E+00  8.61900E-20
5.75440E+00  8.42713E-20
6.02560E+00  1.31522E-19
6.30957E+00  1.94192E-19
6.60693E+00  1.63173E-19
6.91831E+00  1.41325E-19
7.24436E+00  1.38745E-19
7.58578E+00  1.45244E-19
7.94328E+00  1.56508E-19
8.31764E+00  1.70074E-19
8.70964E+00  1.83088E-19
9.12011E+00  1.86978E-19
9.54992E+00  1.89745E-19
1.00000E+01  2.34659E-19
1.04713E+01  2.71077E-19
1.09648E+01  3.03900E-19
1.14815E+01  3.37007E-19
1.20226E+01  3.72490E-19
1.25893E+01  4.11847E-19
1.31826E+01  4.57191E-19
1.38038E+01  5.11924E-19
1.44544E+01  5.91695E-19
1.51356E+01  7.66497E-19
1.58489E+01  1.94223E-18
1.65959E+01  6.64314E-18
1.73780E+01  1.20980E-18
1.81970E+01  1.01590E-18
1.90546E+01  1.04772E-18
1.99526E+01  1.14775E-18
2.08930E+01  1.29528E-18
2.18776E+01  1.49441E-18
2.29087E+01  1.76870E-18
2.39883E+01  2.17311E-18
2.51189E+01  3.01389E-18
2.63027E+01  5.83601E-18
2.75423E+01  6.46496E-18
2.88403E+01  9.95221E-18
3.01995E+01  2.97726E-17
3.16228E+01  2.92416E-17
3.31131E+01  2.44441E-17
3.46737E+01  2.75078E-17
3.63078E+01  5.31774E-17
3.80189E+01  1.19701E-16
3.98107E+01  7.59279E-17
4.16869E+01  5.25713E-17
4.36516E+01  4.18996E-17
4.57088E+01  2.60657E-17
4.78630E+01  2.50249E-17
5.01187E+01  2.70461E-17
5.24807E+01  3.32216E-17
5.49541E+01  7.96604E-17
5.75440E+01  7.64791E-17
6.02560E+01  7.98014E-17
6.30957E+01  9.97686E-17
6.60693E+01  6.98414E-17
6.91831E+01  6.20909E-17
7.24436E+01  6.18246E-17
7.58578E+01  6.84127E-17
7.94328E+01  8.25626E-17
8.31764E+01  1.09662E-16
8.70963E+01  1.14757E-16
9.12011E+01  1.13787E-16
9.54992E+01  1.22510E-16
1.00000E+02  1.30137E-16
1.04713E+02  1.41370E-16
1.09648E+02  1.55896E-16
1.14815E+02  1.74406E-16
1.20226E+02  1.99100E-16
1.25893E+02  2.32096E-16
1.31826E+02  2.76807E-16
1.38038E+02  3.37549E-16
1.44544E+02  4.18069E-16
1.51356E+02  5.20654E-16
1.58489E+02  6.42035E-16
1.65959E+02  7.77624E-16
1.73780E+02  9.18759E-16
1.81970E+02  1.05678E-15
1.90546E+02  1.18961E-15
1.99526E+02  1.31600E-15
2.08930E+02  1.43741E-15
2.18776E+02  1.55584E-15
2.29087E+02  1.67360E-15
2.39883E+02  1.79043E-15
2.51189E+02  1.90595E-15
2.63027E+02  2.01781E-15
2.75423E+02  2.12184E-15
2.88403E+02  2.22035E-15
3.01995E+02  2.31134E-15
3.16228E+02  2.38543E-15
3.31131E+02  2.44529E-15
3.46737E+02  2.48698E-15
3.63078E+02  2.51536E-15
3.80189E+02  2.52309E-15
3.98107E+02  2.51559E-15
4.16869E+02  2.48554E-15
4.36516E+02  2.43901E-15
4.57088E+02  2.37975E-15
4.78630E+02  2.30846E-15
5.01187E+02  2.22221E-15
5.24807E+02  2.13036E-15
5.49541E+02  2.03010E-15
5.75440E+02  1.93014E-15
6.02560E+02  1.82874E-15
6.30957E+02  1.73513E-15
6.60693E+02  1.64766E-15
6.91831E+02  1.54715E-15
7.24436E+02  1.40983E-15
7.58577E+02  1.27202E-15
7.94328E+02  1.14592E-15
8.31763E+02  1.03132E-15
8.70963E+02  9.27133E-16
9.12011E+02  8.31703E-16
9.54993E+02  7.42948E-16
1.00000E+03  6.62391E-16
1.04713E+03  5.88687E-16
1.09648E+03  5.21089E-16
1.14815E+03  4.60321E-16
1.20226E+03  4.05252E-16
1.25893E+03  3.53841E-16
1.31826E+03  3.06701E-16
1.38038E+03  2.65493E-16
1.44544E+03  2.29560E-16
1.51356E+03  1.98022E-16
1.58489E+03  1.70990E-16
1.65959E+03  1.47373E-16
1.73780E+03  1.26903E-16
1.81970E+03  1.09227E-16
1.90546E+03  9.40316E-17
1.99526E+03  8.08812E-17
2.08930E+03  6.95482E-17
2.18776E+03  5.98338E-17
2.29087E+03  5.14520E-17
2.39883E+03  4.42836E-17
2.51189E+03  3.80947E-17
2.63027E+03  3.27920E-17
2.75423E+03  2.82335E-17
2.88403E+03  2.43358E-17
3.01995E+03  2.10003E-17
3.16228E+03  1.81027E-17
3.31131E+03  1.56569E-17
3.46737E+03  1.35510E-17
3.63078E+03  1.17412E-17
3.80189E+03  1.01904E-17
3.98107E+03  8.85575E-18
4.16869E+03  7.71005E-18
4.36516E+03  6.72192E-18
4.57088E+03  5.87434E-18
4.78630E+03  5.14695E-18
5.01187E+03  4.52181E-18
5.24807E+03  3.99617E-18
5.49541E+03  3.54074E-18
5.75440E+03  3.15063E-18
6.02560E+03  2.81800E-18
6.30957E+03  2.53999E-18
6.60693E+03  2.30108E-18
6.91831E+03  2.10006E-18
7.24436E+03  1.92863E-18
7.58577E+03  1.78574E-18
7.94328E+03  1.66476E-18
8.31763E+03  1.56336E-18
8.70963E+03  1.48007E-18
9.12010E+03  1.41130E-18
9.54993E+03  1.35424E-18
