#column 1 : lambda in microns
#column 2 : snu_eff in Jy / Lsun (in the cosmo of Planck 2013 XXX)
1.00000E+00  1.41940E-25
1.04713E+00  4.44836E-25
1.09648E+00  1.39439E-24
1.14815E+00  4.37183E-24
1.20226E+00  1.37097E-23
1.25893E+00  4.30015E-23
1.31826E+00  1.34904E-22
1.38038E+00  4.23303E-22
1.44544E+00  1.32850E-21
1.51356E+00  4.17018E-21
1.58489E+00  1.30927E-20
1.65959E+00  4.11138E-20
1.73780E+00  1.29129E-19
1.81970E+00  4.05640E-19
1.90546E+00  1.28072E-18
1.99526E+00  3.40994E-18
2.08930E+00  1.74417E-18
2.18776E+00  1.71100E-18
2.29087E+00  2.65565E-18
2.39883E+00  3.90944E-18
2.51189E+00  3.29691E-18
2.63027E+00  2.86800E-18
2.75423E+00  2.82363E-18
2.88403E+00  2.95925E-18
3.01995E+00  3.19004E-18
3.16228E+00  3.46868E-18
3.31131E+00  3.73666E-18
3.46737E+00  3.81949E-18
3.63078E+00  3.88503E-18
3.80189E+00  4.78467E-18
3.98107E+00  5.52149E-18
4.16869E+00  6.17938E-18
4.36516E+00  6.84600E-18
4.57088E+00  7.56296E-18
4.78630E+00  8.35203E-18
5.01187E+00  9.24152E-18
5.24807E+00  1.03312E-17
5.49541E+00  1.18983E-17
5.75440E+00  1.53340E-17
6.02560E+00  3.86031E-17
6.30957E+00  1.31661E-16
6.60693E+00  2.38497E-17
6.91831E+00  1.98210E-17
7.24436E+00  2.01823E-17
7.58578E+00  2.17793E-17
7.94328E+00  2.41813E-17
8.31764E+00  2.74444E-17
8.70964E+00  3.19758E-17
9.12011E+00  3.88271E-17
9.54992E+00  5.39300E-17
1.00000E+01  1.07360E-16
1.04713E+01  1.17466E-16
1.09648E+01  1.82710E-16
1.14815E+01  5.62581E-16
1.20226E+01  5.47965E-16
1.25893E+01  4.51313E-16
1.31826E+01  5.04787E-16
1.38038E+01  9.86871E-16
1.44544E+01  2.23621E-15
1.51356E+01  1.39902E-15
1.58489E+01  9.54042E-16
1.65959E+01  7.45660E-16
1.73780E+01  4.41636E-16
1.81970E+01  4.12939E-16
1.90546E+01  4.40577E-16
1.99526E+01  5.46239E-16
2.08930E+01  1.40791E-15
2.18776E+01  1.33160E-15
2.29087E+01  1.37542E-15
2.39883E+01  1.72089E-15
2.51189E+01  1.14999E-15
2.63027E+01  9.87280E-16
2.75423E+01  9.54818E-16
2.88403E+01  1.03520E-15
3.01995E+01  1.23342E-15
3.16228E+01  1.63387E-15
3.31131E+01  1.65959E-15
3.46737E+01  1.58624E-15
3.63078E+01  1.67016E-15
3.80189E+01  1.74093E-15
3.98107E+01  1.85820E-15
4.16869E+01  2.01225E-15
4.36516E+01  2.20518E-15
4.57088E+01  2.45785E-15
4.78630E+01  2.78063E-15
5.01187E+01  3.19497E-15
5.24807E+01  3.72374E-15
5.49541E+01  4.37733E-15
5.75440E+01  5.15732E-15
6.02560E+01  6.03891E-15
6.30957E+01  6.99494E-15
6.60693E+01  7.99846E-15
6.91831E+01  9.03475E-15
7.24436E+01  1.01108E-14
7.58578E+01  1.12536E-14
7.94328E+01  1.24943E-14
8.31764E+01  1.38547E-14
8.70963E+01  1.53676E-14
9.12011E+01  1.70366E-14
9.54992E+01  1.88780E-14
1.00000E+02  2.08669E-14
1.04713E+02  2.30046E-14
1.09648E+02  2.52581E-14
1.14815E+02  2.76074E-14
1.20226E+02  2.99963E-14
1.25893E+02  3.23929E-14
1.31826E+02  3.47450E-14
1.38038E+02  3.70080E-14
1.44544E+02  3.91196E-14
1.51356E+02  4.10298E-14
1.58489E+02  4.27093E-14
1.65959E+02  4.41424E-14
1.73780E+02  4.52851E-14
1.81970E+02  4.61231E-14
1.90546E+02  4.66447E-14
1.99526E+02  4.68437E-14
2.08930E+02  4.67859E-14
2.18776E+02  4.65491E-14
2.29087E+02  4.61821E-14
2.39883E+02  4.58066E-14
2.51189E+02  4.54623E-14
2.63027E+02  4.45047E-14
2.75423E+02  4.21098E-14
2.88403E+02  3.92959E-14
3.01995E+02  3.65978E-14
3.16228E+02  3.40302E-14
3.31131E+02  3.15748E-14
3.46737E+02  2.91959E-14
3.63078E+02  2.68661E-14
3.80189E+02  2.46312E-14
3.98107E+02  2.24860E-14
4.16869E+02  2.04288E-14
4.36516E+02  1.84924E-14
4.57088E+02  1.66654E-14
4.78630E+02  1.48834E-14
5.01187E+02  1.31834E-14
5.24807E+02  1.16402E-14
5.49541E+02  1.02621E-14
5.75440E+02  9.02299E-15
6.02560E+02  7.92010E-15
6.30957E+02  6.93572E-15
6.60693E+02  6.06322E-15
6.91831E+02  5.29406E-15
7.24436E+02  4.61790E-15
7.58577E+02  4.02230E-15
7.94328E+02  3.49942E-15
8.31763E+02  3.04352E-15
8.70963E+02  2.64361E-15
9.12011E+02  2.29526E-15
9.54993E+02  1.99091E-15
1.00000E+03  1.72695E-15
1.04713E+03  1.49666E-15
1.09648E+03  1.29717E-15
1.14815E+03  1.12393E-15
1.20226E+03  9.74121E-16
1.25893E+03  8.44106E-16
1.31826E+03  7.31655E-16
1.38038E+03  6.34029E-16
1.44544E+03  5.49707E-16
1.51356E+03  4.76540E-16
1.58489E+03  4.12993E-16
1.65959E+03  3.57835E-16
1.73780E+03  3.10076E-16
1.81970E+03  2.68790E-16
1.90546E+03  2.33143E-16
1.99526E+03  2.02655E-16
2.08930E+03  1.76236E-16
2.18776E+03  1.53322E-16
2.29087E+03  1.33668E-16
2.39883E+03  1.16963E-16
2.51189E+03  1.02371E-16
2.63027E+03  9.00127E-17
2.75423E+03  7.94182E-17
2.88403E+03  7.03635E-17
3.01995E+03  6.25576E-17
3.16228E+03  5.58688E-17
3.31131E+03  5.01926E-17
3.46737E+03  4.53624E-17
3.63078E+03  4.11988E-17
3.80189E+03  3.76868E-17
3.98107E+03  3.46970E-17
4.16869E+03  3.21506E-17
4.36516E+03  3.00030E-17
4.57088E+03  2.81956E-17
4.78630E+03  2.66774E-17
5.01187E+03  2.54126E-17
5.24807E+03  2.43566E-17
5.49541E+03  2.34896E-17
5.75440E+03  2.27786E-17
6.02560E+03  2.22075E-17
6.30957E+03  2.17542E-17
6.60693E+03  2.14064E-17
6.91831E+03  2.11516E-17
7.24436E+03  2.09780E-17
7.58577E+03  2.08736E-17
7.94328E+03  2.08298E-17
8.31763E+03  2.08421E-17
8.70963E+03  2.09020E-17
9.12010E+03  2.10066E-17
9.54993E+03  2.11500E-17
