#column 1 : lambda in microns
#column 2 : snu_eff in Jy / Lsun (in the cosmo of Planck 2013 XXX)
1.00000E+00  0.00000E+00
1.04713E+00  1.40130E-45
1.09648E+00  2.80260E-45
1.14815E+00  7.00649E-45
1.20226E+00  2.80260E-44
1.25893E+00  9.10844E-44
1.31826E+00  2.78858E-43
1.38038E+00  8.53391E-43
1.44544E+00  2.59661E-42
1.51356E+00  7.95097E-42
1.58489E+00  2.43434E-41
1.65959E+00  7.47270E-41
1.73780E+00  2.29802E-40
1.81970E+00  7.07999E-40
1.90546E+00  2.18536E-39
1.99526E+00  6.75809E-39
2.08930E+00  2.09374E-38
2.18776E+00  6.49842E-38
2.29087E+00  2.02053E-37
2.39883E+00  6.29326E-37
2.51189E+00  1.96345E-36
2.63027E+00  6.13588E-36
2.75423E+00  1.92056E-35
2.88403E+00  6.02062E-35
3.01995E+00  1.89015E-34
3.16228E+00  5.94248E-34
3.31131E+00  1.87079E-33
3.46737E+00  5.89715E-33
3.63078E+00  1.86121E-32
3.80189E+00  5.88103E-32
3.98107E+00  1.86034E-31
4.16869E+00  5.89092E-31
4.36516E+00  1.86724E-30
4.57088E+00  5.92406E-30
4.78630E+00  1.88113E-29
5.01187E+00  5.97821E-29
5.24807E+00  1.90131E-28
5.49541E+00  6.05130E-28
5.75440E+00  1.92723E-27
6.02560E+00  6.14166E-27
6.30957E+00  1.95835E-26
6.60693E+00  6.24785E-26
6.91831E+00  1.99428E-25
7.24436E+00  6.36859E-25
7.58578E+00  2.03466E-24
7.94328E+00  6.50295E-24
8.31764E+00  2.07916E-23
8.70964E+00  6.64995E-23
9.12011E+00  2.12758E-22
9.54992E+00  6.80895E-22
1.00000E+01  2.17968E-21
1.04713E+01  6.97928E-21
1.09648E+01  2.36273E-20
1.14815E+01  3.77104E-20
1.20226E+01  2.14502E-20
1.25893E+01  2.41932E-20
1.31826E+01  4.01250E-20
1.38038E+01  5.08087E-20
1.44544E+01  4.11983E-20
1.51356E+01  3.69877E-20
1.58489E+01  3.70889E-20
1.65959E+01  3.92012E-20
1.73780E+01  4.24120E-20
1.81970E+01  4.60609E-20
1.90546E+01  4.92257E-20
1.99526E+01  4.89809E-20
2.08930E+01  5.30648E-20
2.18776E+01  6.49173E-20
2.29087E+01  7.41511E-20
2.39883E+01  8.27383E-20
2.51189E+01  9.16618E-20
2.63027E+01  1.01374E-19
2.75423E+01  1.12153E-19
2.88403E+01  1.24595E-19
3.01995E+01  1.40334E-19
3.16228E+01  1.64724E-19
3.31131E+01  2.28542E-19
3.46737E+01  1.06167E-18
3.63078E+01  7.55014E-19
3.80189E+01  2.95296E-19
3.98107E+01  2.69277E-19
4.16869E+01  2.83643E-19
4.36516E+01  3.13362E-19
4.57088E+01  3.55982E-19
4.78630E+01  4.13341E-19
5.01187E+01  4.92792E-19
5.24807E+01  6.15655E-19
5.49541E+01  9.36134E-19
5.75440E+01  1.37414E-18
6.02560E+01  2.26395E-18
6.30957E+01  2.79707E-18
6.60693E+01  1.45970E-17
6.91831E+01  6.18517E-18
7.24436E+01  6.62264E-18
7.58578E+01  8.22246E-18
7.94328E+01  1.81634E-17
8.31764E+01  3.14029E-17
8.70963E+01  1.61980E-17
9.12011E+01  1.59399E-17
9.54992E+01  9.03666E-18
1.00000E+02  6.75878E-18
1.04713E+02  6.73539E-18
1.09648E+02  7.46133E-18
1.14815E+02  9.75416E-18
1.20226E+02  3.93655E-17
1.25893E+02  1.92961E-17
1.31826E+02  2.13973E-17
1.38038E+02  2.15469E-17
1.44544E+02  1.92013E-17
1.51356E+02  1.71669E-17
1.58489E+02  1.67516E-17
1.65959E+02  1.89325E-17
1.73780E+02  2.41860E-17
1.81970E+02  3.08447E-17
1.90546E+02  3.04246E-17
1.99526E+02  3.10949E-17
2.08930E+02  3.30521E-17
2.18776E+02  3.54183E-17
2.29087E+02  3.86278E-17
2.39883E+02  4.27388E-17
2.51189E+02  4.80713E-17
2.63027E+02  5.51814E-17
2.75423E+02  6.46960E-17
2.88403E+02  7.76847E-17
3.01995E+02  9.52551E-17
3.16228E+02  1.18188E-16
3.31131E+02  1.47056E-16
3.46737E+02  1.80888E-16
3.63078E+02  2.17638E-16
3.80189E+02  2.55277E-16
3.98107E+02  2.91866E-16
4.16869E+02  3.26810E-16
4.36516E+02  3.60017E-16
4.57088E+02  3.92170E-16
4.78630E+02  4.23471E-16
5.01187E+02  4.54485E-16
5.24807E+02  4.85373E-16
5.49541E+02  5.15480E-16
5.75440E+02  5.44231E-16
6.02560E+02  5.71594E-16
6.30957E+02  5.96618E-16
6.60693E+02  6.19448E-16
6.91831E+02  6.38108E-16
7.24436E+02  6.52274E-16
7.58577E+02  6.61589E-16
7.94328E+02  6.67691E-16
8.31763E+02  6.67254E-16
8.70963E+02  6.63805E-16
9.12011E+02  6.53885E-16
9.54993E+02  6.40894E-16
1.00000E+03  6.23828E-16
1.04713E+03  6.04127E-16
1.09648E+03  5.80415E-16
1.14815E+03  5.54846E-16
1.20226E+03  5.27869E-16
1.25893E+03  5.00976E-16
1.31826E+03  4.75349E-16
1.38038E+03  4.50123E-16
1.44544E+03  4.27183E-16
1.51356E+03  3.98154E-16
1.58489E+03  3.60617E-16
1.65959E+03  3.25270E-16
1.73780E+03  2.92706E-16
1.81970E+03  2.63414E-16
1.90546E+03  2.36538E-16
1.99526E+03  2.12064E-16
2.08930E+03  1.89307E-16
2.18776E+03  1.68450E-16
2.29087E+03  1.49574E-16
2.39883E+03  1.32296E-16
2.51189E+03  1.16780E-16
2.63027E+03  1.02609E-16
2.75423E+03  8.93511E-17
2.88403E+03  7.74082E-17
3.01995E+03  6.68728E-17
3.16228E+03  5.78782E-17
3.31131E+03  4.98909E-17
3.46737E+03  4.31054E-17
3.63078E+03  3.71177E-17
3.80189E+03  3.19597E-17
3.98107E+03  2.74997E-17
4.16869E+03  2.36566E-17
4.36516E+03  2.03526E-17
4.57088E+03  1.74926E-17
4.78630E+03  1.50437E-17
5.01187E+03  1.29434E-17
5.24807E+03  1.11315E-17
5.49541E+03  9.57462E-18
5.75440E+03  8.24883E-18
6.02560E+03  7.10307E-18
6.30957E+03  6.12180E-18
6.60693E+03  5.28087E-18
6.91831E+03  4.55985E-18
7.24436E+03  3.94403E-18
7.58577E+03  3.41560E-18
7.94328E+03  2.95864E-18
8.31763E+03  2.56885E-18
8.70963E+03  2.23381E-18
9.12010E+03  1.94521E-18
9.54993E+03  1.69795E-18
