#column 1 : lambda in microns
#column 2 : snu_eff in Jy / Lsun (in the cosmo of Planck 2013 XXX)
1.00000E+00  7.64450E-33
1.04713E+00  2.41382E-32
1.09648E+00  7.62795E-32
1.14815E+00  2.41236E-31
1.20226E+00  7.63476E-31
1.25893E+00  2.41798E-30
1.31826E+00  7.66304E-30
1.38038E+00  2.43012E-29
1.44544E+00  7.71114E-29
1.51356E+00  2.44828E-28
1.58489E+00  7.77758E-28
1.65959E+00  2.47206E-27
1.73780E+00  7.86125E-27
1.81970E+00  2.50111E-26
1.90546E+00  7.96110E-26
1.99526E+00  2.53514E-25
2.08930E+00  8.07627E-25
2.18776E+00  2.57390E-24
2.29087E+00  8.20609E-24
2.39883E+00  2.61719E-23
2.51189E+00  8.34996E-23
2.63027E+00  2.66486E-22
2.75423E+00  8.50746E-22
2.88403E+00  2.71677E-21
3.01995E+00  8.67819E-21
3.16228E+00  2.77283E-20
3.31131E+00  8.86189E-20
3.46737E+00  3.22046E-19
3.63078E+00  2.86363E-19
3.80189E+00  1.99393E-19
3.98107E+00  2.53784E-19
4.16869E+00  4.33634E-19
4.36516E+00  4.60748E-19
4.57088E+00  3.75111E-19
4.78630E+00  3.48657E-19
5.01187E+00  3.55766E-19
5.24807E+00  3.79200E-19
5.49541E+00  4.11180E-19
5.75440E+00  4.45832E-19
6.02560E+00  4.71846E-19
6.30957E+00  4.60503E-19
6.60693E+00  5.34161E-19
6.91831E+00  6.39751E-19
7.24436E+00  7.23896E-19
7.58578E+00  8.05572E-19
7.94328E+00  8.91378E-19
8.31764E+00  9.85549E-19
8.70964E+00  1.09036E-18
9.12011E+00  1.21230E-18
9.54992E+00  1.37214E-18
1.00000E+01  1.64470E-18
1.04713E+01  2.54106E-18
1.09648E+01  3.74391E-17
1.14815E+01  4.51122E-18
1.20226E+01  2.61960E-18
1.25893E+01  2.51315E-18
1.31826E+01  2.67004E-18
1.38038E+01  2.95168E-18
1.44544E+01  3.34288E-18
1.51356E+01  3.87373E-18
1.58489E+01  4.62754E-18
1.65959E+01  5.88170E-18
1.73780E+01  1.06200E-17
1.81970E+01  1.19631E-17
1.90546E+01  2.65517E-17
1.99526E+01  3.08424E-17
2.08930E+01  1.70737E-16
2.18776E+01  5.32900E-17
2.29087E+01  6.00725E-17
2.39883E+01  8.69178E-17
2.51189E+01  2.22318E-16
2.63027E+01  2.78900E-16
2.75423E+01  1.27872E-16
2.88403E+01  1.58080E-16
3.01995E+01  6.91239E-17
3.16228E+01  5.72271E-17
3.31131E+01  5.81772E-17
3.46737E+01  6.61755E-17
3.63078E+01  9.64903E-17
3.80189E+01  3.48727E-16
3.98107E+01  1.85516E-16
4.16869E+01  2.17661E-16
4.36516E+01  1.61910E-16
4.57088E+01  1.55571E-16
4.78630E+01  1.44511E-16
5.01187E+01  1.43270E-16
5.24807E+01  1.64071E-16
5.49541E+01  2.48043E-16
5.75440E+01  2.62213E-16
6.02560E+01  2.44966E-16
6.30957E+01  2.60808E-16
6.60693E+01  2.66766E-16
6.91831E+01  2.85417E-16
7.24436E+01  3.10182E-16
7.58578E+01  3.41656E-16
7.94328E+01  3.82689E-16
8.31764E+01  4.36425E-16
8.70963E+01  5.07199E-16
9.12011E+01  6.00818E-16
9.54992E+01  7.23657E-16
1.00000E+02  8.80714E-16
1.04713E+02  1.07071E-15
1.09648E+02  1.28896E-15
1.14815E+02  1.52573E-15
1.20226E+02  1.77320E-15
1.25893E+02  2.02390E-15
1.31826E+02  2.27735E-15
1.38038E+02  2.53718E-15
1.44544E+02  2.80579E-15
1.51356E+02  3.08645E-15
1.58489E+02  3.38214E-15
1.65959E+02  3.69088E-15
1.73780E+02  4.01161E-15
1.81970E+02  4.33794E-15
1.90546E+02  4.66749E-15
1.99526E+02  4.99278E-15
2.08930E+02  5.30427E-15
2.18776E+02  5.59750E-15
2.29087E+02  5.86425E-15
2.39883E+02  6.09976E-15
2.51189E+02  6.29561E-15
2.63027E+02  6.44642E-15
2.75423E+02  6.54949E-15
2.88403E+02  6.60750E-15
3.01995E+02  6.61814E-15
3.16228E+02  6.58207E-15
3.31131E+02  6.50032E-15
3.46737E+02  6.38034E-15
3.63078E+02  6.21912E-15
3.80189E+02  6.04113E-15
3.98107E+02  5.84710E-15
4.16869E+02  5.64926E-15
4.36516E+02  5.46729E-15
4.57088E+02  5.27632E-15
4.78630E+02  4.96143E-15
5.01187E+02  4.55514E-15
5.24807E+02  4.16014E-15
5.49541E+02  3.79964E-15
5.75440E+02  3.46666E-15
6.02560E+02  3.15177E-15
6.30957E+02  2.85775E-15
6.60693E+02  2.58131E-15
6.91831E+02  2.32265E-15
7.24436E+02  2.08369E-15
7.58577E+02  1.86157E-15
7.94328E+02  1.65821E-15
8.31763E+02  1.46842E-15
8.70963E+02  1.28714E-15
9.12011E+02  1.12404E-15
9.54993E+02  9.80338E-16
1.00000E+03  8.53094E-16
1.04713E+03  7.41692E-16
1.09648E+03  6.44000E-16
1.14815E+03  5.58412E-16
1.20226E+03  4.83388E-16
1.25893E+03  4.18412E-16
1.31826E+03  3.61802E-16
1.38038E+03  3.12554E-16
1.44544E+03  2.70016E-16
1.51356E+03  2.33195E-16
1.58489E+03  2.01268E-16
1.65959E+03  1.73727E-16
1.73780E+03  1.49924E-16
1.81970E+03  1.29383E-16
1.90546E+03  1.11695E-16
1.99526E+03  9.64212E-17
2.08930E+03  8.32737E-17
2.18776E+03  7.19423E-17
2.29087E+03  6.22657E-17
2.39883E+03  5.38615E-17
2.51189E+03  4.66332E-17
2.63027E+03  4.04117E-17
2.75423E+03  3.50465E-17
2.88403E+03  3.04149E-17
3.01995E+03  2.64122E-17
3.16228E+03  2.29669E-17
3.31131E+03  2.00027E-17
3.46737E+03  1.74800E-17
3.63078E+03  1.52654E-17
3.80189E+03  1.34198E-17
3.98107E+03  1.18016E-17
4.16869E+03  1.04321E-17
4.36516E+03  9.26248E-18
4.57088E+03  8.26490E-18
4.78630E+03  7.40597E-18
5.01187E+03  6.68356E-18
5.24807E+03  6.05992E-18
5.49541E+03  5.53395E-18
5.75440E+03  5.09058E-18
6.02560E+03  4.71179E-18
6.30957E+03  4.39407E-18
6.60693E+03  4.12552E-18
6.91831E+03  3.90011E-18
7.24436E+03  3.71310E-18
7.58577E+03  3.55685E-18
7.94328E+03  3.42867E-18
8.31763E+03  3.32408E-18
8.70963E+03  3.24004E-18
9.12010E+03  3.17376E-18
9.54993E+03  3.12309E-18
