#column 1 : lambda in microns
#column 2 : snu_eff in Jy / Lsun (in the cosmo of Planck 2013 XXX)
1.00000E+00  2.32882E-35
1.04713E+00  7.34830E-35
1.09648E+00  2.32119E-34
1.14815E+00  7.33980E-34
1.20226E+00  2.32320E-33
1.25893E+00  7.36031E-33
1.31826E+00  2.33393E-32
1.38038E+00  7.40703E-32
1.44544E+00  2.35258E-31
1.51356E+00  7.47765E-31
1.58489E+00  2.37843E-30
1.65959E+00  7.57017E-30
1.73780E+00  2.41095E-29
1.81970E+00  7.68285E-29
1.90546E+00  2.44959E-28
1.99526E+00  7.81425E-28
2.08930E+00  2.49395E-27
2.18776E+00  7.96313E-27
2.29087E+00  2.54368E-26
2.39883E+00  8.12848E-26
2.51189E+00  2.59846E-25
2.63027E+00  8.30942E-25
2.75423E+00  2.65806E-24
2.88403E+00  8.50525E-24
3.01995E+00  2.72227E-23
3.16228E+00  8.71541E-23
3.31131E+00  2.79093E-22
3.46737E+00  8.93937E-22
3.63078E+00  2.86391E-21
3.80189E+00  9.17690E-21
3.98107E+00  2.94112E-20
4.16869E+00  9.47299E-20
4.36516E+00  2.54700E-19
4.57088E+00  1.29039E-19
4.78630E+00  1.26189E-19
5.01187E+00  1.96927E-19
5.24807E+00  2.90825E-19
5.49541E+00  2.44322E-19
5.75440E+00  2.11603E-19
6.02560E+00  2.07752E-19
6.30957E+00  2.17461E-19
6.60693E+00  2.34297E-19
6.91831E+00  2.54652E-19
7.24436E+00  2.74172E-19
7.58578E+00  2.79885E-19
7.94328E+00  2.84084E-19
8.31764E+00  3.51173E-19
8.70964E+00  4.05810E-19
9.12011E+00  4.54762E-19
9.54992E+00  5.04196E-19
1.00000E+01  5.57337E-19
1.04713E+01  6.16132E-19
1.09648E+01  6.83135E-19
1.14815E+01  7.64735E-19
1.20226E+01  8.83063E-19
1.25893E+01  1.14293E-18
1.31826E+01  2.89830E-18
1.38038E+01  9.91861E-18
1.44544E+01  1.79503E-18
1.51356E+01  1.49874E-18
1.58489E+01  1.53700E-18
1.65959E+01  1.67324E-18
1.73780E+01  1.87618E-18
1.81970E+01  2.15074E-18
1.90546E+01  2.53040E-18
1.99526E+01  3.09585E-18
2.08930E+01  4.29984E-18
2.18776E+01  8.43459E-18
2.29087E+01  9.29605E-18
2.39883E+01  1.43795E-17
2.51189E+01  4.35717E-17
2.63027E+01  4.26531E-17
2.75423E+01  3.54359E-17
2.88403E+01  3.97869E-17
3.01995E+01  7.73224E-17
3.16228E+01  1.74618E-16
3.31131E+01  1.10119E-16
3.46737E+01  7.56873E-17
3.63078E+01  5.97520E-17
3.80189E+01  3.62353E-17
3.98107E+01  3.43810E-17
4.16869E+01  3.70316E-17
4.36516E+01  4.58135E-17
4.57088E+01  1.13823E-16
4.78630E+01  1.08779E-16
5.01187E+01  1.13269E-16
5.24807E+01  1.42067E-16
5.49541E+01  9.77748E-17
5.75440E+01  8.59219E-17
6.02560E+01  8.47577E-17
6.30957E+01  9.32609E-17
6.60693E+01  1.12323E-16
6.91831E+01  1.49672E-16
7.24436E+01  1.55065E-16
7.58578E+01  1.51604E-16
7.94328E+01  1.62128E-16
8.31764E+01  1.71339E-16
8.70963E+01  1.85286E-16
9.12011E+01  2.03361E-16
9.54992E+01  2.26290E-16
1.00000E+02  2.56816E-16
1.04713E+02  2.97342E-16
1.09648E+02  3.51976E-16
1.14815E+02  4.25925E-16
1.20226E+02  5.23601E-16
1.25893E+02  6.48066E-16
1.31826E+02  7.96416E-16
1.38038E+02  9.63948E-16
1.44544E+02  1.14165E-15
1.51356E+02  1.32103E-15
1.58489E+02  1.49911E-15
1.65959E+02  1.67547E-15
1.73780E+02  1.85189E-15
1.81970E+02  2.03017E-15
1.90546E+02  2.21326E-15
1.99526E+02  2.40037E-15
2.08930E+02  2.59134E-15
2.18776E+02  2.78220E-15
2.29087E+02  2.96918E-15
2.39883E+02  3.15141E-15
2.51189E+02  3.32555E-15
2.63027E+02  3.48158E-15
2.75423E+02  3.61937E-15
2.88403E+02  3.73377E-15
3.01995E+02  3.82591E-15
3.16228E+02  3.88924E-15
3.31131E+02  3.92520E-15
3.46737E+02  3.92862E-15
3.63078E+02  3.90487E-15
3.80189E+02  3.85572E-15
3.98107E+02  3.78199E-15
4.16869E+02  3.68384E-15
4.36516E+02  3.56835E-15
4.57088E+02  3.43723E-15
4.78630E+02  3.30081E-15
5.01187E+02  3.16003E-15
5.24807E+02  3.02740E-15
5.49541E+02  2.90171E-15
5.75440E+02  2.74931E-15
6.02560E+02  2.52625E-15
6.30957E+02  2.29576E-15
6.60693E+02  2.08278E-15
6.91831E+02  1.88748E-15
7.24436E+02  1.70801E-15
7.58577E+02  1.54186E-15
7.94328E+02  1.38577E-15
8.31763E+02  1.24252E-15
8.70963E+02  1.11024E-15
9.12011E+02  9.87992E-16
9.54993E+02  8.76988E-16
1.00000E+03  7.75699E-16
1.04713E+03  6.80373E-16
1.09648E+03  5.92294E-16
1.14815E+03  5.14612E-16
1.20226E+03  4.46711E-16
1.25893E+03  3.86906E-16
1.31826E+03  3.35064E-16
1.38038E+03  2.89680E-16
1.44544E+03  2.50160E-16
1.51356E+03  2.15894E-16
1.58489E+03  1.86305E-16
1.65959E+03  1.60628E-16
1.73780E+03  1.38423E-16
1.81970E+03  1.19327E-16
1.90546E+03  1.02791E-16
1.99526E+03  8.85891E-17
2.08930E+03  7.63046E-17
2.18776E+03  6.57651E-17
2.29087E+03  5.66725E-17
2.39883E+03  4.88765E-17
2.51189E+03  4.21807E-17
2.63027E+03  3.63975E-17
2.75423E+03  3.14619E-17
2.88403E+03  2.72192E-17
3.01995E+03  2.35597E-17
3.16228E+03  2.04230E-17
3.31131E+03  1.77197E-17
3.46737E+03  1.53913E-17
3.63078E+03  1.33820E-17
3.80189E+03  1.16544E-17
3.98107E+03  1.01698E-17
4.16869E+03  8.89409E-18
4.36516E+03  7.81417E-18
4.57088E+03  6.88008E-18
4.78630E+03  6.07695E-18
5.01187E+03  5.39130E-18
5.24807E+03  4.81419E-18
5.49541E+03  4.31496E-18
5.75440E+03  3.89419E-18
6.02560E+03  3.53523E-18
6.30957E+03  3.23248E-18
6.60693E+03  2.97416E-18
6.91831E+03  2.75548E-18
7.24436E+03  2.57286E-18
7.58577E+03  2.41996E-18
7.94328E+03  2.29070E-18
8.31763E+03  2.18409E-18
8.70963E+03  2.09623E-18
9.12010E+03  2.02363E-18
9.54993E+03  1.96528E-18
