#column 1 : lambda in microns
#column 2 : snu_eff in Jy / Lsun (in the cosmo of Planck 2013 XXX)
1.00000E+00  5.83879E-30
1.04713E+00  1.83924E-29
1.09648E+00  5.79636E-29
1.14815E+00  1.82754E-28
1.20226E+00  5.76458E-28
1.25893E+00  1.81908E-27
1.31826E+00  5.74266E-27
1.38038E+00  1.81362E-26
1.44544E+00  5.72989E-26
1.51356E+00  1.81095E-25
1.58489E+00  5.72564E-25
1.65959E+00  1.81091E-24
1.73780E+00  5.72948E-24
1.81970E+00  1.81334E-23
1.90546E+00  5.74093E-23
1.99526E+00  1.81812E-22
2.08930E+00  5.75965E-22
2.18776E+00  1.82515E-21
2.29087E+00  5.78534E-21
2.39883E+00  1.83435E-20
2.51189E+00  5.81777E-20
2.63027E+00  1.84565E-19
2.75423E+00  6.66189E-19
2.88403E+00  5.93027E-19
3.01995E+00  4.14157E-19
3.16228E+00  5.26739E-19
3.31131E+00  8.98131E-19
3.46737E+00  9.54456E-19
3.63078E+00  7.78529E-19
3.80189E+00  7.24624E-19
3.98107E+00  7.39912E-19
4.16869E+00  7.88961E-19
4.36516E+00  8.55628E-19
4.57088E+00  9.27907E-19
4.78630E+00  9.82427E-19
5.01187E+00  9.59809E-19
5.24807E+00  1.11241E-18
5.49541E+00  1.33113E-18
5.75440E+00  1.50570E-18
6.02560E+00  1.67500E-18
6.30957E+00  1.85282E-18
6.60693E+00  2.04802E-18
6.91831E+00  2.26458E-18
7.24436E+00  2.51675E-18
7.58578E+00  2.84603E-18
7.94328E+00  3.40744E-18
8.31764E+00  5.25373E-18
8.70964E+00  7.71919E-17
9.12011E+00  9.30677E-18
9.54992E+00  5.40002E-18
1.00000E+01  5.16929E-18
1.04713E+01  5.47634E-18
1.09648E+01  6.03410E-18
1.14815E+01  6.80916E-18
1.20226E+01  7.86282E-18
1.25893E+01  9.36328E-18
1.31826E+01  1.18804E-17
1.38038E+01  2.15398E-17
1.44544E+01  2.42025E-17
1.51356E+01  5.40376E-17
1.58489E+01  6.26881E-17
1.65959E+01  3.49292E-16
1.73780E+01  1.08288E-16
1.81970E+01  1.21914E-16
1.90546E+01  1.76488E-16
1.99526E+01  4.52528E-16
2.08930E+01  5.67210E-16
2.18776E+01  2.58968E-16
2.29087E+01  3.20218E-16
2.39883E+01  1.38766E-16
2.51189E+01  1.14210E-16
2.63027E+01  1.15607E-16
2.75423E+01  1.31276E-16
2.88403E+01  1.92277E-16
3.01995E+01  7.03853E-16
3.16228E+01  3.71080E-16
3.31131E+01  4.34675E-16
3.46737E+01  3.20563E-16
3.63078E+01  3.06257E-16
3.80189E+01  2.82406E-16
3.98107E+01  2.78051E-16
4.16869E+01  3.16998E-16
4.36516E+01  4.79325E-16
4.57088E+01  5.03625E-16
4.78630E+01  4.66601E-16
5.01187E+01  4.94203E-16
5.24807E+01  5.02778E-16
5.49541E+01  5.35592E-16
5.75440E+01  5.79607E-16
6.02560E+01  6.35392E-16
6.30957E+01  7.07990E-16
6.60693E+01  8.02040E-16
6.91831E+01  9.24175E-16
7.24436E+01  1.08283E-15
7.58578E+01  1.28672E-15
7.94328E+01  1.54195E-15
8.31764E+01  1.84471E-15
8.70963E+01  2.18702E-15
9.12011E+01  2.55565E-15
9.54992E+01  2.94150E-15
1.00000E+02  3.33666E-15
1.04713E+02  3.74348E-15
1.09648E+02  4.17058E-15
1.14815E+02  4.62275E-15
1.20226E+02  5.10744E-15
1.25893E+02  5.63048E-15
1.31826E+02  6.18921E-15
1.38038E+02  6.78395E-15
1.44544E+02  7.40523E-15
1.51356E+02  8.04668E-15
1.58489E+02  8.69949E-15
1.65959E+02  9.34485E-15
1.73780E+02  9.97504E-15
1.81970E+02  1.05732E-14
1.90546E+02  1.11261E-14
1.99526E+02  1.16239E-14
2.08930E+02  1.20451E-14
2.18776E+02  1.23856E-14
2.29087E+02  1.26448E-14
2.39883E+02  1.28158E-14
2.51189E+02  1.28971E-14
2.63027E+02  1.28842E-14
2.75423E+02  1.27904E-14
2.88403E+02  1.26125E-14
3.01995E+02  1.23858E-14
3.16228E+02  1.21230E-14
3.31131E+02  1.18439E-14
3.46737E+02  1.15867E-14
3.63078E+02  1.13021E-14
3.80189E+02  1.07318E-14
3.98107E+02  9.93923E-15
4.16869E+02  9.15344E-15
4.36516E+02  8.42894E-15
4.57088E+02  7.75188E-15
4.78630E+02  7.10297E-15
5.01187E+02  6.48930E-15
5.24807E+02  5.90434E-15
5.49541E+02  5.35015E-15
5.75440E+02  4.83202E-15
6.02560E+02  4.34482E-15
6.30957E+02  3.89413E-15
6.60693E+02  3.46873E-15
6.91831E+02  3.05774E-15
7.24436E+02  2.68471E-15
7.58577E+02  2.35349E-15
7.94328E+02  2.05799E-15
8.31763E+02  1.79739E-15
8.70963E+02  1.56728E-15
9.12011E+02  1.36454E-15
9.54993E+02  1.18583E-15
1.00000E+03  1.03011E-15
1.04713E+03  8.93801E-16
1.09648E+03  7.74606E-16
1.14815E+03  6.71169E-16
1.20226E+03  5.81267E-16
1.25893E+03  5.02971E-16
1.31826E+03  4.35182E-16
1.38038E+03  3.76353E-16
1.44544E+03  3.25424E-16
1.51356E+03  2.81430E-16
1.58489E+03  2.43307E-16
1.65959E+03  2.10449E-16
1.73780E+03  1.82001E-16
1.81970E+03  1.57614E-16
1.90546E+03  1.36432E-16
1.99526E+03  1.18141E-16
2.08930E+03  1.02369E-16
2.18776E+03  8.87343E-17
2.29087E+03  7.69349E-17
2.39883E+03  6.67139E-17
2.51189E+03  5.79016E-17
2.63027E+03  5.03025E-17
2.75423E+03  4.38229E-17
2.88403E+03  3.81221E-17
3.01995E+03  3.33642E-17
3.16228E+03  2.91809E-17
3.31131E+03  2.56316E-17
3.46737E+03  2.25950E-17
3.63078E+03  2.00003E-17
3.80189E+03  1.77595E-17
3.98107E+03  1.58673E-17
4.16869E+03  1.42305E-17
4.36516E+03  1.28448E-17
4.57088E+03  1.16717E-17
4.78630E+03  1.06655E-17
5.01187E+03  9.81592E-18
5.24807E+03  9.09375E-18
5.49541E+03  8.48256E-18
5.75440E+03  7.97044E-18
6.02560E+03  7.53810E-18
6.30957E+03  7.17769E-18
6.60693E+03  6.87836E-18
6.91831E+03  6.63175E-18
7.24436E+03  6.43111E-18
7.58577E+03  6.27008E-18
7.94328E+03  6.14217E-18
8.31763E+03  6.04379E-18
8.70963E+03  5.97121E-18
9.12010E+03  5.92113E-18
9.54993E+03  5.89020E-18
