#column 1 : lambda in microns
#column 2 : snu_eff in Jy / Lsun (in the cosmo of Planck 2013 XXX)
1.00000E+00  1.56009E-24
1.04713E+00  4.87783E-24
1.09648E+00  1.52542E-23
1.14815E+00  4.77129E-23
1.20226E+00  1.49268E-22
1.25893E+00  4.67068E-22
1.31826E+00  1.46176E-21
1.38038E+00  4.57568E-21
1.44544E+00  1.43257E-20
1.51356E+00  4.48601E-20
1.58489E+00  1.40503E-19
1.65959E+00  4.40145E-19
1.73780E+00  1.37907E-18
1.81970E+00  4.89002E-18
1.90546E+00  2.78259E-18
1.99526E+00  2.34955E-18
2.08930E+00  3.32452E-18
2.18776E+00  5.44706E-18
2.29087E+00  5.01928E-18
2.39883E+00  4.21245E-18
2.51189E+00  4.05041E-18
2.63027E+00  4.19787E-18
2.75423E+00  4.50495E-18
2.88403E+00  4.89259E-18
3.01995E+00  5.29675E-18
3.16228E+00  5.52877E-18
3.31131E+00  5.41773E-18
3.46737E+00  6.58655E-18
3.63078E+00  7.71434E-18
3.80189E+00  8.66355E-18
3.98107E+00  9.61298E-18
4.16869E+00  1.06205E-17
4.36516E+00  1.17296E-17
4.57088E+00  1.29720E-17
4.78630E+00  1.44421E-17
5.01187E+00  1.64448E-17
5.24807E+00  2.02297E-17
5.49541E+00  3.70564E-17
5.75440E+00  8.53952E-16
6.02560E+00  3.94862E-17
6.30957E+00  2.88981E-17
6.60693E+00  2.86369E-17
6.91831E+00  3.05807E-17
7.24436E+00  3.37225E-17
7.58578E+00  3.80486E-17
7.94328E+00  4.39699E-17
8.31764E+00  5.26616E-17
8.70964E+00  6.89181E-17
9.12011E+00  1.53278E-16
9.54992E+00  1.39438E-16
1.00000E+01  2.87604E-16
1.04713E+01  4.72859E-16
1.09648E+01  1.24816E-15
1.14815E+01  6.10075E-16
1.20226E+01  6.70326E-16
1.25893E+01  1.14126E-15
1.31826E+01  3.10651E-15
1.38038E+01  2.60461E-15
1.44544E+01  1.31958E-15
1.51356E+01  1.44324E-15
1.58489E+01  6.68184E-16
1.65959E+01  5.91817E-16
1.73780E+01  6.12468E-16
1.81970E+01  7.21213E-16
1.90546E+01  1.28354E-15
1.99526E+01  2.53925E-15
2.08930E+01  2.08037E-15
2.18776E+01  2.68933E-15
2.29087E+01  1.57173E-15
2.39883E+01  1.43809E-15
2.51189E+01  1.36978E-15
2.63027E+01  1.43241E-15
2.75423E+01  1.66696E-15
2.88403E+01  2.29635E-15
3.01995E+01  2.56632E-15
3.16228E+01  2.23939E-15
3.31131E+01  2.39499E-15
3.46737E+01  2.43343E-15
3.63078E+01  2.58410E-15
3.80189E+01  2.78450E-15
3.98107E+01  3.03652E-15
4.16869E+01  3.36852E-15
4.36516E+01  3.79377E-15
4.57088E+01  4.33867E-15
4.78630E+01  5.03104E-15
5.01187E+01  5.89082E-15
5.24807E+01  6.92280E-15
5.49541E+01  8.10470E-15
5.75440E+01  9.38944E-15
6.02560E+01  1.07419E-14
6.30957E+01  1.21397E-14
6.60693E+01  1.35985E-14
6.91831E+01  1.51443E-14
7.24436E+01  1.68170E-14
7.58578E+01  1.86710E-14
7.94328E+01  2.07259E-14
8.31764E+01  2.30232E-14
8.70963E+01  2.55594E-14
9.12011E+01  2.83403E-14
9.54992E+01  3.13449E-14
1.00000E+02  3.45485E-14
1.04713E+02  3.79004E-14
1.09648E+02  4.13627E-14
1.14815E+02  4.48805E-14
1.20226E+02  4.83749E-14
1.25893E+02  5.17714E-14
1.31826E+02  5.49985E-14
1.38038E+02  5.79801E-14
1.44544E+02  6.06399E-14
1.51356E+02  6.29750E-14
1.58489E+02  6.49250E-14
1.65959E+02  6.64363E-14
1.73780E+02  6.75061E-14
1.81970E+02  6.80976E-14
1.90546E+02  6.82818E-14
1.99526E+02  6.81731E-14
2.08930E+02  6.78607E-14
2.18776E+02  6.74683E-14
2.29087E+02  6.71496E-14
2.39883E+02  6.63204E-14
2.51189E+02  6.33602E-14
2.63027E+02  5.93619E-14
2.75423E+02  5.53986E-14
2.88403E+02  5.16677E-14
3.01995E+02  4.80519E-14
3.16228E+02  4.45490E-14
3.31131E+02  4.10961E-14
3.46737E+02  3.77876E-14
3.63078E+02  3.45853E-14
3.80189E+02  3.15269E-14
3.98107E+02  2.86111E-14
4.16869E+02  2.58588E-14
4.36516E+02  2.31867E-14
4.57088E+02  2.05725E-14
4.78630E+02  1.82012E-14
5.01187E+02  1.60750E-14
5.24807E+02  1.41611E-14
5.49541E+02  1.24430E-14
5.75440E+02  1.09152E-14
6.02560E+02  9.55739E-15
6.30957E+02  8.35932E-15
6.60693E+02  7.29717E-15
6.91831E+02  6.36155E-15
7.24436E+02  5.54262E-15
7.58577E+02  4.82220E-15
7.94328E+02  4.19303E-15
8.31763E+02  3.64185E-15
8.70963E+02  3.16248E-15
9.12011E+02  2.74371E-15
9.54993E+02  2.37922E-15
1.00000E+03  2.06305E-15
1.04713E+03  1.78923E-15
1.09648E+03  1.55096E-15
1.14815E+03  1.34393E-15
1.20226E+03  1.16535E-15
1.25893E+03  1.01005E-15
1.31826E+03  8.75881E-16
1.38038E+03  7.59175E-16
1.44544E+03  6.58186E-16
1.51356E+03  5.70279E-16
1.58489E+03  4.94076E-16
1.65959E+03  4.28128E-16
1.73780E+03  3.71238E-16
1.81970E+03  3.22046E-16
1.90546E+03  2.79571E-16
1.99526E+03  2.43334E-16
2.08930E+03  2.11967E-16
2.18776E+03  1.85137E-16
2.29087E+03  1.61832E-16
2.39883E+03  1.41925E-16
2.51189E+03  1.24870E-16
2.63027E+03  1.10442E-16
2.75423E+03  9.78634E-17
2.88403E+03  8.71961E-17
3.01995E+03  7.80063E-17
3.16228E+03  7.01924E-17
3.31131E+03  6.34642E-17
3.46737E+03  5.78041E-17
3.63078E+03  5.29657E-17
3.80189E+03  4.88813E-17
3.98107E+03  4.53973E-17
4.16869E+03  4.24516E-17
4.36516E+03  3.99720E-17
4.57088E+03  3.78876E-17
4.78630E+03  3.61566E-17
5.01187E+03  3.47231E-17
5.24807E+03  3.35440E-17
5.49541E+03  3.25781E-17
5.75440E+03  3.18071E-17
6.02560E+03  3.12035E-17
6.30957E+03  3.07490E-17
6.60693E+03  3.04178E-17
6.91831E+03  3.01981E-17
7.24436E+03  3.00761E-17
7.58577E+03  3.00386E-17
7.94328E+03  3.00788E-17
8.31763E+03  3.01870E-17
8.70963E+03  3.03570E-17
9.12010E+03  3.05820E-17
9.54993E+03  3.08574E-17
