#column 1 : lambda in microns
#column 2 : snu_eff in Jy / Lsun (in the cosmo of Planck 2013 XXX)
1.00000E+00  3.59969E-23
1.04713E+00  1.12620E-22
1.09648E+00  3.52395E-22
1.14815E+00  1.10282E-21
1.20226E+00  3.45173E-21
1.25893E+00  1.08051E-20
1.31826E+00  3.38283E-20
1.38038E+00  1.05923E-19
1.44544E+00  3.31707E-19
1.51356E+00  1.03891E-18
1.58489E+00  3.27024E-18
1.65959E+00  8.69458E-18
1.73780E+00  4.45347E-18
1.81970E+00  4.37070E-18
1.90546E+00  6.77861E-18
1.99526E+00  9.97443E-18
2.08930E+00  8.41667E-18
2.18776E+00  7.32593E-18
2.29087E+00  7.21541E-18
2.39883E+00  7.56298E-18
2.51189E+00  8.15362E-18
2.63027E+00  8.86589E-18
2.75423E+00  9.55114E-18
2.88403E+00  9.76473E-18
3.01995E+00  9.93452E-18
3.16228E+00  1.22292E-17
3.31131E+00  1.41089E-17
3.46737E+00  1.57875E-17
3.63078E+00  1.74882E-17
3.80189E+00  1.93159E-17
3.98107E+00  2.13270E-17
4.16869E+00  2.35923E-17
4.36516E+00  2.63648E-17
4.57088E+00  3.03494E-17
4.78630E+00  3.90854E-17
5.01187E+00  9.83016E-17
5.24807E+00  3.35136E-16
5.49541E+00  6.06728E-17
5.75440E+00  5.03534E-17
6.02560E+00  5.11828E-17
6.30957E+00  5.51205E-17
6.60693E+00  6.10602E-17
6.91831E+00  6.91400E-17
7.24436E+00  8.03707E-17
7.58578E+00  9.74224E-17
7.94328E+00  1.35344E-16
8.31764E+00  2.70493E-16
8.70964E+00  2.95447E-16
9.12011E+00  4.60205E-16
9.54992E+00  1.42277E-15
1.00000E+01  1.38412E-15
1.04713E+01  1.13750E-15
1.09648E+01  1.27112E-15
1.14815E+01  2.48926E-15
1.20226E+01  5.64620E-15
1.25893E+01  3.52560E-15
1.31826E+01  2.39933E-15
1.38038E+01  1.87004E-15
1.44544E+01  1.09914E-15
1.51356E+01  1.02326E-15
1.58489E+01  1.08950E-15
1.65959E+01  1.35297E-15
1.73780E+01  3.52807E-15
1.81970E+01  3.32989E-15
1.90546E+01  3.43482E-15
1.99526E+01  4.29933E-15
2.08930E+01  2.85236E-15
2.18776E+01  2.43536E-15
2.29087E+01  2.34384E-15
2.39883E+01  2.53219E-15
2.51189E+01  3.01102E-15
2.63027E+01  3.98851E-15
2.75423E+01  4.02768E-15
2.88403E+01  3.82055E-15
3.01995E+01  4.00474E-15
3.16228E+01  4.15734E-15
3.31131E+01  4.42137E-15
3.46737E+01  4.77058E-15
3.63078E+01  5.20864E-15
3.80189E+01  5.78258E-15
3.98107E+01  6.51415E-15
4.16869E+01  7.44890E-15
4.36516E+01  8.63405E-15
4.57088E+01  1.00867E-14
4.78630E+01  1.18041E-14
5.01187E+01  1.37276E-14
5.24807E+01  1.57977E-14
5.49541E+01  1.79641E-14
5.75440E+01  2.02057E-14
6.02560E+01  2.25494E-14
6.30957E+01  2.50665E-14
6.60693E+01  2.78371E-14
6.91831E+01  3.09171E-14
7.24436E+01  3.43902E-14
7.58578E+01  3.82736E-14
7.94328E+01  4.26153E-14
8.31764E+01  4.73682E-14
8.70963E+01  5.25456E-14
9.12011E+01  5.80789E-14
9.54992E+01  6.39325E-14
1.00000E+02  6.99763E-14
1.04713E+02  7.61388E-14
1.09648E+02  8.22961E-14
1.14815E+02  8.83360E-14
1.20226E+02  9.41013E-14
1.25893E+02  9.94603E-14
1.31826E+02  1.04328E-13
1.38038E+02  1.08646E-13
1.44544E+02  1.12293E-13
1.51356E+02  1.15214E-13
1.58489E+02  1.17360E-13
1.65959E+02  1.18687E-13
1.73780E+02  1.19359E-13
1.81970E+02  1.19570E-13
1.90546E+02  1.19422E-13
1.99526E+02  1.19231E-13
2.08930E+02  1.19112E-13
2.18776E+02  1.17315E-13
2.29087E+02  1.11613E-13
2.39883E+02  1.04684E-13
2.51189E+02  9.79813E-14
2.63027E+02  9.15437E-14
2.75423E+02  8.53331E-14
2.88403E+02  7.92560E-14
3.01995E+02  7.32476E-14
3.16228E+02  6.74291E-14
3.31131E+02  6.17995E-14
3.46737E+02  5.63577E-14
3.63078E+02  5.11983E-14
3.80189E+02  4.62968E-14
3.98107E+02  4.14820E-14
4.16869E+02  3.68583E-14
4.36516E+02  3.26423E-14
4.57088E+02  2.88579E-14
4.78630E+02  2.54405E-14
5.01187E+02  2.23868E-14
5.24807E+02  1.96505E-14
5.49541E+02  1.72162E-14
5.75440E+02  1.50640E-14
6.02560E+02  1.31655E-14
6.30957E+02  1.14887E-14
6.60693E+02  1.00123E-14
6.91831E+02  8.72171E-15
7.24436E+02  7.58734E-15
7.58577E+02  6.59642E-15
7.94328E+02  5.72927E-15
8.31763E+02  4.97577E-15
8.70963E+02  4.31712E-15
9.12011E+02  3.74502E-15
9.54993E+02  3.24807E-15
1.00000E+03  2.81724E-15
1.04713E+03  2.44300E-15
1.09648E+03  2.11876E-15
1.14815E+03  1.83695E-15
1.20226E+03  1.59323E-15
1.25893E+03  1.38148E-15
1.31826E+03  1.19734E-15
1.38038E+03  1.03735E-15
1.44544E+03  8.98690E-16
1.51356E+03  7.78691E-16
1.58489E+03  6.74955E-16
1.65959E+03  5.86160E-16
1.73780E+03  5.09165E-16
1.81970E+03  4.42297E-16
1.90546E+03  3.84907E-16
1.99526E+03  3.36068E-16
2.08930E+03  2.93389E-16
2.18776E+03  2.57199E-16
2.29087E+03  2.26146E-16
2.39883E+03  1.99578E-16
2.51189E+03  1.76649E-16
2.63027E+03  1.56980E-16
2.75423E+03  1.40266E-16
2.88403E+03  1.26023E-16
3.01995E+03  1.13727E-16
3.16228E+03  1.03335E-16
3.31131E+03  9.44665E-17
3.46737E+03  8.68992E-17
3.63078E+03  8.04910E-17
3.80189E+03  7.50855E-17
3.98107E+03  7.05183E-17
4.16869E+03  6.66961E-17
4.36516E+03  6.34821E-17
4.57088E+03  6.08194E-17
4.78630E+03  5.86115E-17
5.01187E+03  5.68110E-17
5.24807E+03  5.53530E-17
5.49541E+03  5.42009E-17
5.75440E+03  5.33183E-17
6.02560E+03  5.26699E-17
6.30957E+03  5.22210E-17
6.60693E+03  5.19458E-17
6.91831E+03  5.18308E-17
7.24436E+03  5.18510E-17
7.58577E+03  5.19975E-17
7.94328E+03  5.22534E-17
8.31763E+03  5.26100E-17
8.70963E+03  5.30556E-17
9.12010E+03  5.35859E-17
9.54993E+03  5.41920E-17
