#column 1 : lambda in microns
#column 2 : snu_eff in Jy / Lsun (in the cosmo of Planck 2013 XXX)
1.00000E+00  1.04817E-42
1.04713E+00  3.21598E-42
1.09648E+00  9.82030E-42
1.14815E+00  3.00691E-41
1.20226E+00  9.22587E-41
1.25893E+00  2.83577E-40
1.31826E+00  8.73289E-40
1.38038E+00  2.69439E-39
1.44544E+00  8.32860E-39
1.51356E+00  2.57919E-38
1.58489E+00  8.00176E-38
1.65959E+00  2.48693E-37
1.73780E+00  7.74282E-37
1.81970E+00  2.41477E-36
1.90546E+00  7.54345E-36
1.99526E+00  2.36026E-35
2.08930E+00  7.39644E-35
2.18776E+00  2.32131E-34
2.29087E+00  7.29567E-34
2.39883E+00  2.29611E-33
2.51189E+00  7.23577E-33
2.63027E+00  2.28306E-32
2.75423E+00  7.21219E-32
2.88403E+00  2.28087E-31
3.01995E+00  7.22093E-31
3.16228E+00  2.28834E-30
3.31131E+00  7.25863E-30
3.46737E+00  2.30448E-29
3.63078E+00  7.32239E-29
3.80189E+00  2.32846E-28
3.98107E+00  7.40969E-28
4.16869E+00  2.35954E-27
4.36516E+00  7.51843E-27
4.57088E+00  2.39709E-26
4.78630E+00  7.64682E-26
5.01187E+00  2.44061E-25
5.24807E+00  7.79325E-25
5.49541E+00  2.48962E-24
5.75440E+00  7.95655E-24
6.02560E+00  2.54377E-23
6.30957E+00  8.13550E-23
6.60693E+00  2.60275E-22
6.91831E+00  8.32930E-22
7.24436E+00  2.66627E-21
7.58578E+00  8.53716E-21
7.94328E+00  2.74736E-20
8.31764E+00  7.38271E-20
8.70964E+00  3.74174E-20
9.12011E+00  3.65842E-20
9.54992E+00  5.70969E-20
1.00000E+01  8.43027E-20
1.04713E+01  7.08377E-20
1.09648E+01  6.13532E-20
1.14815E+01  6.02330E-20
1.20226E+01  6.30551E-20
1.25893E+01  6.79456E-20
1.31826E+01  7.38345E-20
1.38038E+01  7.94839E-20
1.44544E+01  8.11743E-20
1.51356E+01  8.23750E-20
1.58489E+01  1.01876E-19
1.65959E+01  1.17684E-19
1.73780E+01  1.31937E-19
1.81970E+01  1.46312E-19
1.90546E+01  1.61716E-19
1.99526E+01  1.78803E-19
2.08930E+01  1.98501E-19
2.18776E+01  2.22265E-19
2.29087E+01  2.56911E-19
2.39883E+01  3.32821E-19
2.51189E+01  8.43294E-19
2.63027E+01  2.88440E-18
2.75423E+01  5.25417E-19
2.88403E+01  4.41318E-19
3.01995E+01  4.55256E-19
3.16228E+01  4.98863E-19
3.31131E+01  5.63157E-19
3.46737E+01  6.49930E-19
3.63078E+01  7.69436E-19
3.80189E+01  9.45553E-19
3.98107E+01  1.31130E-18
4.16869E+01  2.53758E-18
4.36516E+01  2.81175E-18
4.57088E+01  4.32744E-18
4.78630E+01  1.29381E-17
5.01187E+01  1.27094E-17
5.24807E+01  1.06271E-17
5.49541E+01  1.19604E-17
5.75440E+01  2.31157E-17
6.02560E+01  5.20251E-17
6.30957E+01  3.30094E-17
6.60693E+01  2.28633E-17
6.91831E+01  1.82307E-17
7.24436E+01  1.13555E-17
7.58578E+01  1.09084E-17
7.94328E+01  1.17914E-17
8.31764E+01  1.44786E-17
8.70963E+01  3.46558E-17
9.12011E+01  3.32804E-17
9.54992E+01  3.47297E-17
1.00000E+02  4.34128E-17
1.04713E+02  3.04157E-17
1.09648E+02  2.70559E-17
1.14815E+02  2.69521E-17
1.20226E+02  2.98323E-17
1.25893E+02  3.60063E-17
1.31826E+02  4.78173E-17
1.38038E+02  5.00629E-17
1.44544E+02  4.96737E-17
1.51356E+02  5.34990E-17
1.58489E+02  5.68434E-17
1.65959E+02  6.17636E-17
1.73780E+02  6.81250E-17
1.81970E+02  7.62329E-17
1.90546E+02  8.70516E-17
1.99526E+02  1.01511E-16
2.08930E+02  1.21111E-16
2.18776E+02  1.47744E-16
2.29087E+02  1.83057E-16
2.39883E+02  2.28054E-16
2.51189E+02  2.81283E-16
2.63027E+02  3.40721E-16
2.75423E+02  4.02539E-16
2.88403E+02  4.62897E-16
3.01995E+02  5.20894E-16
3.16228E+02  5.75955E-16
3.31131E+02  6.28721E-16
3.46737E+02  6.80083E-16
3.63078E+02  7.31053E-16
3.80189E+02  7.81530E-16
3.98107E+02  8.31340E-16
4.16869E+02  8.79480E-16
4.36516E+02  9.24095E-16
4.57088E+02  9.66264E-16
4.78630E+02  1.00513E-15
5.01187E+02  1.03655E-15
5.24807E+02  1.06176E-15
5.49541E+02  1.07903E-15
5.75440E+02  1.09058E-15
6.02560E+02  1.09314E-15
6.30957E+02  1.08919E-15
6.60693E+02  1.07542E-15
6.91831E+02  1.05456E-15
7.24436E+02  1.02828E-15
7.58577E+02  9.96880E-16
7.94328E+02  9.59022E-16
8.31763E+02  9.18877E-16
8.70963E+02  8.75126E-16
9.12011E+02  8.31595E-16
9.54993E+02  7.87467E-16
1.00000E+03  7.46778E-16
1.04713E+03  7.08781E-16
1.09648E+03  6.65227E-16
1.14815E+03  6.05915E-16
1.20226E+03  5.46479E-16
1.25893E+03  4.92124E-16
1.31826E+03  4.42743E-16
1.38038E+03  3.97881E-16
1.44544E+03  3.56810E-16
1.51356E+03  3.18631E-16
1.58489E+03  2.83998E-16
1.65959E+03  2.52326E-16
1.73780E+03  2.23291E-16
1.81970E+03  1.97202E-16
1.90546E+03  1.73568E-16
1.99526E+03  1.51513E-16
2.08930E+03  1.31298E-16
2.18776E+03  1.13636E-16
2.29087E+03  9.82359E-17
2.39883E+03  8.47221E-17
2.51189E+03  7.31459E-17
2.63027E+03  6.30331E-17
2.75423E+03  5.42701E-17
2.88403E+03  4.67044E-17
3.01995E+03  4.02021E-17
3.16228E+03  3.45757E-17
3.31131E+03  2.97276E-17
3.46737E+03  2.55728E-17
3.63078E+03  2.19885E-17
3.80189E+03  1.89238E-17
3.98107E+03  1.62781E-17
4.16869E+03  1.40114E-17
4.36516E+03  1.20631E-17
4.57088E+03  1.03976E-17
4.78630E+03  8.97250E-18
5.01187E+03  7.73411E-18
5.24807E+03  6.68946E-18
5.49541E+03  5.78987E-18
5.75440E+03  5.01692E-18
6.02560E+03  4.35463E-18
6.30957E+03  3.78464E-18
6.60693E+03  3.29547E-18
6.91831E+03  2.87358E-18
7.24436E+03  2.51173E-18
7.58577E+03  2.20124E-18
7.94328E+03  1.93437E-18
8.31763E+03  1.71008E-18
8.70963E+03  1.51572E-18
9.12010E+03  1.34927E-18
9.54993E+03  1.20736E-18
