#column 1 : lambda in microns
#column 2 : snu_eff in Jy / Lsun (in the cosmo of Planck 2013 XXX)
1.00000E+00  1.40130E-45
1.04713E+00  2.80260E-45
1.09648E+00  7.00649E-45
1.14815E+00  3.08286E-44
1.20226E+00  9.80909E-44
1.25893E+00  3.01279E-43
1.31826E+00  9.10844E-43
1.38038E+00  2.78298E-42
1.44544E+00  8.51709E-42
1.51356E+00  2.60880E-41
1.58489E+00  8.00730E-41
1.65959E+00  2.46240E-40
1.73780E+00  7.58657E-40
1.81970E+00  2.34180E-39
1.90546E+00  7.24210E-39
1.99526E+00  2.24375E-38
2.08930E+00  6.96420E-38
2.18776E+00  2.16541E-37
2.29087E+00  6.74471E-37
2.39883E+00  2.10437E-36
2.51189E+00  6.57645E-36
2.63027E+00  2.05850E-35
2.75423E+00  6.45328E-35
2.88403E+00  2.02604E-34
3.01995E+00  6.36988E-34
3.16228E+00  2.00541E-33
3.31131E+00  6.32169E-33
3.46737E+00  1.99525E-32
3.63078E+00  6.30478E-32
3.80189E+00  1.99444E-31
3.98107E+00  6.31574E-31
4.16869E+00  2.00196E-30
4.36516E+00  6.35168E-30
4.57088E+00  2.01697E-29
4.78630E+00  6.41011E-29
5.01187E+00  2.03875E-28
5.24807E+00  6.48886E-28
5.49541E+00  2.06665E-27
5.75440E+00  6.58619E-27
6.02560E+00  2.10016E-26
6.30957E+00  6.70043E-26
6.60693E+00  2.13882E-25
6.91831E+00  6.83039E-25
7.24436E+00  2.18225E-24
7.58578E+00  6.97490E-24
7.94328E+00  2.23014E-23
8.31764E+00  7.13301E-23
8.70964E+00  2.28220E-22
9.12011E+00  7.30401E-22
9.54992E+00  2.33823E-21
1.00000E+01  7.48723E-21
1.04713E+01  2.53470E-20
1.09648E+01  4.04555E-20
1.14815E+01  2.30115E-20
1.20226E+01  2.59542E-20
1.25893E+01  4.30457E-20
1.31826E+01  5.45071E-20
1.38038E+01  4.41971E-20
1.44544E+01  3.96800E-20
1.51356E+01  3.97886E-20
1.58489E+01  4.20546E-20
1.65959E+01  4.54992E-20
1.73780E+01  4.94137E-20
1.81970E+01  5.28088E-20
1.90546E+01  5.25463E-20
1.99526E+01  5.69274E-20
2.08930E+01  6.96428E-20
2.18776E+01  7.95486E-20
2.29087E+01  8.87608E-20
2.39883E+01  9.83340E-20
2.51189E+01  1.08753E-19
2.63027E+01  1.20317E-19
2.75423E+01  1.33665E-19
2.88403E+01  1.50549E-19
3.01995E+01  1.76715E-19
3.16228E+01  2.45179E-19
3.31131E+01  1.13895E-18
3.46737E+01  8.09972E-19
3.63078E+01  3.16790E-19
3.80189E+01  2.88877E-19
3.98107E+01  3.04289E-19
4.16869E+01  3.36171E-19
4.36516E+01  3.81894E-19
4.57088E+01  4.43429E-19
4.78630E+01  5.28663E-19
5.01187E+01  6.60468E-19
5.24807E+01  1.00427E-18
5.49541E+01  1.47416E-18
5.75440E+01  2.42876E-18
6.02560E+01  3.00067E-18
6.30957E+01  1.56594E-17
6.60693E+01  6.63536E-18
6.91831E+01  7.10470E-18
7.24436E+01  8.82097E-18
7.58578E+01  1.94853E-17
7.94328E+01  3.36888E-17
8.31764E+01  1.73770E-17
8.70963E+01  1.71001E-17
9.12011E+01  9.69437E-18
9.54992E+01  7.25075E-18
1.00000E+02  7.22566E-18
1.04713E+02  8.00444E-18
1.09648E+02  1.04642E-17
1.14815E+02  4.22316E-17
1.20226E+02  2.07006E-17
1.25893E+02  2.29549E-17
1.31826E+02  2.31152E-17
1.38038E+02  2.05990E-17
1.44544E+02  1.84165E-17
1.51356E+02  1.79709E-17
1.58489E+02  2.03106E-17
1.65959E+02  2.59466E-17
1.73780E+02  3.30899E-17
1.81970E+02  3.26392E-17
1.90546E+02  3.33584E-17
1.99526E+02  3.54580E-17
2.08930E+02  3.79965E-17
2.18776E+02  4.14395E-17
2.29087E+02  4.58498E-17
2.39883E+02  5.15705E-17
2.51189E+02  5.91981E-17
2.63027E+02  6.94052E-17
2.75423E+02  8.33393E-17
2.88403E+02  1.02189E-16
3.01995E+02  1.26791E-16
3.16228E+02  1.57760E-16
3.31131E+02  1.94055E-16
3.46737E+02  2.33481E-16
3.63078E+02  2.73858E-16
3.80189E+02  3.13112E-16
3.98107E+02  3.50598E-16
4.16869E+02  3.86223E-16
4.36516E+02  4.20716E-16
4.57088E+02  4.54296E-16
4.78630E+02  4.87566E-16
5.01187E+02  5.20704E-16
5.24807E+02  5.53003E-16
5.49541E+02  5.83846E-16
5.75440E+02  6.13201E-16
6.02560E+02  6.40046E-16
6.30957E+02  6.64538E-16
6.60693E+02  6.84557E-16
6.91831E+02  6.99753E-16
7.24436E+02  7.09747E-16
7.58577E+02  7.16293E-16
7.94328E+02  7.15824E-16
8.31763E+02  7.12124E-16
8.70963E+02  7.01481E-16
9.12011E+02  6.87545E-16
9.54993E+02  6.69237E-16
1.00000E+03  6.48102E-16
1.04713E+03  6.22663E-16
1.09648E+03  5.95234E-16
1.14815E+03  5.66293E-16
1.20226E+03  5.37442E-16
1.25893E+03  5.09950E-16
1.31826E+03  4.82888E-16
1.38038E+03  4.58277E-16
1.44544E+03  4.27136E-16
1.51356E+03  3.86866E-16
1.58489E+03  3.48948E-16
1.65959E+03  3.14013E-16
1.73780E+03  2.82588E-16
1.81970E+03  2.53755E-16
1.90546E+03  2.27501E-16
1.99526E+03  2.03087E-16
2.08930E+03  1.80711E-16
2.18776E+03  1.60462E-16
2.29087E+03  1.41926E-16
2.39883E+03  1.25280E-16
2.51189E+03  1.10078E-16
2.63027E+03  9.58549E-17
2.75423E+03  8.30430E-17
2.88403E+03  7.17404E-17
3.01995E+03  6.20913E-17
3.16228E+03  5.35225E-17
3.31131E+03  4.62431E-17
3.46737E+03  3.98195E-17
3.63078E+03  3.42861E-17
3.80189E+03  2.95014E-17
3.98107E+03  2.53786E-17
4.16869E+03  2.18341E-17
4.36516E+03  1.87659E-17
4.57088E+03  1.61388E-17
4.78630E+03  1.38855E-17
5.01187E+03  1.19418E-17
5.24807E+03  1.02716E-17
5.49541E+03  8.84925E-18
5.75440E+03  7.62012E-18
6.02560E+03  6.56741E-18
6.30957E+03  5.66526E-18
6.60693E+03  4.89177E-18
6.91831E+03  4.23113E-18
7.24436E+03  3.66421E-18
7.58577E+03  3.17400E-18
7.94328E+03  2.75584E-18
8.31763E+03  2.39640E-18
8.70963E+03  2.08681E-18
9.12010E+03  1.82155E-18
9.54993E+03  1.59306E-18
