#column 1 : lambda in microns
#column 2 : snu_eff in Jy / Lsun (in the cosmo of Planck 2013 XXX)
1.00000E+00  2.02518E-32
1.04713E+00  6.39970E-32
1.09648E+00  2.02381E-31
1.14815E+00  6.40444E-31
1.20226E+00  2.02806E-30
1.25893E+00  6.42621E-30
1.31826E+00  2.03746E-29
1.38038E+00  6.46360E-29
1.44544E+00  2.05162E-28
1.51356E+00  6.51541E-28
1.58489E+00  2.07016E-27
1.65959E+00  6.58067E-27
1.73780E+00  2.09281E-26
1.81970E+00  6.65850E-26
1.90546E+00  2.11933E-25
1.99526E+00  6.74820E-25
2.08930E+00  2.14949E-24
2.18776E+00  6.84915E-24
2.29087E+00  2.18314E-23
2.39883E+00  6.96089E-23
2.51189E+00  2.22013E-22
2.63027E+00  7.08300E-22
2.75423E+00  2.26035E-21
2.88403E+00  7.21517E-21
3.01995E+00  2.30370E-20
3.16228E+00  7.35716E-20
3.31131E+00  2.48365E-19
3.46737E+00  3.96134E-19
3.63078E+00  2.25769E-19
3.80189E+00  2.54700E-19
3.98107E+00  4.21912E-19
4.16869E+00  5.34027E-19
4.36516E+00  4.33484E-19
4.57088E+00  3.89571E-19
4.78630E+00  3.90780E-19
5.01187E+00  4.13071E-19
5.24807E+00  4.46902E-19
5.49541E+00  4.85466E-19
5.75440E+00  5.19087E-19
6.02560E+00  5.16791E-19
6.30957E+00  5.59548E-19
6.60693E+00  6.84112E-19
6.91831E+00  7.80987E-19
7.24436E+00  8.71482E-19
7.58578E+00  9.65058E-19
7.94328E+00  1.06689E-18
8.31764E+00  1.17920E-18
8.70964E+00  1.30873E-18
9.12011E+00  1.47253E-18
9.54992E+00  1.72532E-18
1.00000E+01  2.39046E-18
1.04713E+01  1.11043E-17
1.09648E+01  7.88470E-18
1.14815E+01  3.06209E-18
1.20226E+01  2.77382E-18
1.25893E+01  2.89950E-18
1.31826E+01  3.17822E-18
1.38038E+01  3.57844E-18
1.44544E+01  4.11996E-18
1.51356E+01  4.87338E-18
1.58489E+01  6.05928E-18
1.65959E+01  9.26802E-18
1.73780E+01  1.36754E-17
1.81970E+01  2.27078E-17
1.90546E+01  2.80234E-17
1.99526E+01  1.49443E-16
2.08930E+01  6.23749E-17
2.18776E+01  6.65098E-17
2.29087E+01  8.24960E-17
2.39883E+01  1.83587E-16
2.51189E+01  3.17789E-16
2.63027E+01  1.62178E-16
2.75423E+01  1.59062E-16
2.88403E+01  8.81041E-17
3.01995E+01  6.41996E-17
3.16228E+01  6.31753E-17
3.31131E+01  6.97839E-17
3.46737E+01  9.24617E-17
3.63078E+01  3.93523E-16
3.80189E+01  1.87736E-16
3.98107E+01  2.07743E-16
4.16869E+01  2.07702E-16
4.36516E+01  1.82503E-16
4.57088E+01  1.60379E-16
4.78630E+01  1.53951E-16
5.01187E+01  1.72495E-16
5.24807E+01  2.20090E-16
5.49541E+01  2.80167E-16
5.75440E+01  2.71282E-16
6.02560E+01  2.73099E-16
6.30957E+01  2.87539E-16
6.60693E+01  3.05804E-16
6.91831E+01  3.31109E-16
7.24436E+01  3.63460E-16
7.58578E+01  4.04884E-16
7.94328E+01  4.59092E-16
8.31764E+01  5.29858E-16
8.70963E+01  6.23898E-16
9.12011E+01  7.47586E-16
9.54992E+01  9.04784E-16
1.00000E+02  1.09866E-15
1.04713E+02  1.32410E-15
1.09648E+02  1.57165E-15
1.14815E+02  1.83139E-15
1.20226E+02  2.09761E-15
1.25893E+02  2.36744E-15
1.31826E+02  2.64262E-15
1.38038E+02  2.92890E-15
1.44544E+02  3.22814E-15
1.51356E+02  3.54323E-15
1.58489E+02  3.87631E-15
1.65959E+02  4.22314E-15
1.73780E+02  4.57912E-15
1.81970E+02  4.94089E-15
1.90546E+02  5.30142E-15
1.99526E+02  5.65343E-15
2.08930E+02  5.98663E-15
2.18776E+02  6.29470E-15
2.29087E+02  6.56943E-15
2.39883E+02  6.80741E-15
2.51189E+02  6.99647E-15
2.63027E+02  7.13702E-15
2.75423E+02  7.22515E-15
2.88403E+02  7.26291E-15
3.01995E+02  7.24935E-15
3.16228E+02  7.18445E-15
3.31131E+02  7.07429E-15
3.46737E+02  6.92070E-15
3.63078E+02  6.73683E-15
3.80189E+02  6.53721E-15
3.98107E+02  6.33176E-15
4.16869E+02  6.13152E-15
4.36516E+02  5.93881E-15
4.57088E+02  5.64169E-15
4.78630E+02  5.20282E-15
5.01187E+02  4.76476E-15
5.24807E+02  4.35611E-15
5.49541E+02  3.97952E-15
5.75440E+02  3.62599E-15
6.02560E+02  3.29621E-15
6.30957E+02  2.98253E-15
6.60693E+02  2.68843E-15
6.91831E+02  2.41632E-15
7.24436E+02  2.16253E-15
7.58577E+02  1.92973E-15
7.94328E+02  1.71379E-15
8.31763E+02  1.50796E-15
8.70963E+02  1.31829E-15
9.12011E+02  1.15029E-15
9.54993E+02  1.00342E-15
1.00000E+03  8.73092E-16
1.04713E+03  7.58654E-16
1.09648E+03  6.58340E-16
1.14815E+03  5.70775E-16
1.20226E+03  4.94178E-16
1.25893E+03  4.27567E-16
1.31826E+03  3.69777E-16
1.38038E+03  3.19482E-16
1.44544E+03  2.76032E-16
1.51356E+03  2.38469E-16
1.58489E+03  2.05838E-16
1.65959E+03  1.77705E-16
1.73780E+03  1.53433E-16
1.81970E+03  1.32454E-16
1.90546E+03  1.14381E-16
1.99526E+03  9.88012E-17
2.08930E+03  8.53736E-17
2.18776E+03  7.38608E-17
2.29087E+03  6.38955E-17
2.39883E+03  5.53089E-17
2.51189E+03  4.79253E-17
2.63027E+03  4.15511E-17
2.75423E+03  3.60412E-17
2.88403E+03  3.12907E-17
3.01995E+03  2.71899E-17
3.16228E+03  2.36537E-17
3.31131E+03  2.06406E-17
3.46737E+03  1.80282E-17
3.63078E+03  1.57967E-17
3.80189E+03  1.38721E-17
3.98107E+03  1.22535E-17
4.16869E+03  1.08412E-17
4.36516E+03  9.64949E-18
4.57088E+03  8.62550E-18
4.78630E+03  7.75327E-18
5.01187E+03  7.01462E-18
5.24807E+03  6.37932E-18
5.49541E+03  5.84434E-18
5.75440E+03  5.39006E-18
6.02560E+03  5.00932E-18
6.30957E+03  4.68412E-18
6.60693E+03  4.41074E-18
6.91831E+03  4.18361E-18
7.24436E+03  3.99321E-18
7.58577E+03  3.83631E-18
7.94328E+03  3.70771E-18
8.31763E+03  3.60377E-18
8.70963E+03  3.52030E-18
9.12010E+03  3.45517E-18
9.54993E+03  3.40640E-18
