#column 1 : lambda in microns
#column 2 : snu_eff in Jy / Lsun (in the cosmo of Planck 2013 XXX)
1.00000E+00  1.52364E-30
1.04713E+00  4.80557E-30
1.09648E+00  1.51645E-29
1.14815E+00  4.78773E-29
1.20226E+00  1.51230E-28
1.25893E+00  4.77908E-28
1.31826E+00  1.51093E-27
1.38038E+00  4.77893E-27
1.44544E+00  1.51215E-26
1.51356E+00  4.78665E-26
1.58489E+00  1.51577E-25
1.65959E+00  4.80175E-25
1.73780E+00  1.52166E-24
1.81970E+00  4.82376E-24
1.90546E+00  1.52968E-23
1.99526E+00  4.85234E-23
2.08930E+00  1.53971E-22
2.18776E+00  4.88717E-22
2.29087E+00  1.55168E-21
2.39883E+00  4.92799E-21
2.51189E+00  1.56551E-20
2.63027E+00  4.97460E-20
2.75423E+00  1.58115E-19
2.88403E+00  5.71689E-19
3.01995E+00  5.08770E-19
3.16228E+00  3.55055E-19
3.31131E+00  4.51655E-19
3.46737E+00  7.70520E-19
3.63078E+00  8.18793E-19
3.80189E+00  6.67571E-19
3.98107E+00  6.21141E-19
4.16869E+00  6.34134E-19
4.36516E+00  6.76110E-19
4.57088E+00  7.33219E-19
4.78630E+00  7.95130E-19
5.01187E+00  8.41782E-19
5.24807E+00  8.22188E-19
5.49541E+00  9.53078E-19
5.75440E+00  1.14072E-18
6.02560E+00  1.29046E-18
6.30957E+00  1.43564E-18
6.60693E+00  1.58820E-18
6.91831E+00  1.75566E-18
7.24436E+00  1.94151E-18
7.58578E+00  2.15792E-18
7.94328E+00  2.44071E-18
8.31764E+00  2.92294E-18
8.70964E+00  4.50892E-18
9.12011E+00  6.62975E-17
9.54992E+00  7.99130E-18
1.00000E+01  4.63691E-18
1.04713E+01  4.44048E-18
1.09648E+01  4.70678E-18
1.14815E+01  5.18943E-18
1.20226E+01  5.86006E-18
1.25893E+01  6.77155E-18
1.31826E+01  8.06876E-18
1.38038E+01  1.02417E-17
1.44544E+01  1.85552E-17
1.51356E+01  2.08595E-17
1.58489E+01  4.65231E-17
1.65959E+01  5.39844E-17
1.73780E+01  3.00434E-16
1.81970E+01  9.32566E-17
1.90546E+01  1.05017E-16
1.99526E+01  1.52012E-16
2.08930E+01  3.89589E-16
2.18776E+01  4.88388E-16
2.29087E+01  2.23143E-16
2.39883E+01  2.75899E-16
2.51189E+01  1.19731E-16
2.63027E+01  9.86280E-17
2.75423E+01  9.99169E-17
2.88403E+01  1.13505E-16
3.01995E+01  1.66140E-16
3.16228E+01  6.06819E-16
3.31131E+01  3.20445E-16
3.46737E+01  3.75477E-16
3.63078E+01  2.77347E-16
3.80189E+01  2.65250E-16
3.98107E+01  2.44920E-16
4.16869E+01  2.41448E-16
4.36516E+01  2.75486E-16
4.57088E+01  4.16522E-16
4.78630E+01  4.38133E-16
5.01187E+01  4.06554E-16
5.24807E+01  4.31026E-16
5.49541E+01  4.38955E-16
5.75440E+01  4.67994E-16
6.02560E+01  5.06857E-16
6.30957E+01  5.56125E-16
6.60693E+01  6.20261E-16
6.91831E+01  7.03489E-16
7.24436E+01  8.11843E-16
7.58578E+01  9.53053E-16
7.94328E+01  1.13522E-15
8.31764E+01  1.36419E-15
8.70963E+01  1.63690E-15
9.12011E+01  1.94626E-15
9.54992E+01  2.28004E-15
1.00000E+02  2.62943E-15
1.04713E+02  2.98665E-15
1.09648E+02  3.35321E-15
1.14815E+02  3.73642E-15
1.20226E+02  4.14030E-15
1.25893E+02  4.57116E-15
1.31826E+02  5.03409E-15
1.38038E+02  5.52647E-15
1.44544E+02  6.04826E-15
1.51356E+02  6.59077E-15
1.58489E+02  7.14850E-15
1.65959E+02  7.71315E-15
1.73780E+02  8.26813E-15
1.81970E+02  8.80671E-15
1.90546E+02  9.31433E-15
1.99526E+02  9.77971E-15
2.08930E+02  1.01939E-14
2.18776E+02  1.05394E-14
2.29087E+02  1.08127E-14
2.39883E+02  1.10140E-14
2.51189E+02  1.11379E-14
2.63027E+02  1.11835E-14
2.75423E+02  1.11477E-14
2.88403E+02  1.10426E-14
3.01995E+02  1.08653E-14
3.16228E+02  1.06476E-14
3.31131E+02  1.03995E-14
3.46737E+02  1.01387E-14
3.63078E+02  9.89803E-15
3.80189E+02  9.63530E-15
3.98107E+02  9.13207E-15
4.16869E+02  8.44352E-15
4.36516E+02  7.76349E-15
4.57088E+02  7.13778E-15
4.78630E+02  6.55442E-15
5.01187E+02  5.99673E-15
5.24807E+02  5.47073E-15
5.49541E+02  4.97068E-15
5.75440E+02  4.49806E-15
6.02560E+02  4.05722E-15
6.30957E+02  3.64367E-15
6.60693E+02  3.26185E-15
6.91831E+02  2.90225E-15
7.24436E+02  2.55561E-15
7.58577E+02  2.24154E-15
7.94328E+02  1.96304E-15
8.31763E+02  1.71498E-15
8.70963E+02  1.49651E-15
9.12011E+02  1.30385E-15
9.54993E+02  1.13430E-15
1.00000E+03  9.85009E-16
1.04713E+03  8.55072E-16
1.09648E+03  7.41437E-16
1.14815E+03  6.42166E-16
1.20226E+03  5.56097E-16
1.25893E+03  4.81347E-16
1.31826E+03  4.16307E-16
1.38038E+03  3.60030E-16
1.44544E+03  3.11231E-16
1.51356E+03  2.69012E-16
1.58489E+03  2.32564E-16
1.65959E+03  2.00997E-16
1.73780E+03  1.73803E-16
1.81970E+03  1.50278E-16
1.90546E+03  1.30121E-16
1.99526E+03  1.12618E-16
2.08930E+03  9.75134E-17
2.18776E+03  8.44935E-17
2.29087E+03  7.32436E-17
2.39883E+03  6.35124E-17
2.51189E+03  5.50861E-17
2.63027E+03  4.78238E-17
2.75423E+03  4.15641E-17
2.88403E+03  3.62285E-17
3.01995E+03  3.15362E-17
3.16228E+03  2.76205E-17
3.31131E+03  2.41799E-17
3.46737E+03  2.12619E-17
3.63078E+03  1.87662E-17
3.80189E+03  1.66343E-17
3.98107E+03  1.47942E-17
4.16869E+03  1.32414E-17
4.36516E+03  1.18986E-17
4.57088E+03  1.07625E-17
4.78630E+03  9.80146E-18
5.01187E+03  8.97763E-18
5.24807E+03  8.28275E-18
5.49541E+03  7.69264E-18
5.75440E+03  7.19384E-18
6.02560E+03  6.77651E-18
6.30957E+03  6.42478E-18
6.60693E+03  6.13223E-18
6.91831E+03  5.88997E-18
7.24436E+03  5.69105E-18
7.58577E+03  5.52995E-18
7.94328E+03  5.40152E-18
8.31763E+03  5.30033E-18
8.70963E+03  5.22349E-18
9.12010E+03  5.16792E-18
9.54993E+03  5.13094E-18
