#column 1 : lambda in microns
#column 2 : snu_eff in Jy / Lsun (in the cosmo of Planck 2013 XXX)
1.00000E+00  1.76351E-27
1.04713E+00  5.52986E-27
1.09648E+00  1.73455E-26
1.14815E+00  5.44244E-26
1.20226E+00  1.70817E-25
1.25893E+00  5.36293E-25
1.31826E+00  1.68422E-24
1.38038E+00  5.29084E-24
1.44544E+00  1.66255E-23
1.51356E+00  5.22572E-23
1.58489E+00  1.64301E-22
1.65959E+00  5.16722E-22
1.73780E+00  1.62552E-21
1.81970E+00  5.11499E-21
1.90546E+00  1.60996E-20
1.99526E+00  5.06878E-20
2.08930E+00  1.59627E-19
2.18776E+00  5.02832E-19
2.29087E+00  1.79008E-18
2.39883E+00  1.01658E-18
2.51189E+00  8.57150E-19
2.63027E+00  1.21406E-18
2.75423E+00  1.99168E-18
2.88403E+00  1.83405E-18
3.01995E+00  1.53738E-18
3.16228E+00  1.47713E-18
3.31131E+00  1.53033E-18
3.46737E+00  1.64199E-18
3.63078E+00  1.78318E-18
3.80189E+00  1.93037E-18
3.98107E+00  2.01445E-18
4.16869E+00  1.97272E-18
4.36516E+00  2.40013E-18
4.57088E+00  2.81256E-18
4.78630E+00  3.15938E-18
5.01187E+00  3.50658E-18
5.24807E+00  3.87500E-18
5.49541E+00  4.28100E-18
5.75440E+00  4.73627E-18
6.02560E+00  5.27542E-18
6.30957E+00  6.01089E-18
6.60693E+00  7.40166E-18
6.91831E+00  1.35801E-17
7.24436E+00  3.13393E-16
7.58578E+00  1.44891E-17
7.94328E+00  1.06184E-17
8.31764E+00  1.05447E-17
8.70964E+00  1.12899E-17
9.12011E+00  1.24857E-17
9.54992E+00  1.41323E-17
1.00000E+01  1.63801E-17
1.04713E+01  1.96700E-17
1.09648E+01  2.57652E-17
1.14815E+01  5.69528E-17
1.20226E+01  5.20387E-17
1.25893E+01  1.06830E-16
1.31826E+01  1.75379E-16
1.38038E+01  4.61634E-16
1.44544E+01  2.26754E-16
1.51356E+01  2.49473E-16
1.58489E+01  4.24089E-16
1.65959E+01  1.15193E-15
1.73780E+01  9.67339E-16
1.81970E+01  4.91854E-16
1.90546E+01  5.38214E-16
1.99526E+01  2.51617E-16
2.08930E+01  2.24109E-16
2.18776E+01  2.32738E-16
2.29087E+01  2.74080E-16
2.39883E+01  4.83352E-16
2.51189E+01  9.50736E-16
2.63027E+01  7.81745E-16
2.75423E+01  1.01008E-15
2.88403E+01  5.96693E-16
3.01995E+01  5.48937E-16
3.16228E+01  5.26023E-16
3.31131E+01  5.52838E-16
3.46737E+01  6.45369E-16
3.63078E+01  8.88458E-16
3.80189E+01  9.97424E-16
3.98107E+01  8.79997E-16
4.16869E+01  9.45816E-16
4.36516E+01  9.66590E-16
4.57088E+01  1.03091E-15
4.78630E+01  1.11563E-15
5.01187E+01  1.22196E-15
5.24807E+01  1.36195E-15
5.49541E+01  1.54191E-15
5.75440E+01  1.77406E-15
6.02560E+01  2.07184E-15
6.30957E+01  2.44611E-15
6.60693E+01  2.90151E-15
6.91831E+01  3.43032E-15
7.24436E+01  4.01225E-15
7.58578E+01  4.62908E-15
7.94328E+01  5.26671E-15
8.31764E+01  5.92787E-15
8.70963E+01  6.61941E-15
9.12011E+01  7.35536E-15
9.54992E+01  8.15644E-15
1.00000E+02  9.02845E-15
1.04713E+02  9.98639E-15
1.09648E+02  1.10259E-14
1.14815E+02  1.21455E-14
1.20226E+02  1.33338E-14
1.25893E+02  1.45774E-14
1.31826E+02  1.58538E-14
1.38038E+02  1.71453E-14
1.44544E+02  1.84281E-14
1.51356E+02  1.96725E-14
1.58489E+02  2.08462E-14
1.65959E+02  2.19284E-14
1.73780E+02  2.28879E-14
1.81970E+02  2.37014E-14
1.90546E+02  2.43706E-14
1.99526E+02  2.48821E-14
2.08930E+02  2.52156E-14
2.18776E+02  2.53780E-14
2.29087E+02  2.53605E-14
2.39883E+02  2.51930E-14
2.51189E+02  2.49266E-14
2.63027E+02  2.45895E-14
2.75423E+02  2.42311E-14
2.88403E+02  2.39034E-14
3.01995E+02  2.34072E-14
3.16228E+02  2.21921E-14
3.31131E+02  2.06484E-14
3.46737E+02  1.91394E-14
3.63078E+02  1.77340E-14
3.80189E+02  1.63874E-14
3.98107E+02  1.50986E-14
4.16869E+02  1.38447E-14
4.36516E+02  1.26569E-14
4.57088E+02  1.15202E-14
4.78630E+02  1.04470E-14
5.01187E+02  9.43265E-15
5.24807E+02  8.48492E-15
5.49541E+02  7.57273E-15
5.75440E+02  6.68972E-15
6.02560E+02  5.89360E-15
6.30957E+02  5.18438E-15
6.60693E+02  4.55018E-15
6.91831E+02  3.98397E-15
7.24436E+02  3.48313E-15
7.58577E+02  3.04023E-15
7.94328E+02  2.65130E-15
8.31763E+02  2.30798E-15
8.70963E+02  2.00674E-15
9.12011E+02  1.74413E-15
9.54993E+02  1.51392E-15
1.00000E+03  1.31364E-15
1.04713E+03  1.13865E-15
1.09648E+03  9.86905E-16
1.14815E+03  8.54782E-16
1.20226E+03  7.40084E-16
1.25893E+03  6.40828E-16
1.31826E+03  5.55048E-16
1.38038E+03  4.80548E-16
1.44544E+03  4.15990E-16
1.51356E+03  3.60425E-16
1.58489E+03  3.12184E-16
1.65959E+03  2.70575E-16
1.73780E+03  2.34452E-16
1.81970E+03  2.03244E-16
1.90546E+03  1.76131E-16
1.99526E+03  1.52655E-16
2.08930E+03  1.32378E-16
2.18776E+03  1.14899E-16
2.29087E+03  9.98181E-17
2.39883E+03  8.67999E-17
2.51189E+03  7.57219E-17
2.63027E+03  6.61352E-17
2.75423E+03  5.79512E-17
2.88403E+03  5.08520E-17
3.01995E+03  4.47961E-17
3.16228E+03  3.96135E-17
3.31131E+03  3.52380E-17
3.46737E+03  3.14284E-17
3.63078E+03  2.82031E-17
3.80189E+03  2.54303E-17
3.98107E+03  2.30773E-17
4.16869E+03  2.10564E-17
4.36516E+03  1.93610E-17
4.57088E+03  1.79168E-17
4.78630E+03  1.67025E-17
5.01187E+03  1.56711E-17
5.24807E+03  1.48041E-17
5.49541E+03  1.40798E-17
5.75440E+03  1.34758E-17
6.02560E+03  1.29796E-17
6.30957E+03  1.25745E-17
6.60693E+03  1.22474E-17
6.91831E+03  1.19857E-17
7.24436E+03  1.17841E-17
7.58577E+03  1.16341E-17
7.94328E+03  1.15301E-17
8.31763E+03  1.14645E-17
8.70963E+03  1.14337E-17
9.12010E+03  1.14336E-17
9.54993E+03  1.14602E-17
