#column 1 : lambda in microns
#column 2 : snu_eff in Jy / Lsun (in the cosmo of Planck 2013 XXX)
1.00000E+00  5.12085E-26
1.04713E+00  1.60582E-25
1.09648E+00  5.03677E-25
1.14815E+00  1.58018E-24
1.20226E+00  4.95859E-24
1.25893E+00  1.55635E-23
1.31826E+00  4.88593E-23
1.38038E+00  1.53419E-22
1.44544E+00  4.81841E-22
1.51356E+00  1.51362E-21
1.58489E+00  4.75571E-21
1.65959E+00  1.49453E-20
1.73780E+00  4.69760E-20
1.81970E+00  1.47684E-19
1.90546E+00  4.64380E-19
1.99526E+00  1.54412E-18
2.08930E+00  2.45623E-18
2.18776E+00  1.41029E-18
2.29087E+00  1.59136E-18
2.39883E+00  2.62426E-18
2.51189E+00  3.31808E-18
2.63027E+00  2.70298E-18
2.75423E+00  2.43658E-18
2.88403E+00  2.44836E-18
3.01995E+00  2.59012E-18
3.16228E+00  2.80323E-18
3.31131E+00  3.04583E-18
3.46737E+00  3.25835E-18
3.63078E+00  3.24956E-18
3.80189E+00  3.51818E-18
3.98107E+00  4.29167E-18
4.16869E+00  4.89433E-18
4.36516E+00  5.45802E-18
4.57088E+00  6.03970E-18
4.78630E+00  6.67197E-18
5.01187E+00  7.36752E-18
5.24807E+00  8.16831E-18
5.49541E+00  9.17703E-18
5.75440E+00  1.07294E-17
6.02560E+00  1.48121E-17
6.30957E+00  6.83985E-17
6.60693E+00  4.85578E-17
6.91831E+00  1.88429E-17
7.24436E+00  1.69975E-17
7.58578E+00  1.76632E-17
7.94328E+00  1.92292E-17
8.31764E+00  2.14849E-17
8.70964E+00  2.45469E-17
9.12011E+00  2.88274E-17
9.54992E+00  3.56634E-17
1.00000E+01  5.47568E-17
1.04713E+01  8.10370E-17
1.09648E+01  1.35335E-16
1.14815E+01  1.66759E-16
1.20226E+01  9.04064E-16
1.25893E+01  3.72898E-16
1.31826E+01  3.96158E-16
1.38038E+01  4.90799E-16
1.44544E+01  1.09821E-15
1.51356E+01  1.90221E-15
1.58489E+01  9.62959E-16
1.65959E+01  9.42706E-16
1.73780E+01  5.14405E-16
1.81970E+01  3.68980E-16
1.90546E+01  3.59230E-16
1.99526E+01  3.94684E-16
2.08930E+01  5.26268E-16
2.18776E+01  2.32387E-15
2.29087E+01  1.08430E-15
2.39883E+01  1.19510E-15
2.51189E+01  1.18500E-15
2.63027E+01  1.02643E-15
2.75423E+01  8.86438E-16
2.88403E+01  8.36994E-16
3.01995E+01  9.28479E-16
3.16228E+01  1.17947E-15
3.31131E+01  1.49319E-15
3.46737E+01  1.41911E-15
3.63078E+01  1.40600E-15
3.80189E+01  1.46253E-15
3.98107E+01  1.53929E-15
4.16869E+01  1.65025E-15
4.36516E+01  1.79325E-15
4.57088E+01  1.97549E-15
4.78630E+01  2.21149E-15
5.01187E+01  2.51319E-15
5.24807E+01  2.90284E-15
5.49541E+01  3.39717E-15
5.75440E+01  4.00087E-15
6.02560E+01  4.71568E-15
6.30957E+01  5.51828E-15
6.60693E+01  6.37829E-15
6.91831E+01  7.27397E-15
7.24436E+01  8.20315E-15
7.58578E+01  9.17173E-15
7.94328E+01  1.01999E-14
8.31764E+01  1.13210E-14
8.70963E+01  1.25506E-14
9.12011E+01  1.39070E-14
9.54992E+01  1.54082E-14
1.00000E+02  1.70468E-14
1.04713E+02  1.88109E-14
1.09648E+02  2.06929E-14
1.14815E+02  2.26683E-14
1.20226E+02  2.47058E-14
1.25893E+02  2.67673E-14
1.31826E+02  2.88167E-14
1.38038E+02  3.08070E-14
1.44544E+02  3.27105E-14
1.51356E+02  3.44559E-14
1.58489E+02  3.60154E-14
1.65959E+02  3.73710E-14
1.73780E+02  3.84937E-14
1.81970E+02  3.93640E-14
1.90546E+02  3.99596E-14
1.99526E+02  4.02869E-14
2.08930E+02  4.03438E-14
2.18776E+02  4.01913E-14
2.29087E+02  3.99062E-14
2.39883E+02  3.95240E-14
2.51189E+02  3.91642E-14
2.63027E+02  3.87847E-14
2.75423E+02  3.76126E-14
2.88403E+02  3.53321E-14
3.01995E+02  3.29104E-14
3.16228E+02  3.06058E-14
3.31131E+02  2.84262E-14
3.46737E+02  2.63222E-14
3.63078E+02  2.43026E-14
3.80189E+02  2.23247E-14
3.98107E+02  2.04185E-14
4.16869E+02  1.86077E-14
4.36516E+02  1.68773E-14
4.57088E+02  1.52530E-14
4.78630E+02  1.37107E-14
5.01187E+02  1.22072E-14
5.24807E+02  1.07895E-14
5.49541E+02  9.51581E-15
5.75440E+02  8.38359E-15
6.02560E+02  7.36413E-15
6.30957E+02  6.45511E-15
6.60693E+02  5.64936E-15
6.91831E+02  4.93716E-15
7.24436E+02  4.30682E-15
7.58577E+02  3.75254E-15
7.94328E+02  3.26695E-15
8.31763E+02  2.84013E-15
8.70963E+02  2.46810E-15
9.12011E+02  2.14372E-15
9.54993E+02  1.85965E-15
1.00000E+03  1.61300E-15
1.04713E+03  1.39837E-15
1.09648E+03  1.21187E-15
1.14815E+03  1.04998E-15
1.20226E+03  9.09674E-16
1.25893E+03  7.88064E-16
1.31826E+03  6.83146E-16
1.38038E+03  5.91955E-16
1.44544E+03  5.12939E-16
1.51356E+03  4.44677E-16
1.58489E+03  3.85451E-16
1.65959E+03  3.34027E-16
1.73780E+03  2.89495E-16
1.81970E+03  2.50897E-16
1.90546E+03  2.17480E-16
1.99526E+03  1.88912E-16
2.08930E+03  1.64014E-16
2.18776E+03  1.42696E-16
2.29087E+03  1.24203E-16
2.39883E+03  1.08620E-16
2.51189E+03  9.49421E-17
2.63027E+03  8.33640E-17
2.75423E+03  7.33741E-17
2.88403E+03  6.48191E-17
3.01995E+03  5.75360E-17
3.16228E+03  5.12389E-17
3.31131E+03  4.58996E-17
3.46737E+03  4.13321E-17
3.63078E+03  3.74733E-17
3.80189E+03  3.41428E-17
3.98107E+03  3.13118E-17
4.16869E+03  2.89229E-17
4.36516E+03  2.68893E-17
4.57088E+03  2.51768E-17
4.78630E+03  2.37355E-17
5.01187E+03  2.25308E-17
5.24807E+03  2.15230E-17
5.49541E+03  2.06882E-17
5.75440E+03  2.00096E-17
6.02560E+03  1.94533E-17
6.30957E+03  1.90083E-17
6.60693E+03  1.86619E-17
6.91831E+03  1.84016E-17
7.24436E+03  1.82138E-17
7.58577E+03  1.80919E-17
7.94328E+03  1.80273E-17
8.31763E+03  1.80119E-17
8.70963E+03  1.80418E-17
9.12010E+03  1.81125E-17
9.54993E+03  1.82181E-17
