#column 1 : lambda in microns
#column 2 : snu_eff in Jy / Lsun (in the cosmo of Planck 2013 XXX)
1.00000E+00  1.66123E-28
1.04713E+00  5.22430E-28
1.09648E+00  1.64354E-27
1.14815E+00  5.17233E-27
1.20226E+00  1.62831E-26
1.25893E+00  5.12779E-26
1.31826E+00  1.61534E-25
1.38038E+00  5.09016E-25
1.44544E+00  1.60447E-24
1.51356E+00  5.05897E-24
1.58489E+00  1.59558E-23
1.65959E+00  5.03382E-23
1.73780E+00  1.58854E-22
1.81970E+00  5.01436E-22
1.90546E+00  1.58325E-21
1.99526E+00  5.00030E-21
2.08930E+00  1.57962E-20
2.18776E+00  4.99138E-20
2.29087E+00  1.57760E-19
2.39883E+00  5.01156E-19
2.51189E+00  1.33832E-18
2.63027E+00  6.82583E-19
2.75423E+00  6.69018E-19
2.88403E+00  1.04002E-18
3.01995E+00  1.53252E-18
3.16228E+00  1.29090E-18
3.31131E+00  1.12155E-18
3.46737E+00  1.10334E-18
3.63078E+00  1.15594E-18
3.80189E+00  1.24587E-18
3.98107E+00  1.35463E-18
4.16869E+00  1.45915E-18
4.36516E+00  1.49083E-18
4.57088E+00  1.51566E-18
4.78630E+00  1.86847E-18
5.01187E+00  2.15727E-18
5.24807E+00  2.41509E-18
5.49541E+00  2.67620E-18
5.75440E+00  2.95744E-18
6.02560E+00  3.26712E-18
6.30957E+00  3.61659E-18
6.60693E+00  4.04523E-18
6.91831E+00  4.66253E-18
7.24436E+00  6.01638E-18
7.58578E+00  1.51779E-17
7.94328E+00  5.18124E-17
8.31764E+00  9.38537E-18
8.70964E+00  7.81251E-18
9.12011E+00  7.97328E-18
9.54992E+00  8.62796E-18
1.00000E+01  9.60974E-18
1.04713E+01  1.09414E-17
1.09648E+01  1.27881E-17
1.14815E+01  1.55659E-17
1.20226E+01  2.16187E-17
1.25893E+01  4.28271E-17
1.31826E+01  4.69662E-17
1.38038E+01  7.29184E-17
1.44544E+01  2.23337E-16
1.51356E+01  2.17885E-16
1.58489E+01  1.79975E-16
1.65959E+01  2.01544E-16
1.73780E+01  3.93172E-16
1.81970E+01  8.89761E-16
1.90546E+01  5.58048E-16
1.99526E+01  3.81496E-16
2.08930E+01  2.99146E-16
2.18776E+01  1.78676E-16
2.29087E+01  1.67917E-16
2.39883E+01  1.79684E-16
2.51189E+01  2.22505E-16
2.63027E+01  5.65917E-16
2.75423E+01  5.36813E-16
2.88403E+01  5.55640E-16
3.01995E+01  6.95188E-16
3.16228E+01  4.68935E-16
3.31131E+01  4.05492E-16
3.46737E+01  3.94608E-16
3.63078E+01  4.29774E-16
3.80189E+01  5.13502E-16
3.98107E+01  6.80677E-16
4.16869E+01  6.96267E-16
4.36516E+01  6.71283E-16
4.57088E+01  7.10612E-16
4.78630E+01  7.44396E-16
5.01187E+01  7.98063E-16
5.24807E+01  8.68072E-16
5.49541E+01  9.55710E-16
5.75440E+01  1.07060E-15
6.02560E+01  1.21810E-15
6.30957E+01  1.40908E-15
6.60693E+01  1.65560E-15
6.91831E+01  1.96463E-15
7.24436E+01  2.33917E-15
7.58578E+01  2.76878E-15
7.94328E+01  3.24054E-15
8.31764E+01  3.73858E-15
8.70963E+01  4.25238E-15
9.12011E+01  4.78149E-15
9.54992E+01  5.33544E-15
1.00000E+02  5.92621E-15
1.04713E+02  6.56197E-15
1.09648E+02  7.25596E-15
1.14815E+02  8.00762E-15
1.20226E+02  8.82185E-15
1.25893E+02  9.68523E-15
1.31826E+02  1.05957E-14
1.38038E+02  1.15370E-14
1.44544E+02  1.24981E-14
1.51356E+02  1.34529E-14
1.58489E+02  1.43875E-14
1.65959E+02  1.52797E-14
1.73780E+02  1.61109E-14
1.81970E+02  1.68577E-14
1.90546E+02  1.75010E-14
1.99526E+02  1.80317E-14
2.08930E+02  1.84483E-14
2.18776E+02  1.87352E-14
2.29087E+02  1.88916E-14
2.39883E+02  1.89175E-14
2.51189E+02  1.88152E-14
2.63027E+02  1.86135E-14
2.75423E+02  1.83436E-14
2.88403E+02  1.80285E-14
3.01995E+02  1.77171E-14
3.16228E+02  1.74204E-14
3.31131E+02  1.69058E-14
3.46737E+02  1.58720E-14
3.63078E+02  1.47056E-14
3.80189E+02  1.35995E-14
3.98107E+02  1.25587E-14
4.16869E+02  1.15747E-14
4.36516E+02  1.06341E-14
4.57088E+02  9.72405E-15
4.78630E+02  8.86213E-15
5.01187E+02  8.04385E-15
5.24807E+02  7.26774E-15
5.49541E+02  6.54431E-15
5.75440E+02  5.86828E-15
6.02560E+02  5.21566E-15
6.30957E+02  4.59863E-15
6.60693E+02  4.04244E-15
6.91831E+02  3.54921E-15
7.24436E+02  3.10848E-15
7.58577E+02  2.71846E-15
7.94328E+02  2.37229E-15
8.31763E+02  2.06710E-15
8.70963E+02  1.79923E-15
9.12011E+02  1.56487E-15
9.54993E+02  1.35931E-15
1.00000E+03  1.17958E-15
1.04713E+03  1.02347E-15
1.09648E+03  8.86969E-16
1.14815E+03  7.68516E-16
1.20226E+03  6.65311E-16
1.25893E+03  5.76061E-16
1.31826E+03  4.98420E-16
1.38038E+03  4.31382E-16
1.44544E+03  3.73269E-16
1.51356E+03  3.23142E-16
1.58489E+03  2.79731E-16
1.65959E+03  2.42274E-16
1.73780E+03  2.09808E-16
1.81970E+03  1.81825E-16
1.90546E+03  1.57590E-16
1.99526E+03  1.36580E-16
2.08930E+03  1.18376E-16
2.18776E+03  1.02636E-16
2.29087E+03  8.90528E-17
2.39883E+03  7.73435E-17
2.51189E+03  6.73449E-17
2.63027E+03  5.86895E-17
2.75423E+03  5.11980E-17
2.88403E+03  4.47779E-17
3.01995E+03  3.93306E-17
3.16228E+03  3.45792E-17
3.31131E+03  3.05614E-17
3.46737E+03  2.71221E-17
3.63078E+03  2.41881E-17
3.80189E+03  2.16633E-17
3.98107E+03  1.95042E-17
4.16869E+03  1.76759E-17
4.36516E+03  1.61241E-17
4.57088E+03  1.47904E-17
4.78630E+03  1.36691E-17
5.01187E+03  1.27185E-17
5.24807E+03  1.19124E-17
5.49541E+03  1.12368E-17
5.75440E+03  1.06717E-17
6.02560E+03  1.02014E-17
6.30957E+03  9.81357E-18
6.60693E+03  9.49429E-18
6.91831E+03  9.23699E-18
7.24436E+03  9.03073E-18
7.58577E+03  8.87055E-18
7.94328E+03  8.74925E-18
8.31763E+03  8.66280E-18
8.70963E+03  8.60725E-18
9.12010E+03  8.57878E-18
9.54993E+03  8.57352E-18
