#column 1 : lambda in microns
#column 2 : snu_eff in Jy / Lsun (in the cosmo of Planck 2013 XXX)
1.00000E+00  0.00000E+00
1.04713E+00  1.40130E-45
1.09648E+00  2.80260E-45
1.14815E+00  1.40130E-44
1.20226E+00  4.20390E-44
1.25893E+00  1.23314E-43
1.31826E+00  3.74147E-43
1.38038E+00  1.14486E-42
1.44544E+00  3.49764E-42
1.51356E+00  1.07003E-41
1.58489E+00  3.27862E-41
1.65959E+00  1.00689E-40
1.73780E+00  3.09770E-40
1.81970E+00  9.54822E-40
1.90546E+00  2.94863E-39
1.99526E+00  9.12263E-39
2.08930E+00  2.82759E-38
2.18776E+00  8.78002E-38
2.29087E+00  2.73113E-37
2.39883E+00  8.51018E-37
2.51189E+00  2.65621E-36
2.63027E+00  8.30415E-36
2.75423E+00  2.60025E-35
2.88403E+00  8.15438E-35
3.01995E+00  2.56096E-34
3.16228E+00  8.05421E-34
3.31131E+00  2.53643E-33
3.46737E+00  7.99790E-33
3.63078E+00  2.52499E-32
3.80189E+00  7.98066E-32
3.98107E+00  2.52518E-31
4.16869E+00  7.99822E-31
4.36516E+00  2.53579E-30
4.57088E+00  8.04691E-30
4.78630E+00  2.55576E-29
5.01187E+00  8.12376E-29
5.24807E+00  2.58415E-28
5.49541E+00  8.22599E-28
5.75440E+00  2.62024E-27
6.02560E+00  8.35139E-27
6.30957E+00  2.66332E-26
6.60693E+00  8.49806E-26
6.91831E+00  2.71286E-25
7.24436E+00  8.66429E-25
7.58578E+00  2.76838E-24
7.94328E+00  8.84884E-24
8.31764E+00  2.82945E-23
8.70964E+00  9.05039E-23
9.12011E+00  2.89579E-22
9.54992E+00  9.26813E-22
1.00000E+01  2.96710E-21
1.04713E+01  9.50116E-21
1.09648E+01  3.46052E-20
1.14815E+01  3.07593E-20
1.20226E+01  2.13898E-20
1.25893E+01  2.72275E-20
1.31826E+01  4.65456E-20
1.38038E+01  4.94887E-20
1.44544E+01  4.02478E-20
1.51356E+01  3.73778E-20
1.58489E+01  3.81351E-20
1.65959E+01  4.06375E-20
1.73780E+01  4.40609E-20
1.81970E+01  4.77569E-20
1.90546E+01  5.05151E-20
1.99526E+01  4.92916E-20
2.08930E+01  5.72520E-20
2.18776E+01  6.86119E-20
2.29087E+01  7.75863E-20
2.39883E+01  8.64295E-20
2.51189E+01  9.56552E-20
2.63027E+01  1.05733E-19
2.75423E+01  1.17159E-19
2.88403E+01  1.30264E-19
3.01995E+01  1.47718E-19
3.16228E+01  1.77331E-19
3.31131E+01  2.74276E-19
3.46737E+01  4.03638E-18
3.63078E+01  4.88215E-19
3.80189E+01  2.85371E-19
3.98107E+01  2.75632E-19
4.16869E+01  2.94964E-19
4.36516E+01  3.28629E-19
4.57088E+01  3.75399E-19
4.78630E+01  4.38299E-19
5.01187E+01  5.27173E-19
5.24807E+01  6.71802E-19
5.49541E+01  1.19813E-18
5.75440E+01  1.35784E-18
6.02560E+01  2.96437E-18
6.30957E+01  3.45337E-18
6.60693E+01  1.87786E-17
6.91831E+01  5.96585E-18
7.24436E+01  6.74113E-18
7.58578E+01  9.73303E-18
7.94328E+01  2.47204E-17
8.31764E+01  3.10597E-17
8.70963E+01  1.44076E-17
9.12011E+01  1.78065E-17
9.54992E+01  8.02788E-18
1.00000E+02  6.78930E-18
1.04713E+02  6.96412E-18
1.09648E+02  7.92183E-18
1.14815E+02  1.13326E-17
1.20226E+02  3.92841E-17
1.25893E+02  2.13661E-17
1.31826E+02  2.50616E-17
1.38038E+02  1.89919E-17
1.44544E+02  1.84301E-17
1.51356E+02  1.73642E-17
1.58489E+02  1.74559E-17
1.65959E+02  2.01346E-17
1.73780E+02  3.01845E-17
1.81970E+02  3.22611E-17
1.90546E+02  3.07631E-17
1.99526E+02  3.30507E-17
2.08930E+02  3.41707E-17
2.18776E+02  3.67824E-17
2.29087E+02  4.02322E-17
2.39883E+02  4.46922E-17
2.51189E+02  5.04980E-17
2.63027E+02  5.82913E-17
2.75423E+02  6.87708E-17
2.88403E+02  8.30030E-17
3.01995E+02  1.02161E-16
3.16228E+02  1.27169E-16
3.31131E+02  1.57838E-16
3.46737E+02  1.93209E-16
3.63078E+02  2.31002E-16
3.80189E+02  2.69267E-16
3.98107E+02  3.06161E-16
4.16869E+02  3.41203E-16
4.36516E+02  3.74646E-16
4.57088E+02  4.07184E-16
4.78630E+02  4.38976E-16
5.01187E+02  4.70508E-16
5.24807E+02  5.01629E-16
5.49541E+02  5.32109E-16
5.75440E+02  5.60835E-16
6.02560E+02  5.88687E-16
6.30957E+02  6.13492E-16
6.60693E+02  6.35194E-16
6.91831E+02  6.53041E-16
7.24436E+02  6.66275E-16
7.58577E+02  6.76390E-16
7.94328E+02  6.79712E-16
8.31763E+02  6.79099E-16
8.70963E+02  6.72715E-16
9.12011E+02  6.62735E-16
9.54993E+02  6.48418E-16
1.00000E+03  6.30007E-16
1.04713E+03  6.08769E-16
1.09648E+03  5.84836E-16
1.14815E+03  5.57599E-16
1.20226E+03  5.31086E-16
1.25893E+03  5.03357E-16
1.31826E+03  4.76588E-16
1.38038E+03  4.52747E-16
1.44544E+03  4.28973E-16
1.51356E+03  3.96411E-16
1.58489E+03  3.58098E-16
1.65959E+03  3.22219E-16
1.73780E+03  2.90146E-16
1.81970E+03  2.61119E-16
1.90546E+03  2.34293E-16
1.99526E+03  2.09728E-16
2.08930E+03  1.87151E-16
2.18776E+03  1.66475E-16
2.29087E+03  1.47734E-16
2.39883E+03  1.30555E-16
2.51189E+03  1.15119E-16
2.63027E+03  1.00994E-16
2.75423E+03  8.77231E-17
2.88403E+03  7.59509E-17
3.01995E+03  6.57003E-17
3.16228E+03  5.66996E-17
3.31131E+03  4.89443E-17
3.46737E+03  4.22417E-17
3.63078E+03  3.63977E-17
3.80189E+03  3.13078E-17
3.98107E+03  2.69566E-17
4.16869E+03  2.31852E-17
4.36516E+03  1.99319E-17
4.57088E+03  1.71452E-17
4.78630E+03  1.47486E-17
5.01187E+03  1.26801E-17
5.24807E+03  1.09131E-17
5.49541E+03  9.39196E-18
5.75440E+03  8.08620E-18
6.02560E+03  6.96973E-18
6.30957E+03  6.00613E-18
6.60693E+03  5.17457E-18
6.91831E+03  4.47087E-18
7.24436E+03  3.87575E-18
7.58577E+03  3.35065E-18
7.94328E+03  2.90605E-18
8.31763E+03  2.52366E-18
8.70963E+03  2.19513E-18
9.12010E+03  1.91311E-18
9.54993E+03  1.67046E-18
