#column 1 : lambda in microns
#column 2 : snu_eff in Jy / Lsun (in the cosmo of Planck 2013 XXX)
1.00000E+00  8.80845E-24
1.04713E+00  2.75525E-23
1.09648E+00  8.61969E-23
1.14815E+00  2.69707E-22
1.20226E+00  8.44034E-22
1.25893E+00  2.64178E-21
1.31826E+00  8.26990E-21
1.38038E+00  2.58923E-20
1.44544E+00  8.10789E-20
1.51356E+00  2.53927E-19
1.58489E+00  7.95385E-19
1.65959E+00  2.50400E-18
1.73780E+00  6.65768E-18
1.81970E+00  3.40989E-18
1.90546E+00  3.34648E-18
1.99526E+00  5.19023E-18
2.08930E+00  7.63723E-18
2.18776E+00  6.44424E-18
2.29087E+00  5.60904E-18
2.39883E+00  5.52427E-18
2.51189E+00  5.79042E-18
2.63027E+00  6.24258E-18
2.75423E+00  6.78792E-18
2.88403E+00  7.31255E-18
3.01995E+00  7.47608E-18
3.16228E+00  7.60605E-18
3.31131E+00  9.36302E-18
3.46737E+00  1.08024E-17
3.63078E+00  1.20877E-17
3.80189E+00  1.33900E-17
3.98107E+00  1.47899E-17
4.16869E+00  1.63303E-17
4.36516E+00  1.80661E-17
4.57088E+00  2.01904E-17
4.78630E+00  2.32440E-17
5.01187E+00  2.99379E-17
5.24807E+00  7.52941E-17
5.49541E+00  2.56689E-16
5.75440E+00  4.64966E-17
6.02560E+00  3.86111E-17
6.30957E+00  3.92708E-17
6.60693E+00  4.23203E-17
6.91831E+00  4.69149E-17
7.24436E+00  5.31629E-17
7.58578E+00  6.18432E-17
7.94328E+00  7.50034E-17
8.31764E+00  1.04181E-16
8.70964E+00  2.07906E-16
9.12011E+00  2.27221E-16
9.54992E+00  3.53740E-16
1.00000E+01  1.09205E-15
1.04713E+01  1.06282E-15
1.09648E+01  8.74118E-16
1.14815E+01  9.77104E-16
1.20226E+01  1.91237E-15
1.25893E+01  4.33618E-15
1.31826E+01  2.70957E-15
1.38038E+01  1.84553E-15
1.44544E+01  1.44008E-15
1.51356E+01  8.49154E-16
1.58489E+01  7.91840E-16
1.65959E+01  8.43596E-16
1.73780E+01  1.04674E-15
1.81970E+01  2.71746E-15
1.90546E+01  2.56657E-15
1.99526E+01  2.64857E-15
2.08930E+01  3.31456E-15
2.18776E+01  2.20445E-15
2.29087E+01  1.88571E-15
2.39883E+01  1.81789E-15
2.51189E+01  1.96640E-15
2.63027E+01  2.33989E-15
2.75423E+01  3.09947E-15
2.88403E+01  3.13625E-15
3.01995E+01  2.98282E-15
3.16228E+01  3.13144E-15
3.31131E+01  3.25526E-15
3.46737E+01  3.46624E-15
3.63078E+01  3.74456E-15
3.80189E+01  4.09340E-15
3.98107E+01  4.55022E-15
4.16869E+01  5.13262E-15
4.36516E+01  5.87747E-15
4.57088E+01  6.82324E-15
4.78630E+01  7.98478E-15
5.01187E+01  9.36122E-15
5.24807E+01  1.09063E-14
5.49541E+01  1.25725E-14
5.75440E+01  1.43176E-14
6.02560E+01  1.61226E-14
6.30957E+01  1.80068E-14
6.60693E+01  2.00246E-14
6.91831E+01  2.22378E-14
7.24436E+01  2.46898E-14
7.58578E+01  2.74444E-14
7.94328E+01  3.05137E-14
8.31764E+01  3.39336E-14
8.70963E+01  3.76642E-14
9.12011E+01  4.17136E-14
9.54992E+01  4.60267E-14
1.00000E+02  5.05717E-14
1.04713E+02  5.52461E-14
1.09648E+02  5.99933E-14
1.14815E+02  6.47141E-14
1.20226E+02  6.93233E-14
1.25893E+02  7.36974E-14
1.31826E+02  7.77369E-14
1.38038E+02  8.13771E-14
1.44544E+02  8.45776E-14
1.51356E+02  8.72455E-14
1.58489E+02  8.93427E-14
1.65959E+02  9.08339E-14
1.73780E+02  9.16935E-14
1.81970E+02  9.20460E-14
1.90546E+02  9.20435E-14
1.99526E+02  9.17689E-14
2.08930E+02  9.14635E-14
2.18776E+02  9.12143E-14
2.29087E+02  8.96949E-14
2.39883E+02  8.52158E-14
2.51189E+02  7.98229E-14
2.63027E+02  7.46167E-14
2.75423E+02  6.96288E-14
2.88403E+02  6.48273E-14
3.01995E+02  6.01416E-14
3.16228E+02  5.55199E-14
3.31131E+02  5.10559E-14
3.46737E+02  4.67464E-14
3.63078E+02  4.25881E-14
3.80189E+02  3.86539E-14
3.98107E+02  3.49228E-14
4.16869E+02  3.12645E-14
4.36516E+02  2.77579E-14
4.57088E+02  2.45640E-14
4.78630E+02  2.17004E-14
5.01187E+02  1.91179E-14
5.24807E+02  1.68126E-14
5.49541E+02  1.47487E-14
5.75440E+02  1.29145E-14
6.02560E+02  1.12940E-14
6.30957E+02  9.86575E-15
6.60693E+02  8.60511E-15
6.91831E+02  7.49605E-15
7.24436E+02  6.52717E-15
7.58577E+02  5.67597E-15
7.94328E+02  4.93300E-15
8.31763E+02  4.28305E-15
8.70963E+02  3.71860E-15
9.12011E+02  3.22543E-15
9.54993E+02  2.79735E-15
1.00000E+03  2.42554E-15
1.04713E+03  2.10339E-15
1.09648E+03  1.82361E-15
1.14815E+03  1.58135E-15
1.20226E+03  1.37083E-15
1.25893E+03  1.18883E-15
1.31826E+03  1.03076E-15
1.38038E+03  8.93345E-16
1.44544E+03  7.73979E-16
1.51356E+03  6.70552E-16
1.58489E+03  5.81072E-16
1.65959E+03  5.03741E-16
1.73780E+03  4.37564E-16
1.81970E+03  3.80190E-16
1.90546E+03  3.30377E-16
1.99526E+03  2.87633E-16
2.08930E+03  2.51268E-16
2.18776E+03  2.19494E-16
2.29087E+03  1.92558E-16
2.39883E+03  1.69452E-16
2.51189E+03  1.49687E-16
2.63027E+03  1.32634E-16
2.75423E+03  1.18010E-16
2.88403E+03  1.05586E-16
3.01995E+03  9.50035E-17
3.16228E+03  8.58701E-17
3.31131E+03  7.81548E-17
3.46737E+03  7.15736E-17
3.63078E+03  6.59608E-17
3.80189E+03  6.12123E-17
3.98107E+03  5.72087E-17
4.16869E+03  5.38305E-17
4.36516E+03  5.10062E-17
4.57088E+03  4.86354E-17
4.78630E+03  4.66750E-17
5.01187E+03  4.50535E-17
5.24807E+03  4.37356E-17
5.49541E+03  4.26731E-17
5.75440E+03  4.18387E-17
6.02560E+03  4.12055E-17
6.30957E+03  4.07473E-17
6.60693E+03  4.04381E-17
6.91831E+03  4.02589E-17
7.24436E+03  4.01997E-17
7.58577E+03  4.02418E-17
7.94328E+03  4.03787E-17
8.31763E+03  4.05979E-17
8.70963E+03  4.08930E-17
9.12010E+03  4.12552E-17
9.54993E+03  4.16815E-17
