#column 1 : lambda in microns
#column 2 : snu_eff in Jy / Lsun (in the cosmo of Planck 2013 XXX)
1.00000E+00  3.08066E-22
1.04713E+00  9.63159E-22
1.09648E+00  3.01165E-21
1.14815E+00  9.41809E-21
1.20226E+00  2.94558E-20
1.25893E+00  9.21364E-20
1.31826E+00  2.88231E-19
1.38038E+00  9.01782E-19
1.44544E+00  2.82170E-18
1.51356E+00  1.00597E-17
1.58489E+00  8.97323E-18
1.65959E+00  6.29923E-18
1.73780E+00  8.00097E-18
1.81970E+00  1.35896E-17
1.90546E+00  1.44495E-17
1.99526E+00  1.18238E-17
2.08930E+00  1.10306E-17
2.18776E+00  1.12769E-17
2.29087E+00  1.20320E-17
2.39883E+00  1.30497E-17
2.51189E+00  1.41554E-17
2.63027E+00  1.49931E-17
2.75423E+00  1.46731E-17
2.88403E+00  1.69853E-17
3.01995E+00  2.02929E-17
3.16228E+00  2.29345E-17
3.31131E+00  2.54997E-17
3.46737E+00  2.81879E-17
3.63078E+00  3.11312E-17
3.80189E+00  3.43932E-17
3.98107E+00  3.81797E-17
4.16869E+00  4.31035E-17
4.36516E+00  5.14888E-17
4.57088E+00  7.90904E-17
4.78630E+00  1.15685E-15
5.01187E+00  1.39515E-16
5.24807E+00  8.07144E-17
5.49541E+00  7.68637E-17
5.75440E+00  8.08946E-17
6.02560E+00  8.84663E-17
6.30957E+00  9.90201E-17
6.60693E+00  1.13403E-16
6.91831E+00  1.34078E-16
7.24436E+00  1.69421E-16
7.58578E+00  3.10477E-16
7.94328E+00  3.46756E-16
8.31764E+00  7.85634E-16
8.70964E+00  9.08605E-16
9.12011E+00  5.14331E-15
9.54992E+00  1.56948E-15
1.00000E+01  1.76176E-15
1.04713E+01  2.55437E-15
1.09648E+01  6.59207E-15
1.14815E+01  8.24958E-15
1.20226E+01  3.72792E-15
1.25893E+01  4.61451E-15
1.31826E+01  1.95105E-15
1.38038E+01  1.57860E-15
1.44544E+01  1.58063E-15
1.51356E+01  1.78944E-15
1.58489E+01  2.66146E-15
1.65959E+01  1.01095E-14
1.73780E+01  5.21610E-15
1.81970E+01  6.10017E-15
1.90546E+01  4.40852E-15
1.99526E+01  4.16165E-15
2.08930E+01  3.77252E-15
2.18776E+01  3.65005E-15
2.29087E+01  4.12012E-15
2.39883E+01  6.27504E-15
2.51189E+01  6.48805E-15
2.63027E+01  5.85590E-15
2.75423E+01  6.10907E-15
2.88403E+01  6.11180E-15
3.01995E+01  6.43338E-15
3.16228E+01  6.88240E-15
3.31131E+01  7.45617E-15
3.46737E+01  8.20460E-15
3.63078E+01  9.16654E-15
3.80189E+01  1.03947E-14
3.98107E+01  1.19526E-14
4.16869E+01  1.38935E-14
4.36516E+01  1.62378E-14
4.57088E+01  1.89162E-14
4.78630E+01  2.18451E-14
5.01187E+01  2.49310E-14
5.24807E+01  2.81481E-14
5.49541E+01  3.14905E-14
5.75440E+01  3.50409E-14
6.02560E+01  3.89313E-14
6.30957E+01  4.32514E-14
6.60693E+01  4.81107E-14
6.91831E+01  5.36065E-14
7.24436E+01  5.97535E-14
7.58578E+01  6.66108E-14
7.94328E+01  7.41287E-14
8.31764E+01  8.22613E-14
8.70963E+01  9.09731E-14
9.12011E+01  1.00086E-13
9.54992E+01  1.09527E-13
1.00000E+02  1.19066E-13
1.04713E+02  1.28563E-13
1.09648E+02  1.37892E-13
1.14815E+02  1.46677E-13
1.20226E+02  1.54802E-13
1.25893E+02  1.62214E-13
1.31826E+02  1.68695E-13
1.38038E+02  1.74150E-13
1.44544E+02  1.78407E-13
1.51356E+02  1.81509E-13
1.58489E+02  1.83471E-13
1.65959E+02  1.84482E-13
1.73780E+02  1.84927E-13
1.81970E+02  1.84965E-13
1.90546E+02  1.85196E-13
1.99526E+02  1.84769E-13
2.08930E+02  1.79136E-13
2.18776E+02  1.68991E-13
2.29087E+02  1.58438E-13
2.39883E+02  1.48447E-13
2.51189E+02  1.38839E-13
2.63027E+02  1.29325E-13
2.75423E+02  1.20035E-13
2.88403E+02  1.10889E-13
3.01995E+02  1.01958E-13
3.16228E+02  9.33851E-14
3.31131E+02  8.50830E-14
3.46737E+02  7.72383E-14
3.63078E+02  6.96435E-14
3.80189E+02  6.21182E-14
3.98107E+02  5.51428E-14
4.16869E+02  4.88547E-14
4.36516E+02  4.31505E-14
4.57088E+02  3.80386E-14
4.78630E+02  3.34636E-14
5.01187E+02  2.93796E-14
5.24807E+02  2.57332E-14
5.49541E+02  2.25212E-14
5.75440E+02  1.96765E-14
6.02560E+02  1.71649E-14
6.30957E+02  1.49646E-14
6.60693E+02  1.30353E-14
6.91831E+02  1.13379E-14
7.24436E+02  9.85950E-15
7.58577E+02  8.56618E-15
7.94328E+02  7.43699E-15
8.31763E+02  6.45659E-15
8.70963E+02  5.60141E-15
9.12011E+02  4.86009E-15
9.54993E+02  4.21437E-15
1.00000E+03  3.65755E-15
1.04713E+03  3.17199E-15
1.09648E+03  2.75030E-15
1.14815E+03  2.38508E-15
1.20226E+03  2.06790E-15
1.25893E+03  1.79236E-15
1.31826E+03  1.55245E-15
1.38038E+03  1.34500E-15
1.44544E+03  1.16551E-15
1.51356E+03  1.01162E-15
1.58489E+03  8.75930E-16
1.65959E+03  7.62224E-16
1.73780E+03  6.61848E-16
1.81970E+03  5.76416E-16
1.90546E+03  5.03078E-16
1.99526E+03  4.40226E-16
2.08930E+03  3.85711E-16
2.18776E+03  3.39453E-16
2.29087E+03  2.99305E-16
2.39883E+03  2.65138E-16
2.51189E+03  2.36059E-16
2.63027E+03  2.10971E-16
2.75423E+03  1.89663E-16
2.88403E+03  1.71397E-16
3.01995E+03  1.55808E-16
3.16228E+03  1.42611E-16
3.31131E+03  1.31321E-16
3.46737E+03  1.21777E-16
3.63078E+03  1.13690E-16
3.80189E+03  1.06875E-16
3.98107E+03  1.01167E-16
4.16869E+03  9.63979E-17
4.36516E+03  9.24204E-17
4.57088E+03  8.91417E-17
4.78630E+03  8.64713E-17
5.01187E+03  8.43276E-17
5.24807E+03  8.26269E-17
5.49541E+03  8.13378E-17
5.75440E+03  8.03934E-17
6.02560E+03  7.97456E-17
6.30957E+03  7.93674E-17
6.60693E+03  7.92250E-17
6.91831E+03  7.92900E-17
7.24436E+03  7.95425E-17
7.58577E+03  7.99615E-17
7.94328E+03  8.05318E-17
8.31763E+03  8.12393E-17
8.70963E+03  8.20717E-17
9.12010E+03  8.30216E-17
9.54993E+03  8.40787E-17
