#column 1 : lambda in microns
#column 2 : snu_eff in Jy / Lsun (in the cosmo of Planck 2013 XXX)
1.00000E+00  5.30162E-15
1.04713E+00  1.88522E-14
1.09648E+00  1.68244E-14
1.14815E+00  1.18225E-14
1.20226E+00  1.50127E-14
1.25893E+00  2.54770E-14
1.31826E+00  2.70939E-14
1.38038E+00  2.21845E-14
1.44544E+00  2.07045E-14
1.51356E+00  2.11725E-14
1.58489E+00  2.25927E-14
1.65959E+00  2.45005E-14
1.73780E+00  2.65789E-14
1.81970E+00  2.81501E-14
1.90546E+00  2.75567E-14
1.99526E+00  3.18916E-14
2.08930E+00  3.80892E-14
2.18776E+00  4.30363E-14
2.29087E+00  4.78433E-14
2.39883E+00  5.28762E-14
2.51189E+00  5.83794E-14
2.63027E+00  6.44796E-14
2.75423E+00  7.15507E-14
2.88403E+00  8.07412E-14
3.01995E+00  9.63857E-14
3.16228E+00  1.47929E-13
3.31131E+00  2.16231E-12
3.46737E+00  2.60655E-13
3.63078E+00  1.50559E-13
3.80189E+00  1.43084E-13
3.98107E+00  1.50240E-13
4.16869E+00  1.63864E-13
4.36516E+00  1.82893E-13
4.57088E+00  2.08836E-13
4.78630E+00  2.46315E-13
5.01187E+00  3.10784E-13
5.24807E+00  5.71980E-13
5.49541E+00  6.37394E-13
5.75440E+00  1.45211E-12
6.02560E+00  1.67757E-12
6.30957E+00  9.55284E-12
6.60693E+00  2.89826E-12
6.91831E+00  3.25026E-12
7.24436E+00  4.71560E-12
7.58578E+00  1.22015E-11
7.94328E+00  1.52622E-11
8.31764E+00  6.87038E-12
8.70964E+00  8.50824E-12
9.12011E+00  3.55972E-12
9.54992E+00  2.85773E-12
1.00000E+01  2.84900E-12
1.04713E+01  3.22352E-12
1.09648E+01  4.83126E-12
1.14815E+01  1.86525E-11
1.20226E+01  9.54505E-12
1.25893E+01  1.11644E-11
1.31826E+01  8.00779E-12
1.38038E+01  7.52859E-12
1.44544E+01  6.78077E-12
1.51356E+01  6.51449E-12
1.58489E+01  7.32581E-12
1.65959E+01  1.12108E-11
1.73780E+01  1.15146E-11
1.81970E+01  1.02648E-11
1.90546E+01  1.06367E-11
1.99526E+01  1.05585E-11
2.08930E+01  1.10574E-11
2.18776E+01  1.17708E-11
2.29087E+01  1.26881E-11
2.39883E+01  1.38884E-11
2.51189E+01  1.54309E-11
2.63027E+01  1.73924E-11
2.75423E+01  1.98648E-11
2.88403E+01  2.29168E-11
3.01995E+01  2.65604E-11
3.16228E+01  3.06684E-11
3.31131E+01  3.51084E-11
3.46737E+01  3.97503E-11
3.63078E+01  4.45896E-11
3.80189E+01  4.96554E-11
3.98107E+01  5.51207E-11
4.16869E+01  6.12272E-11
4.36516E+01  6.81559E-11
4.57088E+01  7.61082E-11
4.78630E+01  8.52828E-11
5.01187E+01  9.57462E-11
5.24807E+01  1.07638E-10
5.49541E+01  1.20926E-10
5.75440E+01  1.35572E-10
6.02560E+01  1.51571E-10
6.30957E+01  1.68645E-10
6.60693E+01  1.86705E-10
6.91831E+01  2.05332E-10
7.24436E+01  2.24318E-10
7.58578E+01  2.43459E-10
7.94328E+01  2.62001E-10
8.31764E+01  2.79696E-10
8.70963E+01  2.96420E-10
9.12011E+01  3.11687E-10
9.54992E+01  3.25275E-10
1.00000E+02  3.36783E-10
1.04713E+02  3.46167E-10
1.09648E+02  3.53519E-10
1.14815E+02  3.58937E-10
1.20226E+02  3.63330E-10
1.25893E+02  3.66839E-10
1.31826E+02  3.70750E-10
1.38038E+02  3.73192E-10
1.44544E+02  3.64881E-10
1.51356E+02  3.46793E-10
1.58489E+02  3.27495E-10
1.65959E+02  3.08964E-10
1.73780E+02  2.90888E-10
1.81970E+02  2.72722E-10
1.90546E+02  2.54698E-10
1.99526E+02  2.36709E-10
2.08930E+02  2.18843E-10
2.18776E+02  2.01551E-10
2.29087E+02  1.84564E-10
2.39883E+02  1.68385E-10
2.51189E+02  1.52522E-10
2.63027E+02  1.36676E-10
2.75423E+02  1.21826E-10
2.88403E+02  1.08381E-10
3.01995E+02  9.61001E-11
3.16228E+02  8.50148E-11
3.31131E+02  7.50450E-11
3.46737E+02  6.60957E-11
3.63078E+02  5.80642E-11
3.80189E+02  5.09613E-11
3.98107E+02  4.46396E-11
4.16869E+02  3.90401E-11
4.36516E+02  3.41160E-11
4.57088E+02  2.97833E-11
4.78630E+02  2.59546E-11
5.01187E+02  2.26141E-11
5.24807E+02  1.96844E-11
5.49541E+02  1.71133E-11
5.75440E+02  1.48806E-11
6.02560E+02  1.29276E-11
6.30957E+02  1.12302E-11
6.60693E+02  9.74915E-12
6.91831E+02  8.46929E-12
7.24436E+02  7.35133E-12
7.58577E+02  6.37833E-12
7.94328E+02  5.53396E-12
8.31763E+02  4.79970E-12
8.70963E+02  4.16121E-12
9.12011E+02  3.60389E-12
9.54993E+02  3.12152E-12
1.00000E+03  2.70405E-12
1.04713E+03  2.34500E-12
1.09648E+03  2.02839E-12
1.14815E+03  1.76252E-12
1.20226E+03  1.52765E-12
1.25893E+03  1.32743E-12
1.31826E+03  1.15563E-12
1.38038E+03  1.00808E-12
1.44544E+03  8.79941E-13
1.51356E+03  7.71099E-13
1.58489E+03  6.76505E-13
1.65959E+03  5.95891E-13
1.73780E+03  5.27192E-13
1.81970E+03  4.67820E-13
1.90546E+03  4.17346E-13
1.99526E+03  3.73961E-13
2.08930E+03  3.36888E-13
2.18776E+03  3.05433E-13
2.29087E+03  2.78429E-13
2.39883E+03  2.55566E-13
2.51189E+03  2.36096E-13
2.63027E+03  2.19623E-13
2.75423E+03  2.05760E-13
2.88403E+03  1.94083E-13
3.01995E+03  1.84266E-13
3.16228E+03  1.76081E-13
3.31131E+03  1.69316E-13
3.46737E+03  1.63779E-13
3.63078E+03  1.59270E-13
3.80189E+03  1.55712E-13
3.98107E+03  1.52948E-13
4.16869E+03  1.50870E-13
4.36516E+03  1.49402E-13
4.57088E+03  1.48472E-13
4.78630E+03  1.48010E-13
5.01187E+03  1.47966E-13
5.24807E+03  1.48295E-13
5.49541E+03  1.48955E-13
5.75440E+03  1.49917E-13
6.02560E+03  1.51148E-13
6.30957E+03  1.52630E-13
6.60693E+03  1.54339E-13
6.91831E+03  1.56264E-13
7.24436E+03  1.58386E-13
7.58577E+03  1.60694E-13
7.94328E+03  1.63182E-13
8.31763E+03  1.65843E-13
8.70963E+03  1.68669E-13
9.12010E+03  1.71657E-13
9.54993E+03  1.74801E-13
