#column 1 : lambda in microns
#column 2 : snu_eff in Jy / Lsun (in the cosmo of Planck 2013 XXX)
1.00000E+00  4.09308E-21
1.04713E+00  1.27772E-20
1.09648E+00  3.98902E-20
1.14815E+00  1.24551E-19
1.20226E+00  3.88932E-19
1.25893E+00  1.21464E-18
1.31826E+00  3.79377E-18
1.38038E+00  1.25327E-17
1.44544E+00  1.99143E-17
1.51356E+00  1.14689E-17
1.58489E+00  1.29424E-17
1.65959E+00  2.13029E-17
1.73780E+00  2.69235E-17
1.81970E+00  2.19645E-17
1.90546E+00  1.98237E-17
1.99526E+00  1.99329E-17
2.08930E+00  2.10935E-17
2.18776E+00  2.28310E-17
2.29087E+00  2.48087E-17
2.39883E+00  2.65431E-17
2.51189E+00  2.64871E-17
2.63027E+00  2.86763E-17
2.75423E+00  3.49455E-17
2.88403E+00  3.98347E-17
3.01995E+00  4.44096E-17
3.16228E+00  4.91236E-17
3.31131E+00  5.42471E-17
3.46737E+00  5.98779E-17
3.63078E+00  6.63480E-17
3.80189E+00  7.44871E-17
3.98107E+00  8.69956E-17
4.16869E+00  1.19915E-16
4.36516E+00  5.52425E-16
4.57088E+00  3.92088E-16
4.78630E+00  1.52002E-16
5.01187E+00  1.36800E-16
5.24807E+00  1.41726E-16
5.49541E+00  1.53741E-16
5.75440E+00  1.71091E-16
6.02560E+00  1.94705E-16
6.30957E+00  2.27810E-16
6.60693E+00  2.81090E-16
6.91831E+00  4.32536E-16
7.24436E+00  6.41153E-16
7.58578E+00  1.07413E-15
7.94328E+00  1.32249E-15
8.31764E+00  7.23319E-15
8.70964E+00  2.96500E-15
9.12011E+00  3.14404E-15
9.54992E+00  3.89301E-15
1.00000E+01  8.73902E-15
1.04713E+01  1.51444E-14
1.09648E+01  7.63441E-15
1.14815E+01  7.46747E-15
1.20226E+01  4.03994E-15
1.25893E+01  2.86934E-15
1.31826E+01  2.77635E-15
1.38038E+01  3.04239E-15
1.44544E+01  4.07636E-15
1.51356E+01  1.84213E-14
1.58489E+01  8.49103E-15
1.65959E+01  9.34682E-15
1.73780E+01  9.23465E-15
1.81970E+01  7.94154E-15
1.90546E+01  6.79517E-15
1.99526E+01  6.35651E-15
2.08930E+01  7.01459E-15
2.18776E+01  8.90148E-15
2.29087E+01  1.12515E-14
2.39883E+01  1.05620E-14
2.51189E+01  1.03518E-14
2.63027E+01  1.06858E-14
2.75423E+01  1.11765E-14
2.88403E+01  1.19118E-14
3.01995E+01  1.28664E-14
3.16228E+01  1.40873E-14
3.31131E+01  1.56654E-14
3.46737E+01  1.76719E-14
3.63078E+01  2.02377E-14
3.80189E+01  2.34519E-14
3.98107E+01  2.73140E-14
4.16869E+01  3.18042E-14
4.36516E+01  3.67632E-14
4.57088E+01  4.20095E-14
4.78630E+01  4.74568E-14
5.01187E+01  5.31436E-14
5.24807E+01  5.91683E-14
5.49541E+01  6.57093E-14
5.75440E+01  7.30321E-14
6.02560E+01  8.12734E-14
6.30957E+01  9.05951E-14
6.60693E+01  1.01166E-13
6.91831E+01  1.12990E-13
7.24436E+01  1.26040E-13
7.58578E+01  1.40297E-13
7.94328E+01  1.55650E-13
8.31764E+01  1.71916E-13
8.70963E+01  1.88833E-13
9.12011E+01  2.06180E-13
9.54992E+01  2.23564E-13
1.00000E+02  2.40819E-13
1.04713E+02  2.57319E-13
1.09648E+02  2.72812E-13
1.14815E+02  2.87116E-13
1.20226E+02  2.99886E-13
1.25893E+02  3.10870E-13
1.31826E+02  3.19880E-13
1.38038E+02  3.26756E-13
1.44544E+02  3.31495E-13
1.51356E+02  3.34461E-13
1.58489E+02  3.36269E-13
1.65959E+02  3.37115E-13
1.73780E+02  3.38160E-13
1.81970E+02  3.38842E-13
1.90546E+02  3.32273E-13
1.99526E+02  3.15281E-13
2.08930E+02  2.96423E-13
2.18776E+02  2.78217E-13
2.29087E+02  2.60678E-13
2.39883E+02  2.43455E-13
2.51189E+02  2.26619E-13
2.63027E+02  2.09838E-13
2.75423E+02  1.93386E-13
2.88403E+02  1.77497E-13
3.01995E+02  1.62114E-13
3.16228E+02  1.47479E-13
3.31131E+02  1.33397E-13
3.46737E+02  1.19497E-13
3.63078E+02  1.06220E-13
3.80189E+02  9.42011E-14
3.98107E+02  8.34186E-14
4.16869E+02  7.36322E-14
4.36516E+02  6.48400E-14
4.57088E+02  5.69926E-14
4.78630E+02  5.00087E-14
5.01187E+02  4.37941E-14
5.24807E+02  3.82935E-14
5.49541E+02  3.34523E-14
5.75440E+02  2.91727E-14
6.02560E+02  2.54263E-14
6.30957E+02  2.21462E-14
6.60693E+02  1.92598E-14
6.91831E+02  1.67468E-14
7.24436E+02  1.45477E-14
7.58577E+02  1.26349E-14
7.94328E+02  1.09652E-14
8.31763E+02  9.51602E-15
8.70963E+02  8.25617E-15
9.12011E+02  7.16604E-15
9.54993E+02  6.21627E-15
1.00000E+03  5.39084E-15
1.04713E+03  4.67652E-15
1.09648E+03  4.05508E-15
1.14815E+03  3.51446E-15
1.20226E+03  3.04526E-15
1.25893E+03  2.63806E-15
1.31826E+03  2.28457E-15
1.38038E+03  1.98196E-15
1.44544E+03  1.71767E-15
1.51356E+03  1.49106E-15
1.58489E+03  1.29417E-15
1.65959E+03  1.12802E-15
1.73780E+03  9.81801E-16
1.81970E+03  8.57895E-16
1.90546E+03  7.50793E-16
1.99526E+03  6.58917E-16
2.08930E+03  5.80555E-16
2.18776E+03  5.12674E-16
2.29087E+03  4.54982E-16
2.39883E+03  4.05518E-16
2.51189E+03  3.63630E-16
2.63027E+03  3.27357E-16
2.75423E+03  2.96440E-16
2.88403E+03  2.70224E-16
3.01995E+03  2.47818E-16
3.16228E+03  2.28841E-16
3.31131E+03  2.12758E-16
3.46737E+03  1.99224E-16
3.63078E+03  1.87788E-16
3.80189E+03  1.78185E-16
3.98107E+03  1.70249E-16
4.16869E+03  1.63614E-16
4.36516E+03  1.58156E-16
4.57088E+03  1.53739E-16
4.78630E+03  1.50231E-16
5.01187E+03  1.47479E-16
5.24807E+03  1.45417E-16
5.49541E+03  1.43947E-16
5.75440E+03  1.42979E-16
6.02560E+03  1.42478E-16
6.30957E+03  1.42388E-16
6.60693E+03  1.42645E-16
6.91831E+03  1.43230E-16
7.24436E+03  1.44103E-16
7.58577E+03  1.45237E-16
7.94328E+03  1.46609E-16
8.31763E+03  1.48202E-16
8.70963E+03  1.49998E-16
9.12010E+03  1.51985E-16
9.54993E+03  1.54151E-16
