#column 1 : lambda in microns
#column 2 : snu_eff in Jy / Lsun (in the cosmo of Planck 2013 XXX)
1.00000E+00  2.96708E-34
1.04713E+00  9.37188E-34
1.09648E+00  2.96308E-33
1.14815E+00  9.37687E-33
1.20226E+00  2.96998E-32
1.25893E+00  9.41477E-32
1.31826E+00  2.98681E-31
1.38038E+00  9.48264E-31
1.44544E+00  3.01272E-30
1.51356E+00  9.57803E-30
1.58489E+00  3.04697E-29
1.65959E+00  9.69884E-29
1.73780E+00  3.08897E-28
1.81970E+00  9.84324E-28
1.90546E+00  3.13819E-27
1.99526E+00  1.00098E-26
2.08930E+00  3.19418E-26
2.18776E+00  1.01971E-25
2.29087E+00  3.25659E-25
2.39883E+00  1.04042E-24
2.51189E+00  3.32511E-24
2.63027E+00  1.06302E-23
2.75423E+00  3.39949E-23
2.88403E+00  1.08745E-22
3.01995E+00  3.47953E-22
3.16228E+00  1.11364E-21
3.31131E+00  3.56508E-21
3.46737E+00  1.14154E-20
3.63078E+00  3.65603E-20
3.80189E+00  1.17676E-19
3.98107E+00  3.16297E-19
4.16869E+00  1.60300E-19
4.36516E+00  1.56789E-19
4.57088E+00  2.44609E-19
4.78630E+00  3.61208E-19
5.01187E+00  3.03488E-19
5.24807E+00  2.62899E-19
5.49541E+00  2.58152E-19
5.75440E+00  2.70227E-19
6.02560E+00  2.91146E-19
6.30957E+00  3.16465E-19
6.60693E+00  3.40750E-19
6.91831E+00  3.47833E-19
7.24436E+00  3.53122E-19
7.58578E+00  4.36380E-19
7.94328E+00  5.04299E-19
8.31764E+00  5.65046E-19
8.70964E+00  6.26432E-19
9.12011E+00  6.92517E-19
9.54992E+00  7.65575E-19
1.00000E+01  8.48558E-19
1.04713E+01  9.49981E-19
1.09648E+01  1.09681E-18
1.14815E+01  1.41927E-18
1.20226E+01  3.59773E-18
1.25893E+01  1.23095E-17
1.31826E+01  2.22803E-18
1.38038E+01  1.86006E-18
1.44544E+01  1.90710E-18
1.51356E+01  2.07536E-18
1.58489E+01  2.32621E-18
1.65959E+01  2.66564E-18
1.73780E+01  3.13502E-18
1.81970E+01  3.83446E-18
1.90546E+01  5.32538E-18
1.99526E+01  1.04517E-17
2.08930E+01  1.15153E-17
2.18776E+01  1.78156E-17
2.29087E+01  5.40121E-17
2.39883E+01  5.28640E-17
2.51189E+01  4.39108E-17
2.63027E+01  4.92957E-17
2.75423E+01  9.58111E-17
2.88403E+01  2.16366E-16
3.01995E+01  1.36404E-16
3.16228E+01  9.37192E-17
3.31131E+01  7.39569E-17
3.46737E+01  4.48247E-17
3.63078E+01  4.25112E-17
3.80189E+01  4.57650E-17
3.98107E+01  5.66082E-17
4.16869E+01  1.40779E-16
4.36516E+01  1.34442E-16
4.57088E+01  1.39901E-16
4.78630E+01  1.75370E-16
5.01187E+01  1.20519E-16
5.24807E+01  1.05764E-16
5.49541E+01  1.04215E-16
5.75440E+01  1.14566E-16
6.02560E+01  1.37840E-16
6.30957E+01  1.83481E-16
6.60693E+01  1.89961E-16
6.91831E+01  1.85625E-16
7.24436E+01  1.98371E-16
7.58578E+01  2.09552E-16
7.94328E+01  2.26471E-16
8.31764E+01  2.48382E-16
8.70963E+01  2.76055E-16
9.12011E+01  3.12750E-16
9.54992E+01  3.61075E-16
1.00000E+02  4.25669E-16
1.04713E+02  5.12292E-16
1.09648E+02  6.25579E-16
1.14815E+02  7.68681E-16
1.20226E+02  9.38307E-16
1.25893E+02  1.12921E-15
1.31826E+02  1.33187E-15
1.38038E+02  1.53785E-15
1.44544E+02  1.74405E-15
1.51356E+02  1.95082E-15
1.58489E+02  2.16052E-15
1.65959E+02  2.37517E-15
1.73780E+02  2.59832E-15
1.81970E+02  2.82896E-15
1.90546E+02  3.06718E-15
1.99526E+02  3.30803E-15
2.08930E+02  3.54794E-15
2.18776E+02  3.78428E-15
2.29087E+02  4.01288E-15
2.39883E+02  4.22304E-15
2.51189E+02  4.41311E-15
2.63027E+02  4.57696E-15
2.75423E+02  4.71348E-15
2.88403E+02  4.81620E-15
3.01995E+02  4.88416E-15
3.16228E+02  4.91327E-15
3.31131E+02  4.90837E-15
3.46737E+02  4.86981E-15
3.63078E+02  4.79852E-15
3.80189E+02  4.69617E-15
3.98107E+02  4.56854E-15
4.16869E+02  4.42024E-15
4.36516E+02  4.26253E-15
4.57088E+02  4.09839E-15
4.78630E+02  3.94242E-15
5.01187E+02  3.79385E-15
5.24807E+02  3.60832E-15
5.49541E+02  3.32720E-15
5.75440E+02  3.03291E-15
6.02560E+02  2.75984E-15
6.30957E+02  2.50848E-15
6.60693E+02  2.27642E-15
6.91831E+02  2.06059E-15
7.24436E+02  1.85692E-15
7.58577E+02  1.66910E-15
7.94328E+02  1.49497E-15
8.31763E+02  1.33345E-15
8.70963E+02  1.18618E-15
9.12011E+02  1.05135E-15
9.54993E+02  9.24003E-16
1.00000E+03  8.05932E-16
1.04713E+03  7.01415E-16
1.09648E+03  6.09915E-16
1.14815E+03  5.29189E-16
1.20226E+03  4.58918E-16
1.25893E+03  3.97301E-16
1.31826E+03  3.43552E-16
1.38038E+03  2.96863E-16
1.44544E+03  2.56463E-16
1.51356E+03  2.21357E-16
1.58489E+03  1.90952E-16
1.65959E+03  1.64763E-16
1.73780E+03  1.42051E-16
1.81970E+03  1.22510E-16
1.90546E+03  1.05592E-16
1.99526E+03  9.10648E-17
2.08930E+03  7.85144E-17
2.18776E+03  6.77411E-17
2.29087E+03  5.84740E-17
2.39883E+03  5.04820E-17
2.51189E+03  4.36362E-17
2.63027E+03  3.77515E-17
2.75423E+03  3.26703E-17
2.88403E+03  2.83130E-17
3.01995E+03  2.45553E-17
3.16228E+03  2.13145E-17
3.31131E+03  1.85168E-17
3.46737E+03  1.61091E-17
3.63078E+03  1.40386E-17
3.80189E+03  1.22594E-17
3.98107E+03  1.07498E-17
4.16869E+03  9.44465E-18
4.36516E+03  8.32103E-18
4.57088E+03  7.36131E-18
4.78630E+03  6.55174E-18
5.01187E+03  5.85005E-18
5.24807E+03  5.25835E-18
5.49541E+03  4.75353E-18
5.75440E+03  4.32639E-18
6.02560E+03  3.96118E-18
6.30957E+03  3.65122E-18
6.60693E+03  3.39133E-18
6.91831E+03  3.17298E-18
7.24436E+03  2.98759E-18
7.58577E+03  2.83390E-18
7.94328E+03  2.70616E-18
8.31763E+03  2.59991E-18
8.70963E+03  2.51343E-18
9.12010E+03  2.44363E-18
9.54993E+03  2.38782E-18
