#column 1 : lambda in microns
#column 2 : snu_eff in Jy / Lsun (in the cosmo of Planck 2013 XXX)
1.00000E+00  1.33183E-21
1.04713E+00  4.16019E-21
1.09648E+00  1.29965E-20
1.14815E+00  4.06056E-20
1.20226E+00  1.26880E-19
1.25893E+00  3.96506E-19
1.31826E+00  1.23923E-18
1.38038E+00  3.87351E-18
1.44544E+00  1.37966E-17
1.51356E+00  1.23083E-17
1.58489E+00  8.64368E-18
1.65959E+00  1.09777E-17
1.73780E+00  1.86400E-17
1.81970E+00  1.98203E-17
1.90546E+00  1.62221E-17
1.99526E+00  1.51364E-17
2.08930E+00  1.54758E-17
2.18776E+00  1.65126E-17
2.29087E+00  1.79093E-17
2.39883E+00  1.94270E-17
2.51189E+00  2.05770E-17
2.63027E+00  2.01402E-17
2.75423E+00  2.33118E-17
2.88403E+00  2.78480E-17
3.01995E+00  3.14709E-17
3.16228E+00  3.49895E-17
3.31131E+00  3.86759E-17
3.46737E+00  4.27120E-17
3.63078E+00  4.71842E-17
3.80189E+00  5.23759E-17
3.98107E+00  5.91255E-17
4.16869E+00  7.06172E-17
4.36516E+00  1.08446E-16
4.57088E+00  1.58554E-15
4.78630E+00  1.91250E-16
5.01187E+00  1.10649E-16
5.24807E+00  1.05355E-16
5.49541E+00  1.10855E-16
5.75440E+00  1.21199E-16
6.02560E+00  1.35618E-16
6.30957E+00  1.55268E-16
6.60693E+00  1.83527E-16
6.91831E+00  2.31859E-16
7.24436E+00  4.25009E-16
7.58578E+00  4.74564E-16
7.94328E+00  1.07567E-15
8.31764E+00  1.24391E-15
8.70964E+00  7.04486E-15
9.12011E+00  2.14867E-15
9.54992E+00  2.41171E-15
1.00000E+01  3.49696E-15
1.04713E+01  9.02666E-15
1.09648E+01  1.12963E-14
1.14815E+01  5.10353E-15
1.20226E+01  6.31788E-15
1.25893E+01  2.67004E-15
1.31826E+01  2.15974E-15
1.38038E+01  2.16166E-15
1.44544E+01  2.44672E-15
1.51356E+01  3.64023E-15
1.58489E+01  1.38431E-14
1.65959E+01  7.13774E-15
1.73780E+01  8.34740E-15
1.81970E+01  6.02863E-15
1.90546E+01  5.68904E-15
1.99526E+01  5.15434E-15
2.08930E+01  4.98417E-15
2.18776E+01  5.62449E-15
2.29087E+01  8.56980E-15
2.39883E+01  8.85618E-15
2.51189E+01  7.98538E-15
2.63027E+01  8.32633E-15
2.75423E+01  8.32498E-15
2.88403E+01  8.75950E-15
3.01995E+01  9.36732E-15
3.16228E+01  1.01442E-14
3.31131E+01  1.11578E-14
3.46737E+01  1.24600E-14
3.63078E+01  1.41213E-14
3.80189E+01  1.62263E-14
3.98107E+01  1.88455E-14
4.16869E+01  2.20037E-14
4.36516E+01  2.56052E-14
4.57088E+01  2.95375E-14
4.78630E+01  3.36766E-14
5.01187E+01  3.79923E-14
5.24807E+01  4.24808E-14
5.49541E+01  4.72594E-14
5.75440E+01  5.25090E-14
6.02560E+01  5.83546E-14
6.30957E+01  6.49474E-14
6.60693E+01  7.24221E-14
6.91831E+01  8.08040E-14
7.24436E+01  9.01756E-14
7.58578E+01  1.00475E-13
7.94328E+01  1.11643E-13
8.31764E+01  1.23636E-13
8.70963E+01  1.36216E-13
9.12011E+01  1.49283E-13
9.54992E+01  1.62523E-13
1.00000E+02  1.75746E-13
1.04713E+02  1.88780E-13
1.09648E+02  2.01103E-13
1.14815E+02  2.12552E-13
1.20226E+02  2.23050E-13
1.25893E+02  2.32290E-13
1.31826E+02  2.40135E-13
1.38038E+02  2.46343E-13
1.44544E+02  2.50958E-13
1.51356E+02  2.54007E-13
1.58489E+02  2.55731E-13
1.65959E+02  2.56672E-13
1.73780E+02  2.57039E-13
1.81970E+02  2.57672E-13
1.90546E+02  2.57376E-13
1.99526E+02  2.49807E-13
2.08930E+02  2.35900E-13
2.18776E+02  2.21388E-13
2.29087E+02  2.07622E-13
2.39883E+02  1.94356E-13
2.51189E+02  1.81198E-13
2.63027E+02  1.68320E-13
2.75423E+02  1.55621E-13
2.88403E+02  1.43194E-13
3.01995E+02  1.31251E-13
3.16228E+02  1.19665E-13
3.31131E+02  1.08706E-13
3.46737E+02  9.80789E-14
3.63078E+02  8.75356E-14
3.80189E+02  7.77505E-14
3.98107E+02  6.89237E-14
4.16869E+02  6.09094E-14
4.36516E+02  5.37197E-14
4.57088E+02  4.72807E-14
4.78630E+02  4.15287E-14
5.01187E+02  3.63893E-14
5.24807E+02  3.18597E-14
5.49541E+02  2.78454E-14
5.75440E+02  2.42996E-14
6.02560E+02  2.11915E-14
6.30957E+02  1.84651E-14
6.60693E+02  1.60650E-14
6.91831E+02  1.39739E-14
7.24436E+02  1.21439E-14
7.58577E+02  1.05452E-14
7.94328E+02  9.15690E-15
8.31763E+02  7.94569E-15
8.70963E+02  6.89524E-15
9.12011E+02  5.97992E-15
9.54993E+02  5.19053E-15
1.00000E+03  4.50193E-15
1.04713E+03  3.90379E-15
1.09648E+03  3.38559E-15
1.14815E+03  2.93547E-15
1.20226E+03  2.54436E-15
1.25893E+03  2.20376E-15
1.31826E+03  1.90917E-15
1.38038E+03  1.65426E-15
1.44544E+03  1.43566E-15
1.51356E+03  1.24286E-15
1.58489E+03  1.08129E-15
1.65959E+03  9.38624E-16
1.73780E+03  8.17179E-16
1.81970E+03  7.12924E-16
1.90546E+03  6.23560E-16
1.99526E+03  5.46029E-16
2.08930E+03  4.80231E-16
2.18776E+03  4.23113E-16
2.29087E+03  3.74495E-16
2.39883E+03  3.33108E-16
2.51189E+03  2.97394E-16
2.63027E+03  2.67056E-16
2.75423E+03  2.41041E-16
2.88403E+03  2.18831E-16
3.01995E+03  2.00024E-16
3.16228E+03  1.83927E-16
3.31131E+03  1.70316E-16
3.46737E+03  1.58771E-16
3.63078E+03  1.49040E-16
3.80189E+03  1.40882E-16
3.98107E+03  1.34057E-16
4.16869E+03  1.28358E-16
4.36516E+03  1.23652E-16
4.57088E+03  1.19810E-16
4.78630E+03  1.16716E-16
5.01187E+03  1.14251E-16
5.24807E+03  1.12369E-16
5.49541E+03  1.10976E-16
5.75440E+03  1.10004E-16
6.02560E+03  1.09413E-16
6.30957E+03  1.09155E-16
6.60693E+03  1.09191E-16
6.91831E+03  1.09491E-16
7.24436E+03  1.10027E-16
7.58577E+03  1.10775E-16
7.94328E+03  1.11716E-16
8.31763E+03  1.12833E-16
8.70963E+03  1.14114E-16
9.12010E+03  1.15545E-16
9.54993E+03  1.17121E-16
