#column 1 : lambda in microns
#column 2 : snu_eff in Jy / Lsun (in the cosmo of Planck 2013 XXX)
1.00000E+00  1.24991E-23
1.04713E+00  3.90990E-23
1.09648E+00  1.22326E-22
1.14815E+00  3.82772E-22
1.20226E+00  1.19791E-21
1.25893E+00  3.74953E-21
1.31826E+00  1.17380E-20
1.38038E+00  3.67514E-20
1.44544E+00  1.15085E-19
1.51356E+00  3.60432E-19
1.58489E+00  1.12900E-18
1.65959E+00  3.74004E-18
1.73780E+00  5.94557E-18
1.81970E+00  3.41975E-18
1.90546E+00  3.85900E-18
1.99526E+00  6.35693E-18
2.08930E+00  8.03564E-18
2.18776E+00  6.55151E-18
2.29087E+00  5.90994E-18
2.39883E+00  5.94087E-18
2.51189E+00  6.28599E-18
2.63027E+00  6.80361E-18
2.75423E+00  7.39274E-18
2.88403E+00  7.90920E-18
3.01995E+00  7.89065E-18
3.16228E+00  8.54290E-18
3.31131E+00  1.04151E-17
3.46737E+00  1.18747E-17
3.63078E+00  1.32401E-17
3.80189E+00  1.46481E-17
3.98107E+00  1.61784E-17
4.16869E+00  1.78609E-17
4.36516E+00  1.97960E-17
4.57088E+00  2.22316E-17
4.78630E+00  2.59769E-17
5.01187E+00  3.58301E-17
5.24807E+00  1.65226E-16
5.49541E+00  1.17284E-16
5.75440E+00  4.54898E-17
6.02560E+00  4.09823E-17
6.30957E+00  4.25150E-17
6.60693E+00  4.61920E-17
6.91831E+00  5.14953E-17
7.24436E+00  5.87043E-17
7.58578E+00  6.87978E-17
7.94328E+00  8.49868E-17
8.31764E+00  1.30647E-16
8.70964E+00  1.93522E-16
9.12011E+00  3.23758E-16
9.54992E+00  3.98754E-16
1.00000E+01  2.17245E-15
1.04713E+01  8.92949E-16
1.09648E+01  9.47640E-16
1.14815E+01  1.17365E-15
1.20226E+01  2.63077E-15
1.25893E+01  4.55795E-15
1.31826E+01  2.30193E-15
1.38038E+01  2.25242E-15
1.44544E+01  1.22323E-15
1.51356E+01  8.72641E-16
1.58489E+01  8.46673E-16
1.65959E+01  9.28864E-16
1.73780E+01  1.24181E-15
1.81970E+01  5.55350E-15
1.90546E+01  2.57368E-15
1.99526E+01  2.83447E-15
2.08930E+01  2.80472E-15
2.18776E+01  2.41957E-15
2.29087E+01  2.07876E-15
2.39883E+01  1.95264E-15
2.51189E+01  2.15973E-15
2.63027E+01  2.74172E-15
2.75423E+01  3.46759E-15
2.88403E+01  3.27331E-15
3.01995E+01  3.22389E-15
3.16228E+01  3.33926E-15
3.31131E+01  3.50227E-15
3.46737E+01  3.74238E-15
3.63078E+01  4.05300E-15
3.80189E+01  4.44947E-15
3.98107E+01  4.96230E-15
4.16869E+01  5.61578E-15
4.36516E+01  6.45506E-15
4.57088E+01  7.51213E-15
4.78630E+01  8.79155E-15
5.01187E+01  1.02914E-14
5.24807E+01  1.19606E-14
5.49541E+01  1.37371E-14
5.75440E+01  1.55841E-14
6.02560E+01  1.75065E-14
6.30957E+01  1.95277E-14
6.60693E+01  2.16991E-14
6.91831E+01  2.41003E-14
7.24436E+01  2.67709E-14
7.58578E+01  2.97573E-14
7.94328E+01  3.31066E-14
8.31764E+01  3.68117E-14
8.70963E+01  4.08550E-14
9.12011E+01  4.52258E-14
9.54992E+01  4.98787E-14
1.00000E+02  5.47498E-14
1.04713E+02  5.97553E-14
1.09648E+02  6.48179E-14
1.14815E+02  6.98233E-14
1.20226E+02  7.47124E-14
1.25893E+02  7.93058E-14
1.31826E+02  8.35314E-14
1.38038E+02  8.73384E-14
1.44544E+02  9.06404E-14
1.51356E+02  9.33744E-14
1.58489E+02  9.54838E-14
1.65959E+02  9.69510E-14
1.73780E+02  9.77725E-14
1.81970E+02  9.80750E-14
1.90546E+02  9.80423E-14
1.99526E+02  9.77444E-14
2.08930E+02  9.75006E-14
2.18776E+02  9.71752E-14
2.29087E+02  9.48078E-14
2.39883E+02  8.95449E-14
2.51189E+02  8.38290E-14
2.63027E+02  7.83487E-14
2.75423E+02  7.31162E-14
2.88403E+02  6.80193E-14
3.01995E+02  6.30794E-14
3.16228E+02  5.81965E-14
3.31131E+02  5.34478E-14
3.46737E+02  4.88973E-14
3.63078E+02  4.45180E-14
3.80189E+02  4.03776E-14
3.98107E+02  3.64184E-14
4.16869E+02  3.25325E-14
4.36516E+02  2.88433E-14
4.57088E+02  2.55148E-14
4.78630E+02  2.25417E-14
5.01187E+02  1.98529E-14
5.24807E+02  1.74458E-14
5.49541E+02  1.53041E-14
5.75440E+02  1.34041E-14
6.02560E+02  1.17175E-14
6.30957E+02  1.02293E-14
6.60693E+02  8.92209E-15
6.91831E+02  7.76964E-15
7.24436E+02  6.76274E-15
7.58577E+02  5.88279E-15
7.94328E+02  5.11024E-15
8.31763E+02  4.43837E-15
8.70963E+02  3.85207E-15
9.12011E+02  3.34220E-15
9.54993E+02  2.89836E-15
1.00000E+03  2.51333E-15
1.04713E+03  2.17907E-15
1.09648E+03  1.89024E-15
1.14815E+03  1.63886E-15
1.20226E+03  1.42070E-15
1.25893E+03  1.23205E-15
1.31826E+03  1.06813E-15
1.38038E+03  9.25647E-16
1.44544E+03  8.02115E-16
1.51356E+03  6.94960E-16
1.58489E+03  6.02062E-16
1.65959E+03  5.22581E-16
1.73780E+03  4.53229E-16
1.81970E+03  3.93805E-16
1.90546E+03  3.42208E-16
1.99526E+03  2.98695E-16
2.08930E+03  2.60448E-16
2.18776E+03  2.28052E-16
2.29087E+03  2.00071E-16
2.39883E+03  1.76086E-16
2.51189E+03  1.55645E-16
2.63027E+03  1.37952E-16
2.75423E+03  1.22930E-16
2.88403E+03  1.10061E-16
3.01995E+03  9.91745E-17
3.16228E+03  8.97601E-17
3.31131E+03  8.17435E-17
3.46737E+03  7.49595E-17
3.63078E+03  6.91701E-17
3.80189E+03  6.42780E-17
3.98107E+03  6.01430E-17
4.16869E+03  5.66717E-17
4.36516E+03  5.37501E-17
4.57088E+03  5.13097E-17
4.78630E+03  4.93053E-17
5.01187E+03  4.76418E-17
5.24807E+03  4.62878E-17
5.49541E+03  4.52074E-17
5.75440E+03  4.43661E-17
6.02560E+03  4.37249E-17
6.30957E+03  4.32657E-17
6.60693E+03  4.29638E-17
6.91831E+03  4.27959E-17
7.24436E+03  4.27523E-17
7.58577E+03  4.28190E-17
7.94328E+03  4.29795E-17
8.31763E+03  4.32286E-17
8.70963E+03  4.35563E-17
9.12010E+03  4.39553E-17
9.54993E+03  4.44201E-17
