#column 1 : lambda in microns
#column 2 : snu_eff in Jy / Lsun (in the cosmo of Planck 2013 XXX)
1.00000E+00  3.12426E-40
1.04713E+00  9.61666E-40
1.09648E+00  2.96562E-39
1.14815E+00  9.16261E-39
1.20226E+00  2.83614E-38
1.25893E+00  8.79480E-38
1.31826E+00  2.73215E-37
1.38038E+00  8.50251E-37
1.44544E+00  2.65054E-36
1.51356E+00  8.27645E-36
1.58489E+00  2.58854E-35
1.65959E+00  8.10862E-35
1.73780E+00  2.54385E-34
1.81970E+00  7.99218E-34
1.90546E+00  2.51443E-33
1.99526E+00  7.92112E-33
2.08930E+00  2.49851E-32
2.18776E+00  7.89035E-32
2.29087E+00  2.49462E-31
2.39883E+00  7.89548E-31
2.51189E+00  2.50145E-30
2.63027E+00  7.93270E-30
2.75423E+00  2.51791E-29
2.88403E+00  7.99879E-29
3.01995E+00  2.54303E-28
3.16228E+00  8.09097E-28
3.31131E+00  2.57601E-27
3.46737E+00  8.20681E-27
3.63078E+00  2.61616E-26
3.80189E+00  8.34439E-26
3.98107E+00  2.66288E-25
4.16869E+00  8.50193E-25
4.36516E+00  2.71567E-24
4.57088E+00  8.67795E-24
4.78630E+00  2.77413E-23
5.01187E+00  8.87136E-23
5.24807E+00  2.83788E-22
5.49541E+00  9.08101E-22
5.75440E+00  2.90667E-21
6.02560E+00  9.30612E-21
6.30957E+00  2.98021E-20
6.60693E+00  1.07548E-19
6.91831E+00  6.06165E-20
7.24436E+00  5.08434E-20
7.58578E+00  7.22881E-20
7.94328E+00  1.19006E-19
8.31764E+00  1.09406E-19
8.70964E+00  9.13472E-20
9.12011E+00  8.75292E-20
9.54992E+00  9.05376E-20
1.00000E+01  9.70833E-20
1.04713E+01  1.05394E-19
1.09648E+01  1.14134E-19
1.14815E+01  1.18988E-19
1.20226E+01  1.16258E-19
1.25893E+01  1.41604E-19
1.31826E+01  1.66527E-19
1.38038E+01  1.87283E-19
1.44544E+01  2.07838E-19
1.51356E+01  2.29944E-19
1.58489E+01  2.54238E-19
1.65959E+01  2.81840E-19
1.73780E+01  3.14614E-19
1.81970E+01  3.59521E-19
1.90546E+01  4.44666E-19
1.99526E+01  8.19868E-19
2.08930E+01  1.89814E-17
2.18776E+01  8.80624E-19
2.29087E+01  6.50928E-19
2.39883E+01  6.53437E-19
2.51189E+01  7.08597E-19
2.63027E+01  7.94692E-19
2.75423E+01  9.12053E-19
2.88403E+01  1.07305E-18
3.01995E+01  1.30291E-18
3.16228E+01  1.71144E-18
3.31131E+01  3.67146E-18
3.46737E+01  3.42734E-18
3.63078E+01  6.87502E-18
3.80189E+01  1.11971E-17
3.98107E+01  2.91062E-17
4.16869E+01  1.46374E-17
4.36516E+01  1.61923E-17
4.57088E+01  2.73110E-17
4.78630E+01  7.34461E-17
5.01187E+01  6.21258E-17
5.24807E+01  3.21860E-17
5.49541E+01  3.53139E-17
5.75440E+01  1.73324E-17
6.02560E+01  1.58464E-17
6.30957E+01  1.66849E-17
6.60693E+01  1.96145E-17
6.91831E+01  3.32162E-17
7.24436E+01  6.35803E-17
7.58578E+01  5.31679E-17
7.94328E+01  6.85570E-17
8.31764E+01  4.24442E-17
8.70963E+01  3.99790E-17
9.12011E+01  3.92722E-17
9.54992E+01  4.21355E-17
1.00000E+02  4.97530E-17
1.04713E+02  6.83830E-17
1.09648E+02  7.81139E-17
1.14815E+02  7.15706E-17
1.20226E+02  7.82824E-17
1.25893E+02  8.14557E-17
1.31826E+02  8.81548E-17
1.38038E+02  9.67909E-17
1.44544E+02  1.07722E-16
1.51356E+02  1.22468E-16
1.58489E+02  1.42146E-16
1.65959E+02  1.68677E-16
1.73780E+02  2.04786E-16
1.81970E+02  2.52899E-16
1.90546E+02  3.15052E-16
1.99526E+02  3.90292E-16
2.08930E+02  4.75057E-16
2.18776E+02  5.64646E-16
2.29087E+02  6.53489E-16
2.39883E+02  7.38862E-16
2.51189E+02  8.20145E-16
2.63027E+02  8.97842E-16
2.75423E+02  9.73089E-16
2.88403E+02  1.04786E-15
3.01995E+02  1.12152E-15
3.16228E+02  1.19419E-15
3.31131E+02  1.26502E-15
3.46737E+02  1.33312E-15
3.63078E+02  1.39489E-15
3.80189E+02  1.45013E-15
3.98107E+02  1.50178E-15
4.16869E+02  1.53969E-15
4.36516E+02  1.56968E-15
4.57088E+02  1.59005E-15
4.78630E+02  1.59552E-15
5.01187E+02  1.58811E-15
5.24807E+02  1.57336E-15
5.49541E+02  1.54588E-15
5.75440E+02  1.51142E-15
6.02560E+02  1.46438E-15
6.30957E+02  1.41330E-15
6.60693E+02  1.35508E-15
6.91831E+02  1.29126E-15
7.24436E+02  1.22694E-15
7.58577E+02  1.16385E-15
7.94328E+02  1.10222E-15
8.31763E+02  1.04686E-15
8.70963E+02  9.86421E-16
9.12011E+02  9.05889E-16
9.54993E+02  8.17259E-16
1.00000E+03  7.36510E-16
1.04713E+03  6.63514E-16
1.09648E+03  5.96237E-16
1.14815E+03  5.34815E-16
1.20226E+03  4.77748E-16
1.25893E+03  4.26195E-16
1.31826E+03  3.78767E-16
1.38038E+03  3.35853E-16
1.44544E+03  2.96887E-16
1.51356E+03  2.61503E-16
1.58489E+03  2.28763E-16
1.65959E+03  1.98346E-16
1.73780E+03  1.71675E-16
1.81970E+03  1.48521E-16
1.90546E+03  1.28356E-16
1.99526E+03  1.10689E-16
2.08930E+03  9.53698E-17
2.18776E+03  8.20531E-17
2.29087E+03  7.07358E-17
2.39883E+03  6.08713E-17
2.51189E+03  5.23351E-17
2.63027E+03  4.50296E-17
2.75423E+03  3.87244E-17
2.88403E+03  3.33057E-17
3.01995E+03  2.86540E-17
3.16228E+03  2.46371E-17
3.31131E+03  2.12025E-17
3.46737E+03  1.82492E-17
3.63078E+03  1.57262E-17
3.80189E+03  1.35613E-17
3.98107E+03  1.17059E-17
4.16869E+03  1.01111E-17
4.36516E+03  8.74980E-18
4.57088E+03  7.58639E-18
4.78630E+03  6.57816E-18
5.01187E+03  5.71322E-18
5.24807E+03  4.97396E-18
5.49541E+03  4.33598E-18
5.75440E+03  3.78608E-18
6.02560E+03  3.31547E-18
6.30957E+03  2.91398E-18
6.60693E+03  2.56887E-18
6.91831E+03  2.27372E-18
7.24436E+03  2.02373E-18
7.58577E+03  1.80915E-18
7.94328E+03  1.62976E-18
8.31763E+03  1.47267E-18
8.70963E+03  1.34240E-18
9.12010E+03  1.23076E-18
9.54993E+03  1.13984E-18
