#column 1 : lambda in microns
#column 2 : snu_eff in Jy / Lsun (in the cosmo of Planck 2013 XXX)
1.00000E+00  1.47716E-33
1.04713E+00  4.67072E-33
1.09648E+00  1.47813E-32
1.14815E+00  4.68162E-32
1.20226E+00  1.48394E-31
1.25893E+00  4.70715E-31
1.31826E+00  1.49417E-30
1.38038E+00  4.74604E-30
1.44544E+00  1.50845E-29
1.51356E+00  4.79719E-29
1.58489E+00  1.52645E-28
1.65959E+00  4.85971E-28
1.73780E+00  1.54792E-27
1.81970E+00  4.93278E-27
1.90546E+00  1.57263E-26
1.99526E+00  5.01578E-26
2.08930E+00  1.60037E-25
2.18776E+00  5.10814E-25
2.29087E+00  1.63101E-24
2.39883E+00  5.20941E-24
2.51189E+00  1.66439E-23
2.63027E+00  5.31922E-23
2.75423E+00  1.70043E-22
2.88403E+00  5.43727E-22
3.01995E+00  1.73904E-21
3.16228E+00  5.56335E-21
3.31131E+00  1.78015E-20
3.46737E+00  5.69722E-20
3.63078E+00  1.92732E-19
3.80189E+00  3.07524E-19
3.98107E+00  1.75076E-19
4.16869E+00  1.97502E-19
4.36516E+00  3.27380E-19
4.57088E+00  4.14449E-19
4.78630E+00  3.36236E-19
5.01187E+00  3.02033E-19
5.24807E+00  3.02893E-19
5.49541E+00  3.20135E-19
5.75440E+00  3.46338E-19
6.02560E+00  3.76204E-19
6.30957E+00  4.02210E-19
6.60693E+00  4.00318E-19
6.91831E+00  4.33464E-19
7.24436E+00  5.30135E-19
7.58578E+00  6.05307E-19
7.94328E+00  6.75484E-19
8.31764E+00  7.48098E-19
8.70964E+00  8.27111E-19
9.12011E+00  9.14321E-19
9.54992E+00  1.01492E-18
1.00000E+01  1.14218E-18
1.04713E+01  1.33867E-18
1.09648E+01  1.85567E-18
1.14815E+01  8.62803E-18
1.20226E+01  6.12647E-18
1.25893E+01  2.37918E-18
1.31826E+01  2.15613E-18
1.38038E+01  2.25545E-18
1.44544E+01  2.47422E-18
1.51356E+01  2.78844E-18
1.58489E+01  3.21335E-18
1.65959E+01  3.80443E-18
1.73780E+01  4.73305E-18
1.81970E+01  7.23709E-18
1.90546E+01  1.06750E-17
1.99526E+01  1.77145E-17
2.08930E+01  2.18647E-17
2.18776E+01  1.16380E-16
2.29087E+01  4.86441E-17
2.39883E+01  5.18920E-17
2.51189E+01  6.43743E-17
2.63027E+01  1.43179E-16
2.75423E+01  2.47841E-16
2.88403E+01  1.26601E-16
3.01995E+01  1.24198E-16
3.16228E+01  6.89021E-17
3.31131E+01  5.02823E-17
3.46737E+01  4.95412E-17
3.63078E+01  5.47631E-17
3.80189E+01  7.25287E-17
3.98107E+01  3.07569E-16
4.16869E+01  1.47124E-16
4.36516E+01  1.62927E-16
4.57088E+01  1.63107E-16
4.78630E+01  1.43602E-16
5.01187E+01  1.26482E-16
5.24807E+01  1.21660E-16
5.49541E+01  1.36510E-16
5.75440E+01  1.74351E-16
6.02560E+01  2.22192E-16
6.30957E+01  2.15545E-16
6.60693E+01  2.17317E-16
6.91831E+01  2.29090E-16
7.24436E+01  2.43929E-16
7.58578E+01  2.64420E-16
7.94328E+01  2.90627E-16
8.31764E+01  3.24286E-16
8.70963E+01  3.68528E-16
9.12011E+01  4.26671E-16
9.54992E+01  5.04540E-16
1.00000E+02  6.07865E-16
1.04713E+02  7.40359E-16
1.09648E+02  9.05101E-16
1.14815E+02  1.09777E-15
1.20226E+02  1.30987E-15
1.25893E+02  1.53223E-15
1.31826E+02  1.75884E-15
1.38038E+02  1.98668E-15
1.44544E+02  2.21668E-15
1.51356E+02  2.45331E-15
1.58489E+02  2.69790E-15
1.65959E+02  2.95286E-15
1.73780E+02  3.21971E-15
1.81970E+02  3.49465E-15
1.90546E+02  3.77375E-15
1.99526E+02  4.05445E-15
2.08930E+02  4.33073E-15
2.18776E+02  4.59746E-15
2.29087E+02  4.84541E-15
2.39883E+02  5.07001E-15
2.51189E+02  5.26514E-15
2.63027E+02  5.42975E-15
2.75423E+02  5.55285E-15
2.88403E+02  5.63793E-15
3.01995E+02  5.67956E-15
3.16228E+02  5.68228E-15
3.31131E+02  5.64508E-15
3.46737E+02  5.56937E-15
3.63078E+02  5.45875E-15
3.80189E+02  5.31649E-15
3.98107E+02  5.15242E-15
4.16869E+02  4.97810E-15
4.36516E+02  4.80173E-15
4.57088E+02  4.62952E-15
4.78630E+02  4.46557E-15
5.01187E+02  4.22590E-15
5.24807E+02  3.88342E-15
5.49541E+02  3.54539E-15
5.75440E+02  3.23098E-15
6.02560E+02  2.94261E-15
6.30957E+02  2.67317E-15
6.60693E+02  2.42308E-15
6.91831E+02  2.18638E-15
7.24436E+02  1.96549E-15
7.58577E+02  1.76204E-15
7.94328E+02  1.57309E-15
8.31763E+02  1.40049E-15
8.70963E+02  1.24099E-15
9.12011E+02  1.08958E-15
9.54993E+02  9.50637E-16
1.00000E+03  8.27809E-16
1.04713E+03  7.20832E-16
1.09648E+03  6.26056E-16
1.14815E+03  5.43213E-16
1.20226E+03  4.70626E-16
1.25893E+03  4.07431E-16
1.31826E+03  3.52274E-16
1.38038E+03  3.04403E-16
1.44544E+03  2.62949E-16
1.51356E+03  2.26927E-16
1.58489E+03  1.95861E-16
1.65959E+03  1.69047E-16
1.73780E+03  1.45789E-16
1.81970E+03  1.25761E-16
1.90546E+03  1.08513E-16
1.99526E+03  9.36158E-17
2.08930E+03  8.07994E-17
2.18776E+03  6.97644E-17
2.29087E+03  6.02625E-17
2.39883E+03  5.21241E-17
2.51189E+03  4.50891E-17
2.63027E+03  3.90290E-17
2.75423E+03  3.38241E-17
2.88403E+03  2.93351E-17
3.01995E+03  2.54577E-17
3.16228E+03  2.21182E-17
3.31131E+03  1.92373E-17
3.46737E+03  1.67553E-17
3.63078E+03  1.46411E-17
3.80189E+03  1.28106E-17
3.98107E+03  1.12473E-17
4.16869E+03  9.90145E-18
4.36516E+03  8.76954E-18
4.57088E+03  7.78324E-18
4.78630E+03  6.95211E-18
5.01187E+03  6.23828E-18
5.24807E+03  5.63133E-18
5.49541E+03  5.11802E-18
5.75440E+03  4.67718E-18
6.02560E+03  4.30669E-18
6.30957E+03  3.99279E-18
6.60693E+03  3.73034E-18
6.91831E+03  3.50695E-18
7.24436E+03  3.31982E-18
7.58577E+03  3.16518E-18
7.94328E+03  3.03618E-18
8.31763E+03  2.93067E-18
8.70963E+03  2.84504E-18
9.12010E+03  2.77664E-18
9.54993E+03  2.72263E-18
