#column 1 : lambda in microns
#column 2 : snu_eff in Jy / Lsun (in the cosmo of Planck 2013 XXX)
1.00000E+00  5.85608E-18
1.04713E+00  1.82867E-17
1.09648E+00  5.71077E-17
1.14815E+00  2.03244E-16
1.20226E+00  1.81356E-16
1.25893E+00  1.27398E-16
1.31826E+00  1.61788E-16
1.38038E+00  2.74637E-16
1.44544E+00  2.92054E-16
1.51356E+00  2.39086E-16
1.58489E+00  2.23105E-16
1.65959E+00  2.28129E-16
1.73780E+00  2.43423E-16
1.81970E+00  2.63987E-16
1.90546E+00  2.86376E-16
1.99526E+00  3.03308E-16
2.08930E+00  2.96886E-16
2.18776E+00  3.43616E-16
2.29087E+00  4.10438E-16
2.39883E+00  4.63783E-16
2.51189E+00  5.15608E-16
2.63027E+00  5.69883E-16
2.75423E+00  6.29241E-16
2.88403E+00  6.95044E-16
3.01995E+00  7.71327E-16
3.16228E+00  8.70487E-16
3.31131E+00  1.03933E-15
3.46737E+00  1.59550E-15
3.63078E+00  2.33298E-14
3.80189E+00  2.81207E-15
3.98107E+00  1.62453E-15
4.16869E+00  1.54433E-15
4.36516E+00  1.62217E-15
4.57088E+00  1.77003E-15
4.78630E+00  1.97650E-15
5.01187E+00  2.25799E-15
5.24807E+00  2.66427E-15
5.49541E+00  3.36255E-15
5.75440E+00  6.18501E-15
6.02560E+00  6.89486E-15
6.30957E+00  1.56950E-14
6.60693E+00  1.81352E-14
6.91831E+00  1.03175E-13
7.24436E+00  3.13300E-14
7.58578E+00  3.51396E-14
7.94328E+00  5.09763E-14
8.31764E+00  1.31841E-13
8.70964E+00  1.64920E-13
9.12011E+00  7.42767E-14
9.54992E+00  9.19726E-14
1.00000E+01  3.85311E-14
1.04713E+01  3.09625E-14
1.09648E+01  3.08896E-14
1.14815E+01  3.49566E-14
1.20226E+01  5.23369E-14
1.25893E+01  2.01563E-13
1.31826E+01  1.03275E-13
1.38038E+01  1.20788E-13
1.44544E+01  8.67364E-14
1.51356E+01  8.15944E-14
1.58489E+01  7.35609E-14
1.65959E+01  7.07489E-14
1.73780E+01  7.96029E-14
1.81970E+01  1.21708E-13
1.90546E+01  1.25134E-13
1.99526E+01  1.11778E-13
2.08930E+01  1.15949E-13
2.18776E+01  1.15240E-13
2.29087E+01  1.20780E-13
2.39883E+01  1.28669E-13
2.51189E+01  1.38803E-13
2.63027E+01  1.52058E-13
2.75423E+01  1.69093E-13
2.88403E+01  1.90777E-13
3.01995E+01  2.18146E-13
3.16228E+01  2.51990E-13
3.31131E+01  2.92494E-13
3.46737E+01  3.38289E-13
3.63078E+01  3.87899E-13
3.80189E+01  4.39846E-13
3.98107E+01  4.93986E-13
4.16869E+01  5.50561E-13
4.36516E+01  6.11375E-13
4.57088E+01  6.79038E-13
4.78630E+01  7.55464E-13
5.01187E+01  8.42815E-13
5.24807E+01  9.43198E-13
5.49541E+01  1.05722E-12
5.75440E+01  1.18634E-12
6.02560E+01  1.33008E-12
6.30957E+01  1.48793E-12
6.60693E+01  1.65971E-12
6.91831E+01  1.84229E-12
7.24436E+01  2.03465E-12
7.58578E+01  2.23226E-12
7.94328E+01  2.43278E-12
8.31764E+01  2.63393E-12
8.70963E+01  2.82774E-12
9.12011E+01  3.01163E-12
9.54992E+01  3.18431E-12
1.00000E+02  3.34076E-12
1.04713E+02  3.47867E-12
1.09648E+02  3.59392E-12
1.14815E+02  3.68633E-12
1.20226E+02  3.75673E-12
1.25893E+02  3.80673E-12
1.31826E+02  3.84565E-12
1.38038E+02  3.87537E-12
1.44544E+02  3.90923E-12
1.51356E+02  3.92791E-12
1.58489E+02  3.83373E-12
1.65959E+02  3.63798E-12
1.73780E+02  3.43033E-12
1.81970E+02  3.23159E-12
1.90546E+02  3.03834E-12
1.99526E+02  2.84475E-12
2.08930E+02  2.65336E-12
2.18776E+02  2.46287E-12
2.29087E+02  2.27442E-12
2.39883E+02  2.09230E-12
2.51189E+02  1.91395E-12
2.63027E+02  1.74435E-12
2.75423E+02  1.57853E-12
2.88403E+02  1.41315E-12
3.01995E+02  1.25854E-12
3.16228E+02  1.11867E-12
3.31131E+02  9.91088E-13
3.46737E+02  8.76121E-13
3.63078E+02  7.72828E-13
3.80189E+02  6.80213E-13
3.98107E+02  5.97189E-13
4.16869E+02  5.23823E-13
4.36516E+02  4.58595E-13
4.57088E+02  4.00856E-13
4.78630E+02  3.50124E-13
5.01187E+02  3.05516E-13
5.24807E+02  2.66135E-13
5.49541E+02  2.31788E-13
5.75440E+02  2.01679E-13
6.02560E+02  1.75287E-13
6.30957E+02  1.52368E-13
6.60693E+02  1.32331E-13
6.91831E+02  1.14927E-13
7.24436E+02  9.97474E-14
7.58577E+02  8.66341E-14
7.94328E+02  7.51843E-14
8.31763E+02  6.52237E-14
8.70963E+02  5.65833E-14
9.12011E+02  4.90718E-14
9.54993E+02  4.25411E-14
1.00000E+03  3.68440E-14
1.04713E+03  3.19139E-14
1.09648E+03  2.76471E-14
1.14815E+03  2.39800E-14
1.20226E+03  2.07465E-14
1.25893E+03  1.80322E-14
1.31826E+03  1.56347E-14
1.38038E+03  1.35916E-14
1.44544E+03  1.18384E-14
1.51356E+03  1.03332E-14
1.58489E+03  9.02639E-15
1.65959E+03  7.91661E-15
1.73780E+03  6.95237E-15
1.81970E+03  6.13088E-15
1.90546E+03  5.43096E-15
1.99526E+03  4.82625E-15
2.08930E+03  4.31226E-15
2.18776E+03  3.87069E-15
2.29087E+03  3.49342E-15
2.39883E+03  3.17345E-15
2.51189E+03  2.89892E-15
2.63027E+03  2.66653E-15
2.75423E+03  2.46882E-15
2.88403E+03  2.30163E-15
3.01995E+03  2.16104E-15
3.16228E+03  2.04279E-15
3.31131E+03  1.94350E-15
3.46737E+03  1.86088E-15
3.63078E+03  1.79275E-15
3.80189E+03  1.73718E-15
3.98107E+03  1.69210E-15
4.16869E+03  1.65677E-15
4.36516E+03  1.62956E-15
4.57088E+03  1.60938E-15
4.78630E+03  1.59548E-15
5.01187E+03  1.58708E-15
5.24807E+03  1.58351E-15
5.49541E+03  1.58425E-15
5.75440E+03  1.58882E-15
6.02560E+03  1.59684E-15
6.30957E+03  1.60796E-15
6.60693E+03  1.62188E-15
6.91831E+03  1.63842E-15
7.24436E+03  1.65732E-15
7.58577E+03  1.67848E-15
7.94328E+03  1.70169E-15
8.31763E+03  1.72687E-15
8.70963E+03  1.75393E-15
9.12010E+03  1.78281E-15
9.54993E+03  1.81345E-15
