#column 1 : lambda in microns
#column 2 : snu_eff in Jy / Lsun (in the cosmo of Planck 2013 XXX)
1.00000E+00  5.13644E-23
1.04713E+00  1.60705E-22
1.09648E+00  5.02871E-22
1.14815E+00  1.57377E-21
1.20226E+00  4.92590E-21
1.25893E+00  1.54201E-20
1.31826E+00  4.82775E-20
1.38038E+00  1.51168E-19
1.44544E+00  4.73401E-19
1.51356E+00  1.48270E-18
1.58489E+00  4.91124E-18
1.65959E+00  7.80742E-18
1.73780E+00  4.49088E-18
1.81970E+00  5.06779E-18
1.90546E+00  8.34794E-18
1.99526E+00  1.05525E-17
2.08930E+00  8.60376E-18
2.18776E+00  7.76140E-18
2.29087E+00  7.80209E-18
2.39883E+00  8.25537E-18
2.51189E+00  8.93511E-18
2.63027E+00  9.70892E-18
2.75423E+00  1.03872E-17
2.88403E+00  1.03628E-17
3.01995E+00  1.12193E-17
3.16228E+00  1.36779E-17
3.31131E+00  1.55946E-17
3.46737E+00  1.73876E-17
3.63078E+00  1.92363E-17
3.80189E+00  2.12454E-17
3.98107E+00  2.34536E-17
4.16869E+00  2.59934E-17
4.36516E+00  2.91891E-17
4.57088E+00  3.41028E-17
4.78630E+00  4.70340E-17
5.01187E+00  2.16913E-16
5.24807E+00  1.53952E-16
5.49541E+00  5.96760E-17
5.75440E+00  5.37314E-17
6.02560E+00  5.57061E-17
6.30957E+00  6.04826E-17
6.60693E+00  6.73760E-17
6.91831E+00  7.67504E-17
7.24436E+00  8.98855E-17
7.58578E+00  1.10987E-16
7.94328E+00  1.70722E-16
8.31764E+00  2.52996E-16
8.70964E+00  4.23562E-16
9.12011E+00  5.21600E-16
9.54992E+00  2.84714E-15
1.00000E+01  1.16872E-15
1.04713E+01  1.23983E-15
1.09648E+01  1.53535E-15
1.14815E+01  3.44379E-15
1.20226E+01  5.96696E-15
1.25893E+01  3.01051E-15
1.31826E+01  2.94482E-15
1.38038E+01  1.59559E-15
1.44544E+01  1.13511E-15
1.51356E+01  1.09984E-15
1.58489E+01  1.20619E-15
1.65959E+01  1.61492E-15
1.73780E+01  7.26090E-15
1.81970E+01  3.35613E-15
1.90546E+01  3.69546E-15
1.99526E+01  3.65401E-15
2.08930E+01  3.14757E-15
2.18776E+01  2.69906E-15
2.29087E+01  2.53033E-15
2.39883E+01  2.79558E-15
2.51189E+01  3.54806E-15
2.63027E+01  4.48580E-15
2.75423E+01  4.22362E-15
2.88403E+01  4.15046E-15
3.01995E+01  4.29213E-15
3.16228E+01  4.49592E-15
3.31131E+01  4.79837E-15
3.46737E+01  5.19040E-15
3.63078E+01  5.69117E-15
3.80189E+01  6.33906E-15
3.98107E+01  7.16431E-15
4.16869E+01  8.22324E-15
4.36516E+01  9.55453E-15
4.57088E+01  1.11626E-14
4.78630E+01  1.30434E-14
5.01187E+01  1.51317E-14
5.24807E+01  1.73503E-14
5.49541E+01  1.96557E-14
5.75440E+01  2.20568E-14
6.02560E+01  2.45865E-14
6.30957E+01  2.73123E-14
6.60693E+01  3.03375E-14
6.91831E+01  3.37142E-14
7.24436E+01  3.75034E-14
7.58578E+01  4.17677E-14
7.94328E+01  4.65013E-14
8.31764E+01  5.16842E-14
8.70963E+01  5.73073E-14
9.12011E+01  6.33140E-14
9.54992E+01  6.96264E-14
1.00000E+02  7.61381E-14
1.04713E+02  8.27516E-14
1.09648E+02  8.93200E-14
1.14815E+02  9.57678E-14
1.20226E+02  1.01861E-13
1.25893E+02  1.07503E-13
1.31826E+02  1.12627E-13
1.38038E+02  1.17115E-13
1.44544E+02  1.20880E-13
1.51356E+02  1.23847E-13
1.58489E+02  1.25983E-13
1.65959E+02  1.27283E-13
1.73780E+02  1.27906E-13
1.81970E+02  1.28089E-13
1.90546E+02  1.27919E-13
1.99526E+02  1.27822E-13
2.08930E+02  1.27609E-13
2.18776E+02  1.24694E-13
2.29087E+02  1.17933E-13
2.39883E+02  1.10544E-13
2.51189E+02  1.03446E-13
2.63027E+02  9.66538E-14
2.75423E+02  9.00219E-14
2.88403E+02  8.35783E-14
3.01995E+02  7.71931E-14
3.16228E+02  7.09690E-14
3.31131E+02  6.49901E-14
3.46737E+02  5.92265E-14
3.63078E+02  5.37667E-14
3.80189E+02  4.85359E-14
3.98107E+02  4.33934E-14
4.16869E+02  3.85016E-14
4.36516E+02  3.40845E-14
4.57088E+02  3.01334E-14
4.78630E+02  2.65569E-14
5.01187E+02  2.33512E-14
5.24807E+02  2.04965E-14
5.49541E+02  1.79617E-14
5.75440E+02  1.57098E-14
6.02560E+02  1.37210E-14
6.30957E+02  1.19732E-14
6.60693E+02  1.04311E-14
6.91831E+02  9.08292E-15
7.24436E+02  7.90406E-15
7.58577E+02  6.86840E-15
7.94328E+02  5.96745E-15
8.31763E+02  5.18056E-15
8.70963E+02  4.49615E-15
9.12011E+02  3.89998E-15
9.54993E+02  3.38272E-15
1.00000E+03  2.93344E-15
1.04713E+03  2.54501E-15
1.09648E+03  2.20693E-15
1.14815E+03  1.91337E-15
1.20226E+03  1.65946E-15
1.25893E+03  1.43875E-15
1.31826E+03  1.24686E-15
1.38038E+03  1.08044E-15
1.44544E+03  9.36057E-16
1.51356E+03  8.10839E-16
1.58489E+03  7.03681E-16
1.65959E+03  6.10157E-16
1.73780E+03  5.30001E-16
1.81970E+03  4.60390E-16
1.90546E+03  4.01678E-16
1.99526E+03  3.50047E-16
2.08930E+03  3.06314E-16
2.18776E+03  2.68529E-16
2.29087E+03  2.36134E-16
2.39883E+03  2.08517E-16
2.51189E+03  1.84608E-16
2.63027E+03  1.64302E-16
2.75423E+03  1.46902E-16
2.88403E+03  1.32177E-16
3.01995E+03  1.19438E-16
3.16228E+03  1.08587E-16
3.31131E+03  9.93989E-17
3.46737E+03  9.15538E-17
3.63078E+03  8.49197E-17
3.80189E+03  7.93076E-17
3.98107E+03  7.45914E-17
4.16869E+03  7.06180E-17
4.36516E+03  6.72930E-17
4.57088E+03  6.45567E-17
4.78630E+03  6.22801E-17
5.01187E+03  6.04206E-17
5.24807E+03  5.89299E-17
5.49541E+03  5.77614E-17
5.75440E+03  5.68621E-17
6.02560E+03  5.62077E-17
6.30957E+03  5.57648E-17
6.60693E+03  5.55018E-17
6.91831E+03  5.54054E-17
7.24436E+03  5.54569E-17
7.58577E+03  5.56339E-17
7.94328E+03  5.59293E-17
8.31763E+03  5.63294E-17
8.70963E+03  5.68245E-17
9.12010E+03  5.74072E-17
9.54993E+03  5.80707E-17
