#column 1 : lambda in microns
#column 2 : snu_eff in Jy / Lsun (in the cosmo of Planck 2013 XXX)
1.00000E+00  1.06501E-31
1.04713E+00  3.36256E-31
1.09648E+00  1.06234E-30
1.14815E+00  3.35834E-30
1.20226E+00  1.06228E-29
1.25893E+00  3.36197E-29
1.31826E+00  1.06459E-28
1.38038E+00  3.37286E-28
1.44544E+00  1.06912E-27
1.51356E+00  3.39046E-27
1.58489E+00  1.07569E-26
1.65959E+00  3.41435E-26
1.73780E+00  1.08419E-25
1.81970E+00  3.44412E-25
1.90546E+00  1.09450E-24
1.99526E+00  3.47949E-24
2.08930E+00  1.10654E-23
2.18776E+00  3.52018E-23
2.29087E+00  1.12022E-22
2.39883E+00  3.56598E-22
2.51189E+00  1.13549E-21
2.63027E+00  3.61672E-21
2.75423E+00  1.15231E-20
2.88403E+00  3.67228E-20
3.01995E+00  1.17062E-19
3.16228E+00  4.24391E-19
3.31131E+00  3.77516E-19
3.46737E+00  2.63146E-19
3.63078E+00  3.34840E-19
3.80189E+00  5.71708E-19
3.98107E+00  6.07480E-19
4.16869E+00  4.94915E-19
4.36516E+00  4.60244E-19
4.57088E+00  4.69744E-19
4.78630E+00  5.00760E-19
5.01187E+00  5.43025E-19
5.24807E+00  5.88834E-19
5.49541E+00  6.23290E-19
5.75440E+00  6.08532E-19
6.02560E+00  7.05635E-19
6.30957E+00  8.44852E-19
6.60693E+00  9.55884E-19
6.91831E+00  1.06357E-18
7.24436E+00  1.17673E-18
7.58578E+00  1.30096E-18
7.94328E+00  1.43898E-18
8.31764E+00  1.59969E-18
8.70964E+00  1.80997E-18
9.12011E+00  2.16857E-18
9.54992E+00  3.34796E-18
1.00000E+01  4.92813E-17
1.04713E+01  5.93897E-18
1.09648E+01  3.44745E-18
1.14815E+01  3.30454E-18
1.20226E+01  3.50700E-18
1.25893E+01  3.87206E-18
1.31826E+01  4.37915E-18
1.38038E+01  5.06787E-18
1.44544E+01  6.04679E-18
1.51356E+01  7.68078E-18
1.58489E+01  1.38903E-17
1.65959E+01  1.56320E-17
1.73780E+01  3.47742E-17
1.81970E+01  4.03736E-17
1.90546E+01  2.24056E-16
1.99526E+01  6.97505E-17
2.08930E+01  7.85902E-17
2.18776E+01  1.13732E-16
2.29087E+01  2.91172E-16
2.39883E+01  3.65148E-16
2.51189E+01  1.67144E-16
2.63027E+01  2.06639E-16
2.75423E+01  9.00394E-17
2.88403E+01  7.43702E-17
3.01995E+01  7.54820E-17
3.16228E+01  8.58052E-17
3.31131E+01  1.25328E-16
3.46737E+01  4.55151E-16
3.63078E+01  2.41287E-16
3.80189E+01  2.82905E-16
3.98107E+01  2.09742E-16
4.16869E+01  2.01075E-16
4.36516E+01  1.86247E-16
4.57088E+01  1.84157E-16
4.78630E+01  2.10518E-16
5.01187E+01  3.18215E-16
5.24807E+01  3.35617E-16
5.49541E+01  3.12581E-16
5.75440E+01  3.32159E-16
6.02560E+01  3.39078E-16
6.30957E+01  3.62197E-16
6.60693E+01  3.92999E-16
6.91831E+01  4.32074E-16
7.24436E+01  4.82975E-16
7.58578E+01  5.49295E-16
7.94328E+01  6.36106E-16
8.31764E+01  7.50035E-16
8.70963E+01  8.98211E-16
9.12011E+01  1.08602E-15
9.54992E+01  1.31144E-15
1.00000E+02  1.56880E-15
1.04713E+02  1.84733E-15
1.09648E+02  2.13879E-15
1.14815E+02  2.43556E-15
1.20226E+02  2.73800E-15
1.25893E+02  3.05127E-15
1.31826E+02  3.37839E-15
1.38038E+02  3.72390E-15
1.44544E+02  4.09163E-15
1.51356E+02  4.47927E-15
1.58489E+02  4.88611E-15
1.65959E+02  5.30475E-15
1.73780E+02  5.73134E-15
1.81970E+02  6.15808E-15
1.90546E+02  6.57232E-15
1.99526E+02  6.96860E-15
2.08930E+02  7.33608E-15
2.18776E+02  7.66697E-15
2.29087E+02  7.95298E-15
2.39883E+02  8.18331E-15
2.51189E+02  8.35527E-15
2.63027E+02  8.47026E-15
2.75423E+02  8.52494E-15
2.88403E+02  8.51941E-15
3.01995E+02  8.45293E-15
3.16228E+02  8.33520E-15
3.31131E+02  8.16310E-15
3.46737E+02  7.96453E-15
3.63078E+02  7.74396E-15
3.80189E+02  7.51589E-15
3.98107E+02  7.30558E-15
4.16869E+02  7.08100E-15
4.36516E+02  6.68484E-15
4.57088E+02  6.15925E-15
4.78630E+02  5.64421E-15
5.01187E+02  5.17223E-15
5.24807E+02  4.73426E-15
5.49541E+02  4.31785E-15
5.75440E+02  3.92709E-15
6.02560E+02  3.55769E-15
6.30957E+02  3.21031E-15
6.60693E+02  2.88785E-15
6.91831E+02  2.58678E-15
7.24436E+02  2.30998E-15
7.58577E+02  2.05045E-15
7.94328E+02  1.80144E-15
8.31763E+02  1.57662E-15
8.70963E+02  1.37791E-15
9.12011E+02  1.20143E-15
9.54993E+02  1.04647E-15
1.00000E+03  9.10188E-16
1.04713E+03  7.90529E-16
1.09648E+03  6.85407E-16
1.14815E+03  5.94134E-16
1.20226E+03  5.14466E-16
1.25893E+03  4.45014E-16
1.31826E+03  3.84907E-16
1.38038E+03  3.32794E-16
1.44544E+03  2.87530E-16
1.51356E+03  2.48422E-16
1.58489E+03  2.14566E-16
1.65959E+03  1.85312E-16
1.73780E+03  1.60089E-16
1.81970E+03  1.38278E-16
1.90546E+03  1.19497E-16
1.99526E+03  1.03276E-16
2.08930E+03  8.94007E-17
2.18776E+03  7.73535E-17
2.29087E+03  6.69732E-17
2.39883E+03  5.80323E-17
2.51189E+03  5.03143E-17
2.63027E+03  4.36446E-17
2.75423E+03  3.78750E-17
2.88403E+03  3.29054E-17
3.01995E+03  2.86259E-17
3.16228E+03  2.49810E-17
3.31131E+03  2.17780E-17
3.46737E+03  1.91071E-17
3.63078E+03  1.67628E-17
3.80189E+03  1.47762E-17
3.98107E+03  1.30786E-17
4.16869E+03  1.16293E-17
4.36516E+03  1.03798E-17
4.57088E+03  9.32703E-18
4.78630E+03  8.41736E-18
5.01187E+03  7.64880E-18
5.24807E+03  6.99968E-18
5.49541E+03  6.44411E-18
5.75440E+03  5.97664E-18
6.02560E+03  5.58050E-18
6.30957E+03  5.24666E-18
6.60693E+03  4.96839E-18
6.91831E+03  4.73477E-18
7.24436E+03  4.54161E-18
7.58577E+03  4.38269E-18
7.94328E+03  4.25341E-18
8.31763E+03  4.14989E-18
8.70963E+03  4.06878E-18
9.12010E+03  4.00625E-18
9.54993E+03  3.96042E-18
