#column 1 : lambda in microns
#column 2 : snu_eff in Jy / Lsun (in the cosmo of Planck 2013 XXX)
1.00000E+00  2.22211E-19
1.04713E+00  6.93893E-19
1.09648E+00  2.16698E-18
1.14815E+00  6.76786E-18
1.20226E+00  2.11389E-17
1.25893E+00  7.47853E-17
1.31826E+00  4.26066E-17
1.38038E+00  3.60048E-17
1.44544E+00  5.09179E-17
1.51356E+00  8.33687E-17
1.58489E+00  7.68536E-17
1.65959E+00  6.45409E-17
1.73780E+00  6.20828E-17
1.81970E+00  6.43559E-17
1.90546E+00  6.90738E-17
1.99526E+00  7.50084E-17
2.08930E+00  8.12108E-17
2.18776E+00  8.47714E-17
2.29087E+00  8.30867E-17
2.39883E+00  1.00974E-16
2.51189E+00  1.18224E-16
2.63027E+00  1.32752E-16
2.75423E+00  1.47259E-16
2.88403E+00  1.62656E-16
3.01995E+00  1.79592E-16
3.16228E+00  1.98541E-16
3.31131E+00  2.20934E-16
3.46737E+00  2.51412E-16
3.63078E+00  3.09006E-16
3.80189E+00  5.65518E-16
3.98107E+00  1.30278E-14
4.16869E+00  6.01509E-16
4.36516E+00  4.39052E-16
4.57088E+00  4.33782E-16
4.78630E+00  4.61657E-16
5.01187E+00  5.07155E-16
5.24807E+00  5.69823E-16
5.49541E+00  6.56018E-16
5.75440E+00  7.83013E-16
6.02560E+00  1.02376E-15
6.30957E+00  2.29799E-15
6.60693E+00  2.07756E-15
6.91831E+00  4.31494E-15
7.24436E+00  7.11004E-15
7.58578E+00  1.88412E-14
7.94328E+00  9.14729E-15
8.31764E+00  1.00331E-14
8.70964E+00  1.71213E-14
9.12011E+00  4.67464E-14
9.54992E+00  3.91100E-14
1.00000E+01  1.97045E-14
1.04713E+01  2.15317E-14
1.09648E+01  9.80228E-15
1.14815E+01  8.59751E-15
1.20226E+01  8.85604E-15
1.25893E+01  1.04416E-14
1.31826E+01  1.88826E-14
1.38038E+01  3.77275E-14
1.44544E+01  3.07583E-14
1.51356E+01  3.98264E-14
1.58489E+01  2.29184E-14
1.65959E+01  2.08133E-14
1.73780E+01  1.96544E-14
1.81970E+01  2.04006E-14
1.90546E+01  2.36389E-14
1.99526E+01  3.26349E-14
2.08930E+01  3.62308E-14
2.18776E+01  3.10307E-14
2.29087E+01  3.29286E-14
2.39883E+01  3.31412E-14
2.51189E+01  3.49562E-14
2.63027E+01  3.74148E-14
2.75423E+01  4.05265E-14
2.88403E+01  4.46402E-14
3.01995E+01  4.98963E-14
3.16228E+01  5.65942E-14
3.31131E+01  6.50316E-14
3.46737E+01  7.53751E-14
3.63078E+01  8.76110E-14
3.80189E+01  1.01410E-13
3.98107E+01  1.16212E-13
4.16869E+01  1.31676E-13
4.36516E+01  1.47689E-13
4.57088E+01  1.64575E-13
4.78630E+01  1.82806E-13
5.01187E+01  2.03007E-13
5.24807E+01  2.25951E-13
5.49541E+01  2.52013E-13
5.75440E+01  2.81834E-13
6.02560E+01  3.15530E-13
6.30957E+01  3.53375E-13
6.60693E+01  3.95201E-13
6.91831E+01  4.40868E-13
7.24436E+01  4.89831E-13
7.58578E+01  5.41702E-13
7.94328E+01  5.95796E-13
8.31764E+01  6.51093E-13
8.70963E+01  7.06634E-13
9.12011E+01  7.61108E-13
9.54992E+01  8.13553E-13
1.00000E+02  8.62629E-13
1.04713E+02  9.08126E-13
1.09648E+02  9.48650E-13
1.14815E+02  9.83456E-13
1.20226E+02  1.01215E-12
1.25893E+02  1.03392E-12
1.31826E+02  1.04955E-12
1.38038E+02  1.06038E-12
1.44544E+02  1.06799E-12
1.51356E+02  1.07415E-12
1.58489E+02  1.08135E-12
1.65959E+02  1.07977E-12
1.73780E+02  1.04174E-12
1.81970E+02  9.84760E-13
1.90546E+02  9.26995E-13
1.99526E+02  8.71739E-13
2.08930E+02  8.17313E-13
2.18776E+02  7.63693E-13
2.29087E+02  7.09863E-13
2.39883E+02  6.57425E-13
2.51189E+02  6.05954E-13
2.63027E+02  5.55893E-13
2.75423E+02  5.07727E-13
2.88403E+02  4.61530E-13
3.01995E+02  4.16261E-13
3.16228E+02  3.71319E-13
3.31131E+02  3.30284E-13
3.46737E+02  2.93106E-13
3.63078E+02  2.59392E-13
3.80189E+02  2.28920E-13
3.98107E+02  2.01633E-13
4.16869E+02  1.77229E-13
4.36516E+02  1.55575E-13
4.57088E+02  1.36271E-13
4.78630E+02  1.19183E-13
5.01187E+02  1.04151E-13
5.24807E+02  9.08749E-14
5.49541E+02  7.92189E-14
5.75440E+02  6.89717E-14
6.02560E+02  6.00385E-14
6.30957E+02  5.21920E-14
6.60693E+02  4.53423E-14
6.91831E+02  3.93875E-14
7.24436E+02  3.42094E-14
7.58577E+02  2.97045E-14
7.94328E+02  2.57736E-14
8.31763E+02  2.23731E-14
8.70963E+02  1.94095E-14
9.12011E+02  1.68447E-14
9.54993E+02  1.46081E-14
1.00000E+03  1.26692E-14
1.04713E+03  1.09774E-14
1.09648E+03  9.50896E-15
1.14815E+03  8.23493E-15
1.20226E+03  7.13556E-15
1.25893E+03  6.18169E-15
1.31826E+03  5.35846E-15
1.38038E+03  4.65388E-15
1.44544E+03  4.04406E-15
1.51356E+03  3.52136E-15
1.58489E+03  3.06606E-15
1.65959E+03  2.67690E-15
1.73780E+03  2.34301E-15
1.81970E+03  2.06003E-15
1.90546E+03  1.81303E-15
1.99526E+03  1.60311E-15
2.08930E+03  1.42195E-15
2.18776E+03  1.26759E-15
2.29087E+03  1.13438E-15
2.39883E+03  1.02196E-15
2.51189E+03  9.25653E-16
2.63027E+03  8.43980E-16
2.75423E+03  7.74065E-16
2.88403E+03  7.14659E-16
3.01995E+03  6.64255E-16
3.16228E+03  6.21694E-16
3.31131E+03  5.85997E-16
3.46737E+03  5.56080E-16
3.63078E+03  5.31102E-16
3.80189E+03  5.10272E-16
3.98107E+03  4.93210E-16
4.16869E+03  4.79382E-16
4.36516E+03  4.68420E-16
4.57088E+03  4.59836E-16
4.78630E+03  4.53363E-16
5.01187E+03  4.48744E-16
5.24807E+03  4.45718E-16
5.49541E+03  4.44136E-16
5.75440E+03  4.43829E-16
6.02560E+03  4.44651E-16
6.30957E+03  4.46474E-16
6.60693E+03  4.49196E-16
6.91831E+03  4.52744E-16
7.24436E+03  4.57054E-16
7.58577E+03  4.62045E-16
7.94328E+03  4.67674E-16
8.31763E+03  4.73901E-16
8.70963E+03  4.80691E-16
9.12010E+03  4.88019E-16
9.54993E+03  4.95853E-16
