#column 1 : lambda in microns
#column 2 : snu_eff in Jy / Lsun (in the cosmo of Planck 2013 XXX)
1.00000E+00  0.00000E+00
1.04713E+00  0.00000E+00
1.09648E+00  1.40130E-45
1.14815E+00  4.20390E-45
1.20226E+00  1.68156E-44
1.25893E+00  4.90454E-44
1.31826E+00  1.52742E-43
1.38038E+00  4.69435E-43
1.44544E+00  1.43633E-42
1.51356E+00  4.39167E-42
1.58489E+00  1.34328E-41
1.65959E+00  4.11842E-41
1.73780E+00  1.26530E-40
1.81970E+00  3.89464E-40
1.90546E+00  1.20103E-39
1.99526E+00  3.71067E-39
2.08930E+00  1.14856E-38
2.18776E+00  3.56162E-38
2.29087E+00  1.10642E-37
2.39883E+00  3.44315E-37
2.51189E+00  1.07334E-36
2.63027E+00  3.35150E-36
2.75423E+00  1.04821E-35
2.88403E+00  3.28345E-35
3.01995E+00  1.03008E-34
3.16228E+00  3.23621E-34
3.31131E+00  1.01813E-33
3.46737E+00  3.20733E-33
3.63078E+00  1.01166E-32
3.80189E+00  3.19478E-32
3.98107E+00  1.01005E-31
4.16869E+00  3.19677E-31
4.36516E+00  1.01279E-30
4.57088E+00  3.21173E-30
4.78630E+00  1.01942E-29
5.01187E+00  3.23841E-29
5.24807E+00  1.02956E-28
5.49541E+00  3.27562E-28
5.75440E+00  1.04288E-27
6.02560E+00  3.32242E-27
6.30957E+00  1.05910E-26
6.60693E+00  3.37802E-26
6.91831E+00  1.07798E-25
7.24436E+00  3.44167E-25
7.58578E+00  1.09932E-24
7.94328E+00  3.51285E-24
8.31764E+00  1.12294E-23
8.70964E+00  3.59100E-23
9.12011E+00  1.14872E-22
9.54992E+00  3.67576E-22
1.00000E+01  1.17653E-21
1.04713E+01  3.76675E-21
1.09648E+01  1.20625E-20
1.14815E+01  4.35306E-20
1.20226E+01  2.45349E-20
1.25893E+01  2.05791E-20
1.31826E+01  2.92590E-20
1.38038E+01  4.81683E-20
1.44544E+01  4.42825E-20
1.51356E+01  3.69732E-20
1.58489E+01  3.54279E-20
1.65959E+01  3.66455E-20
1.73780E+01  3.92950E-20
1.81970E+01  4.26586E-20
1.90546E+01  4.61961E-20
1.99526E+01  4.81610E-20
2.08930E+01  4.70560E-20
2.18776E+01  5.73150E-20
2.29087E+01  6.74025E-20
2.39883E+01  7.58039E-20
2.51189E+01  8.41236E-20
2.63027E+01  9.30712E-20
2.75423E+01  1.02904E-19
2.88403E+01  1.14076E-19
3.01995E+01  1.27342E-19
3.16228E+01  1.45518E-19
3.31131E+01  1.79981E-19
3.46737E+01  3.31846E-19
3.63078E+01  7.68281E-18
3.80189E+01  3.56437E-19
3.98107E+01  2.63467E-19
4.16869E+01  2.64482E-19
4.36516E+01  2.86808E-19
4.57088E+01  3.21655E-19
4.78630E+01  3.69158E-19
5.01187E+01  4.34322E-19
5.24807E+01  5.27358E-19
5.49541E+01  6.92714E-19
5.75440E+01  1.48604E-18
6.02560E+01  1.38723E-18
6.30957E+01  2.78271E-18
6.60693E+01  4.53207E-18
6.91831E+01  1.17809E-17
7.24436E+01  5.92459E-18
7.58578E+01  6.55391E-18
7.94328E+01  1.10544E-17
8.31764E+01  2.97277E-17
8.70963E+01  2.51457E-17
9.12011E+01  1.30274E-17
9.54992E+01  1.42936E-17
1.00000E+02  7.01537E-18
1.04713E+02  6.41391E-18
1.09648E+02  6.75330E-18
1.14815E+02  7.93907E-18
1.20226E+02  1.34444E-17
1.25893E+02  2.57344E-17
1.31826E+02  2.15200E-17
1.38038E+02  2.77486E-17
1.44544E+02  1.71795E-17
1.51356E+02  1.61817E-17
1.58489E+02  1.58956E-17
1.65959E+02  1.70546E-17
1.73780E+02  2.01378E-17
1.81970E+02  2.76784E-17
1.90546E+02  3.16170E-17
1.99526E+02  2.89685E-17
2.08930E+02  3.16852E-17
2.18776E+02  3.29696E-17
2.29087E+02  3.56811E-17
2.39883E+02  3.91766E-17
2.51189E+02  4.36011E-17
2.63027E+02  4.95695E-17
2.75423E+02  5.75343E-17
2.88403E+02  6.82728E-17
3.01995E+02  8.28884E-17
3.16228E+02  1.02362E-16
3.31131E+02  1.27519E-16
3.46737E+02  1.57973E-16
3.63078E+02  1.92282E-16
3.80189E+02  2.28544E-16
3.98107E+02  2.64503E-16
4.16869E+02  2.99058E-16
4.36516E+02  3.31958E-16
4.57088E+02  3.63406E-16
4.78630E+02  3.93863E-16
5.01187E+02  4.24128E-16
5.24807E+02  4.53940E-16
5.49541E+02  4.83353E-16
5.75440E+02  5.12025E-16
6.02560E+02  5.39588E-16
6.30957E+02  5.64591E-16
6.60693E+02  5.86947E-16
6.91831E+02  6.07851E-16
7.24436E+02  6.23198E-16
7.58577E+02  6.35338E-16
7.94328E+02  6.43581E-16
8.31763E+02  6.45796E-16
8.70963E+02  6.42795E-16
9.12011E+02  6.36826E-16
9.54993E+02  6.25703E-16
1.00000E+03  6.11757E-16
1.04713E+03  5.92714E-16
1.09648E+03  5.72042E-16
1.14815E+03  5.48477E-16
1.20226E+03  5.22644E-16
1.25893E+03  4.96610E-16
1.31826E+03  4.71073E-16
1.38038E+03  4.46128E-16
1.44544E+03  4.23721E-16
1.51356E+03  3.99259E-16
1.58489E+03  3.66664E-16
1.65959E+03  3.30790E-16
1.73780E+03  2.98106E-16
1.81970E+03  2.68561E-16
1.90546E+03  2.41330E-16
1.99526E+03  2.16469E-16
2.08930E+03  1.93371E-16
2.18776E+03  1.72505E-16
2.29087E+03  1.53308E-16
2.39883E+03  1.35938E-16
2.51189E+03  1.20167E-16
2.63027E+03  1.05845E-16
2.75423E+03  9.25930E-17
2.88403E+03  8.02815E-17
3.01995E+03  6.94863E-17
3.16228E+03  6.01146E-17
3.31131E+03  5.19526E-17
3.46737E+03  4.48021E-17
3.63078E+03  3.86015E-17
3.80189E+03  3.32114E-17
3.98107E+03  2.86307E-17
4.16869E+03  2.46379E-17
4.36516E+03  2.11829E-17
4.57088E+03  1.82260E-17
4.78630E+03  1.56739E-17
5.01187E+03  1.34807E-17
5.24807E+03  1.15978E-17
5.49541E+03  9.97195E-18
5.75440E+03  8.58181E-18
6.02560E+03  7.38647E-18
6.30957E+03  6.36525E-18
6.60693E+03  5.48904E-18
6.91831E+03  4.73801E-18
7.24436E+03  4.09250E-18
7.58577E+03  3.54154E-18
7.94328E+03  3.07062E-18
8.31763E+03  2.66255E-18
8.70963E+03  2.31246E-18
9.12010E+03  2.01324E-18
9.54993E+03  1.75502E-18
