#column 1 : lambda in microns
#column 2 : snu_eff in Jy / Lsun (in the cosmo of Planck 2013 XXX)
1.00000E+00  2.25467E-29
1.04713E+00  7.08450E-29
1.09648E+00  2.22707E-28
1.14815E+00  7.00409E-28
1.20226E+00  2.20373E-27
1.25893E+00  6.93668E-27
1.31826E+00  2.18437E-26
1.38038E+00  6.88145E-26
1.44544E+00  2.16874E-25
1.51356E+00  6.83765E-25
1.58489E+00  2.15662E-24
1.65959E+00  6.80465E-24
1.73780E+00  2.14783E-23
1.81970E+00  6.78192E-23
1.90546E+00  2.14221E-22
1.99526E+00  6.76901E-22
2.08930E+00  2.13963E-21
2.18776E+00  6.76552E-21
2.29087E+00  2.13998E-20
2.39883E+00  6.77116E-20
2.51189E+00  2.14317E-19
2.63027E+00  7.72015E-19
2.75423E+00  6.87442E-19
2.88403E+00  4.80500E-19
3.01995E+00  6.10985E-19
3.16228E+00  1.04111E-18
3.31131E+00  1.10647E-18
3.46737E+00  9.02987E-19
3.63078E+00  8.40791E-19
3.80189E+00  8.58707E-19
3.98107E+00  9.15719E-19
4.16869E+00  9.93131E-19
4.36516E+00  1.07706E-18
4.57088E+00  1.14044E-18
4.78630E+00  1.11453E-18
5.01187E+00  1.29145E-18
5.24807E+00  1.54496E-18
5.49541E+00  1.74736E-18
5.75440E+00  1.94369E-18
6.02560E+00  2.14980E-18
6.30957E+00  2.37611E-18
6.60693E+00  2.62706E-18
6.91831E+00  2.91937E-18
7.24436E+00  3.30075E-18
7.58578E+00  3.95080E-18
7.94328E+00  6.08823E-18
8.31764E+00  8.93666E-17
8.70964E+00  1.07800E-17
9.12011E+00  6.25680E-18
9.54992E+00  5.98887E-18
1.00000E+01  6.34290E-18
1.04713E+01  6.98665E-18
1.09648E+01  7.88100E-18
1.14815E+01  9.09700E-18
1.20226E+01  1.08290E-17
1.25893E+01  1.37365E-17
1.31826E+01  2.49078E-17
1.38038E+01  2.79797E-17
1.44544E+01  6.24941E-17
1.51356E+01  7.24894E-17
1.58489E+01  4.04086E-16
1.65959E+01  1.25213E-16
1.73780E+01  1.40953E-16
1.81970E+01  2.04058E-16
1.90546E+01  5.23312E-16
1.99526E+01  6.55915E-16
2.08930E+01  2.99424E-16
2.18776E+01  3.70277E-16
2.29087E+01  1.60482E-16
2.39883E+01  1.32113E-16
2.51189E+01  1.33673E-16
2.63027E+01  1.51722E-16
2.75423E+01  2.22165E-16
2.88403E+01  8.13571E-16
3.01995E+01  4.28642E-16
3.16228E+01  5.01975E-16
3.31131E+01  3.69917E-16
3.46737E+01  3.53208E-16
3.63078E+01  3.25489E-16
3.80189E+01  3.20288E-16
3.98107E+01  3.65008E-16
4.16869E+01  5.51830E-16
4.36516E+01  5.79516E-16
4.57088E+01  5.36588E-16
4.78630E+01  5.68084E-16
5.01187E+01  5.77676E-16
5.24807E+01  6.15106E-16
5.49541E+01  6.65380E-16
5.75440E+01  7.29054E-16
6.02560E+01  8.11878E-16
6.30957E+01  9.18983E-16
6.60693E+01  1.05773E-15
6.91831E+01  1.23740E-15
7.24436E+01  1.46749E-15
7.58578E+01  1.75440E-15
7.94328E+01  2.09347E-15
8.31764E+01  2.47570E-15
8.70963E+01  2.88661E-15
9.12011E+01  3.31675E-15
9.54992E+01  3.75797E-15
1.00000E+02  4.21367E-15
1.04713E+02  4.69396E-15
1.09648E+02  5.20455E-15
1.14815E+02  5.75426E-15
1.20226E+02  6.34975E-15
1.25893E+02  6.98844E-15
1.31826E+02  7.67095E-15
1.38038E+02  8.38692E-15
1.44544E+02  9.12891E-15
1.51356E+02  9.88753E-15
1.58489E+02  1.06414E-14
1.65959E+02  1.13813E-14
1.73780E+02  1.20880E-14
1.81970E+02  1.27457E-14
1.90546E+02  1.33436E-14
1.99526E+02  1.38553E-14
2.08930E+02  1.42760E-14
2.18776E+02  1.46045E-14
2.29087E+02  1.48317E-14
2.39883E+02  1.49554E-14
2.51189E+02  1.49698E-14
2.63027E+02  1.48892E-14
2.75423E+02  1.47104E-14
2.88403E+02  1.44725E-14
3.01995E+02  1.41916E-14
3.16228E+02  1.38902E-14
3.31131E+02  1.36126E-14
3.46737E+02  1.33013E-14
3.63078E+02  1.26505E-14
3.80189E+02  1.17335E-14
3.98107E+02  1.08213E-14
4.16869E+02  9.97842E-15
4.36516E+02  9.18891E-15
4.57088E+02  8.43061E-15
4.78630E+02  7.71172E-15
5.01187E+02  7.02485E-15
5.24807E+02  6.37270E-15
5.49541E+02  5.76181E-15
5.75440E+02  5.18624E-15
6.02560E+02  4.65296E-15
6.30957E+02  4.14859E-15
6.60693E+02  3.66033E-15
6.91831E+02  3.21660E-15
7.24436E+02  2.82216E-15
7.58577E+02  2.46975E-15
7.94328E+02  2.15858E-15
8.31763E+02  1.88353E-15
8.70963E+02  1.64094E-15
9.12011E+02  1.42691E-15
9.54993E+02  1.24026E-15
1.00000E+03  1.07672E-15
1.04713E+03  9.33618E-16
1.09648E+03  8.09323E-16
1.14815E+03  7.01231E-16
1.20226E+03  6.07021E-16
1.25893E+03  5.25405E-16
1.31826E+03  4.54535E-16
1.38038E+03  3.93146E-16
1.44544E+03  3.40087E-16
1.51356E+03  2.94098E-16
1.58489E+03  2.54441E-16
1.65959E+03  2.20075E-16
1.73780E+03  1.90613E-16
1.81970E+03  1.65011E-16
1.90546E+03  1.42896E-16
1.99526E+03  1.23819E-16
2.08930E+03  1.07321E-16
2.18776E+03  9.30388E-17
2.29087E+03  8.06635E-17
2.39883E+03  6.99902E-17
2.51189E+03  6.07833E-17
2.63027E+03  5.29307E-17
2.75423E+03  4.60189E-17
2.88403E+03  4.02505E-17
3.01995E+03  3.51758E-17
3.16228E+03  3.08688E-17
3.31131E+03  2.71830E-17
3.46737E+03  2.40334E-17
3.63078E+03  2.13117E-17
3.80189E+03  1.90122E-17
3.98107E+03  1.70228E-17
4.16869E+03  1.53375E-17
4.36516E+03  1.39102E-17
4.57088E+03  1.26852E-17
4.78630E+03  1.16502E-17
5.01187E+03  1.07697E-17
5.24807E+03  1.00238E-17
5.49541E+03  9.39805E-18
5.75440E+03  8.86914E-18
6.02560E+03  8.42747E-18
6.30957E+03  8.05968E-18
6.60693E+03  7.75600E-18
6.91831E+03  7.50798E-18
7.24436E+03  7.30791E-18
7.58577E+03  7.14799E-18
7.94328E+03  7.02381E-18
8.31763E+03  6.93084E-18
8.70963E+03  6.86507E-18
9.12010E+03  6.82243E-18
9.54993E+03  6.80141E-18
