#column 1 : lambda in microns
#column 2 : snu_eff in Jy / Lsun (in the cosmo of Planck 2013 XXX)
1.00000E+00  7.83184E-31
1.04713E+00  2.46978E-30
1.09648E+00  7.79281E-30
1.14815E+00  2.46017E-29
1.20226E+00  7.77068E-29
1.25893E+00  2.45568E-28
1.31826E+00  7.76416E-28
1.38038E+00  2.45595E-27
1.44544E+00  7.77210E-27
1.51356E+00  2.46062E-26
1.58489E+00  7.79349E-26
1.65959E+00  2.46943E-25
1.73780E+00  7.82760E-25
1.81970E+00  2.48212E-24
1.90546E+00  7.87366E-24
1.99526E+00  2.49851E-23
2.08930E+00  7.93111E-23
2.18776E+00  2.51842E-22
2.29087E+00  7.99947E-22
2.39883E+00  2.54172E-21
2.51189E+00  8.07833E-21
2.63027E+00  2.56827E-20
2.75423E+00  8.16740E-20
2.88403E+00  2.61051E-19
3.01995E+00  6.99230E-19
3.16228E+00  3.55582E-19
3.31131E+00  3.48202E-19
3.46737E+00  5.42153E-19
3.63078E+00  7.99684E-19
3.80189E+00  6.72807E-19
3.98107E+00  5.83774E-19
4.16869E+00  5.73825E-19
4.36516E+00  6.00943E-19
4.57088E+00  6.47583E-19
4.78630E+00  7.04045E-19
5.01187E+00  7.58263E-19
5.24807E+00  7.74360E-19
5.49541E+00  7.86810E-19
5.75440E+00  9.70941E-19
6.02560E+00  1.12156E-18
6.30957E+00  1.25602E-18
6.60693E+00  1.39208E-18
6.91831E+00  1.53878E-18
7.24436E+00  1.70050E-18
7.58578E+00  1.88327E-18
7.94328E+00  2.10750E-18
8.31764E+00  2.43100E-18
8.70964E+00  3.14087E-18
9.12011E+00  7.94073E-18
9.54992E+00  2.71333E-17
1.00000E+01  4.91417E-18
1.04713E+01  4.09692E-18
1.09648E+01  4.19076E-18
1.14815E+01  4.54723E-18
1.20226E+01  5.08036E-18
1.25893E+01  5.80261E-18
1.31826E+01  6.80271E-18
1.38038E+01  8.29983E-18
1.44544E+01  1.15263E-17
1.51356E+01  2.27263E-17
1.58489E+01  2.49791E-17
1.65959E+01  3.87132E-17
1.73780E+01  1.17966E-16
1.81970E+01  1.15270E-16
1.90546E+01  9.54858E-17
1.99526E+01  1.07060E-16
2.08930E+01  2.08442E-16
2.18776E+01  4.71163E-16
2.29087E+01  2.96260E-16
2.39883E+01  2.03034E-16
2.51189E+01  1.59715E-16
2.63027E+01  9.61414E-17
2.75423E+01  9.07766E-17
2.88403E+01  9.74138E-17
3.01995E+01  1.20521E-16
3.16228E+01  3.02920E-16
3.31131E+01  2.88219E-16
3.46737E+01  2.99017E-16
3.63078E+01  3.74290E-16
3.80189E+01  2.54755E-16
3.98107E+01  2.21833E-16
4.16869E+01  2.17165E-16
4.36516E+01  2.37558E-16
4.57088E+01  2.84681E-16
4.78630E+01  3.77860E-16
5.01187E+01  3.88916E-16
5.24807E+01  3.77683E-16
5.49541E+01  4.01719E-16
5.75440E+01  4.22651E-16
6.02560E+01  4.54933E-16
6.30957E+01  4.96836E-16
6.60693E+01  5.49355E-16
6.91831E+01  6.18379E-16
7.24436E+01  7.07638E-16
7.58578E+01  8.24401E-16
7.94328E+01  9.77118E-16
8.31764E+01  1.17150E-15
8.70963E+01  1.41085E-15
9.12011E+01  1.68929E-15
9.54992E+01  1.99853E-15
1.00000E+02  2.32645E-15
1.04713E+02  2.66398E-15
1.09648E+02  3.00854E-15
1.14815E+02  3.36425E-15
1.20226E+02  3.73711E-15
1.25893E+02  4.13127E-15
1.31826E+02  4.55395E-15
1.38038E+02  5.00390E-15
1.44544E+02  5.48287E-15
1.51356E+02  5.98194E-15
1.58489E+02  6.49816E-15
1.65959E+02  7.02223E-15
1.73780E+02  7.54645E-15
1.81970E+02  8.05461E-15
1.90546E+02  8.53921E-15
1.99526E+02  8.98774E-15
2.08930E+02  9.39068E-15
2.18776E+02  9.73649E-15
2.29087E+02  1.00156E-14
2.39883E+02  1.02241E-14
2.51189E+02  1.03643E-14
2.63027E+02  1.04295E-14
2.75423E+02  1.04212E-14
2.88403E+02  1.03421E-14
3.01995E+02  1.01960E-14
3.16228E+02  9.99887E-15
3.31131E+02  9.76863E-15
3.46737E+02  9.51783E-15
3.63078E+02  9.27398E-15
3.80189E+02  9.04004E-15
3.98107E+02  8.70258E-15
4.16869E+02  8.11241E-15
4.36516E+02  7.46743E-15
4.57088E+02  6.86120E-15
4.78630E+02  6.29594E-15
5.01187E+02  5.76671E-15
5.24807E+02  5.26655E-15
5.49541E+02  4.78764E-15
5.75440E+02  4.33904E-15
6.02560E+02  3.91735E-15
6.30957E+02  3.52110E-15
6.60693E+02  3.15502E-15
6.91831E+02  2.81586E-15
7.24436E+02  2.49143E-15
7.58577E+02  2.18715E-15
7.94328E+02  1.91479E-15
8.31763E+02  1.67465E-15
8.70963E+02  1.46126E-15
9.12011E+02  1.27353E-15
9.54993E+02  1.10774E-15
1.00000E+03  9.62251E-16
1.04713E+03  8.35095E-16
1.09648E+03  7.24323E-16
1.14815E+03  6.27547E-16
1.20226E+03  5.43265E-16
1.25893E+03  4.70302E-16
1.31826E+03  4.06709E-16
1.38038E+03  3.51710E-16
1.44544E+03  3.03919E-16
1.51356E+03  2.62710E-16
1.58489E+03  2.26963E-16
1.65959E+03  1.96170E-16
1.73780E+03  1.69551E-16
1.81970E+03  1.46617E-16
1.90546E+03  1.26817E-16
1.99526E+03  1.09768E-16
2.08930E+03  9.50099E-17
2.18776E+03  8.23181E-17
2.29087E+03  7.13456E-17
2.39883E+03  6.18512E-17
2.51189E+03  5.36377E-17
2.63027E+03  4.65480E-17
2.75423E+03  4.04392E-17
2.88403E+03  3.51807E-17
3.01995E+03  3.06992E-17
3.16228E+03  2.68229E-17
3.31131E+03  2.34747E-17
3.46737E+03  2.06088E-17
3.63078E+03  1.81813E-17
3.80189E+03  1.60680E-17
3.98107E+03  1.42834E-17
4.16869E+03  1.27580E-17
4.36516E+03  1.14597E-17
4.57088E+03  1.03448E-17
4.78630E+03  9.39370E-18
5.01187E+03  8.59042E-18
5.24807E+03  7.91075E-18
5.49541E+03  7.32877E-18
5.75440E+03  6.84148E-18
6.02560E+03  6.43055E-18
6.30957E+03  6.08414E-18
6.60693E+03  5.79601E-18
6.91831E+03  5.55726E-18
7.24436E+03  5.36091E-18
7.58577E+03  5.20133E-18
7.94328E+03  5.07263E-18
8.31763E+03  4.97173E-18
8.70963E+03  4.89368E-18
9.12010E+03  4.83645E-18
9.54993E+03  4.79679E-18
