#column 1 : lambda in microns
#column 2 : snu_eff in Jy / Lsun (in the cosmo of Planck 2013 XXX)
1.00000E+00  1.40130E-45
1.04713E+00  4.20390E-45
1.09648E+00  1.82169E-44
1.14815E+00  5.60519E-44
1.20226E+00  1.76564E-43
1.25893E+00  5.39500E-43
1.31826E+00  1.65353E-42
1.38038E+00  5.04748E-42
1.44544E+00  1.54367E-41
1.51356E+00  4.73443E-41
1.58489E+00  1.45448E-40
1.65959E+00  4.47705E-40
1.73780E+00  1.38068E-39
1.81970E+00  4.26583E-39
1.90546E+00  1.32044E-38
1.99526E+00  4.09471E-38
2.08930E+00  1.27206E-37
2.18776E+00  3.95872E-37
2.29087E+00  1.23409E-36
2.39883E+00  3.85359E-36
2.51189E+00  1.20527E-35
2.63027E+00  3.77555E-35
2.75423E+00  1.18449E-34
2.88403E+00  3.72144E-34
3.01995E+00  1.17082E-33
3.16228E+00  3.68847E-33
3.31131E+00  1.16345E-32
3.46737E+00  3.67424E-32
3.63078E+00  1.16167E-31
3.80189E+00  3.67675E-31
3.98107E+00  1.16489E-30
4.16869E+00  3.69420E-30
4.36516E+00  1.17259E-29
4.57088E+00  3.72507E-29
4.78630E+00  1.18432E-28
5.01187E+00  3.76813E-28
5.24807E+00  1.19972E-27
5.49541E+00  3.82221E-27
5.75440E+00  1.21845E-26
6.02560E+00  3.88639E-26
6.30957E+00  1.24025E-25
6.60693E+00  3.95989E-25
6.91831E+00  1.26488E-24
7.24436E+00  4.04199E-24
7.58578E+00  1.29215E-23
7.94328E+00  4.13221E-23
8.31764E+00  1.32188E-22
8.70964E+00  4.22998E-22
9.12011E+00  1.35396E-21
9.54992E+00  4.33498E-21
1.00000E+01  1.38827E-20
1.04713E+01  5.00990E-20
1.09648E+01  2.82370E-20
1.14815E+01  2.36843E-20
1.20226E+01  3.36737E-20
1.25893E+01  5.54364E-20
1.31826E+01  5.09643E-20
1.38038E+01  4.25522E-20
1.44544E+01  4.07736E-20
1.51356E+01  4.21750E-20
1.58489E+01  4.52242E-20
1.65959E+01  4.90954E-20
1.73780E+01  5.31667E-20
1.81970E+01  5.54281E-20
1.90546E+01  5.41563E-20
1.99526E+01  6.59633E-20
2.08930E+01  7.75729E-20
2.18776E+01  8.72419E-20
2.29087E+01  9.68171E-20
2.39883E+01  1.07115E-19
2.51189E+01  1.18431E-19
2.63027E+01  1.31289E-19
2.75423E+01  1.46556E-19
2.88403E+01  1.67475E-19
3.01995E+01  2.07139E-19
3.16228E+01  3.81921E-19
3.31131E+01  8.84208E-18
3.46737E+01  4.10219E-19
3.63078E+01  3.03221E-19
3.80189E+01  3.04390E-19
3.98107E+01  3.30085E-19
4.16869E+01  3.70190E-19
4.36516E+01  4.24860E-19
4.57088E+01  4.99857E-19
4.78630E+01  6.06932E-19
5.01187E+01  7.97235E-19
5.24807E+01  1.71027E-18
5.49541E+01  1.59657E-18
5.75440E+01  3.20258E-18
6.02560E+01  5.21591E-18
6.30957E+01  1.35585E-17
6.60693E+01  6.81854E-18
6.91831E+01  7.54281E-18
7.24436E+01  1.27223E-17
7.58578E+01  3.42133E-17
7.94328E+01  2.89397E-17
8.31764E+01  1.49932E-17
8.70963E+01  1.64504E-17
9.12011E+01  8.07392E-18
9.54992E+01  7.38171E-18
1.00000E+02  7.77231E-18
1.04713E+02  9.13698E-18
1.09648E+02  1.54731E-17
1.14815E+02  2.96175E-17
1.20226E+02  2.47672E-17
1.25893E+02  3.19358E-17
1.31826E+02  1.97717E-17
1.38038E+02  1.86234E-17
1.44544E+02  1.82941E-17
1.51356E+02  1.96280E-17
1.58489E+02  2.31764E-17
1.65959E+02  3.18547E-17
1.73780E+02  3.63877E-17
1.81970E+02  3.33396E-17
1.90546E+02  3.64662E-17
1.99526E+02  3.79444E-17
2.08930E+02  4.10651E-17
2.18776E+02  4.50881E-17
2.29087E+02  5.01801E-17
2.39883E+02  5.70490E-17
2.51189E+02  6.62156E-17
2.63027E+02  7.85743E-17
2.75423E+02  9.53954E-17
2.88403E+02  1.17808E-16
3.01995E+02  1.46760E-16
3.16228E+02  1.81809E-16
3.31131E+02  2.21296E-16
3.46737E+02  2.63029E-16
3.63078E+02  3.04414E-16
3.80189E+02  3.44184E-16
3.98107E+02  3.82047E-16
4.16869E+02  4.18240E-16
4.36516E+02  4.53293E-16
4.57088E+02  4.88124E-16
4.78630E+02  5.22435E-16
5.01187E+02  5.56287E-16
5.24807E+02  5.89284E-16
5.49541E+02  6.21007E-16
5.75440E+02  6.49782E-16
6.02560E+02  6.75511E-16
6.30957E+02  6.99571E-16
6.60693E+02  7.17233E-16
6.91831E+02  7.31204E-16
7.24436E+02  7.40691E-16
7.58577E+02  7.43241E-16
7.94328E+02  7.39786E-16
8.31763E+02  7.32917E-16
8.70963E+02  7.20116E-16
9.12011E+02  7.04065E-16
9.54993E+02  6.82150E-16
1.00000E+03  6.58358E-16
1.04713E+03  6.31237E-16
1.09648E+03  6.01506E-16
1.14815E+03  5.71543E-16
1.20226E+03  5.42154E-16
1.25893E+03  5.13444E-16
1.31826E+03  4.87656E-16
1.38038E+03  4.59504E-16
1.44544E+03  4.21990E-16
1.51356E+03  3.80703E-16
1.58489E+03  3.43088E-16
1.65959E+03  3.09084E-16
1.73780E+03  2.77744E-16
1.81970E+03  2.49133E-16
1.90546E+03  2.22549E-16
1.99526E+03  1.98534E-16
2.08930E+03  1.76441E-16
2.18776E+03  1.56450E-16
2.29087E+03  1.38298E-16
2.39883E+03  1.21816E-16
2.51189E+03  1.06564E-16
2.63027E+03  9.23955E-17
2.75423E+03  7.99713E-17
2.88403E+03  6.91852E-17
3.01995E+03  5.97919E-17
3.16228E+03  5.15623E-17
3.31131E+03  4.44259E-17
3.46737E+03  3.82228E-17
3.63078E+03  3.29508E-17
3.80189E+03  2.83556E-17
3.98107E+03  2.43792E-17
4.16869E+03  2.09761E-17
4.36516E+03  1.80389E-17
4.57088E+03  1.55148E-17
4.78630E+03  1.33479E-17
5.01187E+03  1.14767E-17
5.24807E+03  9.87672E-18
5.49541E+03  8.50102E-18
5.75440E+03  7.32573E-18
6.02560E+03  6.31726E-18
6.30957E+03  5.45293E-18
6.60693E+03  4.71004E-18
6.91831E+03  4.07591E-18
7.24436E+03  3.53395E-18
7.58577E+03  3.06431E-18
7.94328E+03  2.66138E-18
8.31763E+03  2.31701E-18
8.70963E+03  2.01984E-18
9.12010E+03  1.76367E-18
9.54993E+03  1.54444E-18
