#column 1 : lambda in microns
#column 2 : snu_eff in Jy / Lsun (in the cosmo of Planck 2013 XXX)
1.00000E+00  8.95322E-28
1.04713E+00  2.81084E-27
1.09648E+00  8.82736E-27
1.14815E+00  2.77307E-26
1.20226E+00  8.71412E-26
1.25893E+00  2.73915E-25
1.31826E+00  8.61262E-25
1.38038E+00  2.70882E-24
1.44544E+00  8.52212E-24
1.51356E+00  2.68185E-23
1.58489E+00  8.44190E-23
1.65959E+00  2.65806E-22
1.73780E+00  8.37149E-22
1.81970E+00  2.63727E-21
1.90546E+00  8.31034E-21
1.99526E+00  2.61935E-20
2.08930E+00  8.25805E-20
2.18776E+00  2.60418E-19
2.29087E+00  8.68370E-19
2.39883E+00  1.38197E-18
2.51189E+00  7.92420E-19
2.63027E+00  8.94112E-19
2.75423E+00  1.47568E-18
2.88403E+00  1.86617E-18
3.01995E+00  1.51924E-18
3.16228E+00  1.36875E-18
3.31131E+00  1.37495E-18
3.46737E+00  1.45434E-18
3.63078E+00  1.57393E-18
3.80189E+00  1.71007E-18
3.98107E+00  1.82927E-18
4.16869E+00  1.82381E-18
4.36516E+00  1.97459E-18
4.57088E+00  2.40972E-18
4.78630E+00  2.74865E-18
5.01187E+00  3.06563E-18
5.24807E+00  3.39283E-18
5.49541E+00  3.74862E-18
5.75440E+00  4.14029E-18
6.02560E+00  4.59141E-18
6.30957E+00  5.16019E-18
6.60693E+00  6.03603E-18
6.91831E+00  8.33884E-18
7.24436E+00  3.85438E-17
7.58578E+00  2.73679E-17
7.94328E+00  1.06277E-17
8.31764E+00  9.59951E-18
8.70964E+00  9.99198E-18
9.12011E+00  1.08983E-17
9.54992E+00  1.22023E-17
1.00000E+01  1.39706E-17
1.04713E+01  1.64387E-17
1.09648E+01  2.03640E-17
1.14815E+01  3.12261E-17
1.20226E+01  4.61687E-17
1.25893E+01  7.69705E-17
1.31826E+01  9.48815E-17
1.38038E+01  5.11933E-16
1.44544E+01  2.11867E-16
1.51356E+01  2.25310E-16
1.58489E+01  2.79219E-16
1.65959E+01  6.23756E-16
1.73780E+01  1.08016E-15
1.81970E+01  5.48118E-16
1.90546E+01  5.36913E-16
1.99526E+01  2.94418E-16
2.08930E+01  2.12370E-16
2.18776E+01  2.07432E-16
2.29087E+01  2.28199E-16
2.39883E+01  3.03477E-16
2.51189E+01  1.32403E-15
2.63027E+01  6.21815E-16
2.75423E+01  6.85906E-16
2.88403E+01  6.81533E-16
3.01995E+01  5.92648E-16
3.16228E+01  5.14347E-16
3.31131E+01  4.88033E-16
3.46737E+01  5.42903E-16
3.63078E+01  6.90263E-16
3.80189E+01  8.74897E-16
3.98107E+01  8.36528E-16
4.16869E+01  8.33168E-16
4.36516E+01  8.69998E-16
4.57088E+01  9.18561E-16
4.78630E+01  9.87728E-16
5.01187E+01  1.07656E-15
5.24807E+01  1.18971E-15
5.49541E+01  1.33639E-15
5.75440E+01  1.52453E-15
6.02560E+01  1.76873E-15
6.30957E+01  2.08083E-15
6.60693E+01  2.46521E-15
6.91831E+01  2.92451E-15
7.24436E+01  3.44472E-15
7.58578E+01  4.00591E-15
7.94328E+01  4.59210E-15
8.31764E+01  5.19935E-15
8.70963E+01  5.82879E-15
9.12011E+01  6.49111E-15
9.54992E+01  7.20539E-15
1.00000E+02  7.98005E-15
1.04713E+02  8.82511E-15
1.09648E+02  9.75001E-15
1.14815E+02  1.07482E-14
1.20226E+02  1.18109E-14
1.25893E+02  1.29311E-14
1.31826E+02  1.40930E-14
1.38038E+02  1.52756E-14
1.44544E+02  1.64550E-14
1.51356E+02  1.76096E-14
1.58489E+02  1.87114E-14
1.65959E+02  1.97442E-14
1.73780E+02  2.06681E-14
1.81970E+02  2.14686E-14
1.90546E+02  2.21370E-14
1.99526E+02  2.26600E-14
2.08930E+02  2.30296E-14
2.18776E+02  2.32342E-14
2.29087E+02  2.32841E-14
2.39883E+02  2.31780E-14
2.51189E+02  2.29547E-14
2.63027E+02  2.26587E-14
2.75423E+02  2.23142E-14
2.88403E+02  2.19826E-14
3.01995E+02  2.16471E-14
3.16228E+02  2.08830E-14
3.31131E+02  1.95258E-14
3.46737E+02  1.81092E-14
3.63078E+02  1.67686E-14
3.80189E+02  1.55097E-14
3.98107E+02  1.43034E-14
4.16869E+02  1.31544E-14
4.36516E+02  1.20379E-14
4.57088E+02  1.09698E-14
4.78630E+02  9.96241E-15
5.01187E+02  9.00570E-15
5.24807E+02  8.11309E-15
5.49541E+02  7.27079E-15
5.75440E+02  6.45435E-15
6.02560E+02  5.68929E-15
6.30957E+02  5.00428E-15
6.60693E+02  4.39802E-15
6.91831E+02  3.85408E-15
7.24436E+02  3.37089E-15
7.58577E+02  2.94395E-15
7.94328E+02  2.56776E-15
8.31763E+02  2.23573E-15
8.70963E+02  1.94461E-15
9.12011E+02  1.69017E-15
9.54993E+02  1.46711E-15
1.00000E+03  1.27309E-15
1.04713E+03  1.10428E-15
1.09648E+03  9.56761E-16
1.14815E+03  8.28877E-16
1.20226E+03  7.17850E-16
1.25893E+03  6.21494E-16
1.31826E+03  5.38006E-16
1.38038E+03  4.65735E-16
1.44544E+03  4.03193E-16
1.51356E+03  3.49324E-16
1.58489E+03  3.02535E-16
1.65959E+03  2.62058E-16
1.73780E+03  2.27125E-16
1.81970E+03  1.96854E-16
1.90546E+03  1.70599E-16
1.99526E+03  1.47886E-16
2.08930E+03  1.28218E-16
2.18776E+03  1.11206E-16
2.29087E+03  9.66763E-17
2.39883E+03  8.40265E-17
2.51189E+03  7.32039E-17
2.63027E+03  6.38239E-17
2.75423E+03  5.59248E-17
2.88403E+03  4.90009E-17
3.01995E+03  4.31430E-17
3.16228E+03  3.80943E-17
3.31131E+03  3.37746E-17
3.46737E+03  3.01014E-17
3.63078E+03  2.69287E-17
3.80189E+03  2.42421E-17
3.98107E+03  2.19471E-17
4.16869E+03  2.00111E-17
4.36516E+03  1.83435E-17
4.57088E+03  1.69285E-17
4.78630E+03  1.57379E-17
5.01187E+03  1.47272E-17
5.24807E+03  1.38793E-17
5.49541E+03  1.31688E-17
5.75440E+03  1.25783E-17
6.02560E+03  1.20872E-17
6.30957E+03  1.16844E-17
6.60693E+03  1.13607E-17
6.91831E+03  1.10992E-17
7.24436E+03  1.08945E-17
7.58577E+03  1.07399E-17
7.94328E+03  1.06294E-17
8.31763E+03  1.05560E-17
8.70963E+03  1.05165E-17
9.12010E+03  1.05065E-17
9.54993E+03  1.05219E-17
