#column 1 : lambda in microns
#column 2 : snu_eff in Jy / Lsun (in the cosmo of Planck 2013 XXX)
1.00000E+00  1.42092E-42
1.04713E+00  4.33281E-42
1.09648E+00  1.32563E-41
1.14815E+00  4.06082E-41
1.20226E+00  1.24647E-40
1.25893E+00  3.83300E-40
1.31826E+00  1.18092E-39
1.38038E+00  3.64515E-39
1.44544E+00  1.12724E-38
1.51356E+00  3.49232E-38
1.58489E+00  1.08392E-37
1.65959E+00  3.37020E-37
1.73780E+00  1.04970E-36
1.81970E+00  3.27500E-36
1.90546E+00  1.02346E-35
1.99526E+00  3.20345E-35
2.08930E+00  1.00423E-34
2.18776E+00  3.15273E-34
2.29087E+00  9.91192E-34
2.39883E+00  3.12044E-33
2.51189E+00  9.83634E-33
2.63027E+00  3.10445E-32
2.75423E+00  9.80945E-32
2.88403E+00  3.10300E-31
3.01995E+00  9.82591E-31
3.16228E+00  3.11452E-30
3.31131E+00  9.88122E-30
3.46737E+00  3.13767E-29
3.63078E+00  9.97152E-29
3.80189E+00  3.17135E-28
3.98107E+00  1.00934E-27
4.16869E+00  3.21457E-27
4.36516E+00  1.02441E-26
4.57088E+00  3.26648E-26
4.78630E+00  1.04213E-25
5.01187E+00  3.32642E-25
5.24807E+00  1.06227E-24
5.49541E+00  3.39376E-24
5.75440E+00  1.08468E-23
6.02560E+00  3.46801E-23
6.30957E+00  1.10920E-22
6.60693E+00  3.54876E-22
6.91831E+00  1.13572E-21
7.24436E+00  3.63564E-21
7.58578E+00  1.16414E-20
7.94328E+00  3.94101E-20
8.31764E+00  6.29002E-20
8.70964E+00  3.57784E-20
9.12011E+00  4.03537E-20
9.54992E+00  6.69276E-20
1.00000E+01  8.47478E-20
1.04713E+01  6.87179E-20
1.09648E+01  6.16947E-20
1.14815E+01  6.18635E-20
1.20226E+01  6.53867E-20
1.25893E+01  7.07422E-20
1.31826E+01  7.68286E-20
1.38038E+01  8.21074E-20
1.44544E+01  8.16992E-20
1.51356E+01  8.85110E-20
1.58489E+01  1.08281E-19
1.65959E+01  1.23683E-19
1.73780E+01  1.38006E-19
1.81970E+01  1.52890E-19
1.90546E+01  1.69090E-19
1.99526E+01  1.87069E-19
2.08930E+01  2.07822E-19
2.18776E+01  2.34075E-19
2.29087E+01  2.74757E-19
2.39883E+01  3.81205E-19
2.51189E+01  1.77085E-18
2.63027E+01  1.25935E-18
2.75423E+01  4.92547E-19
2.88403E+01  4.49148E-19
3.01995E+01  4.73110E-19
3.16228E+01  5.22681E-19
3.31131E+01  5.93770E-19
3.46737E+01  6.89445E-19
3.63078E+01  8.21967E-19
3.80189E+01  1.02690E-18
3.98107E+01  1.56144E-18
4.16869E+01  2.29204E-18
4.36516E+01  3.77623E-18
4.57088E+01  4.66545E-18
4.78630E+01  2.43477E-17
5.01187E+01  1.03167E-17
5.24807E+01  1.10464E-17
5.49541E+01  1.37150E-17
5.75440E+01  3.02961E-17
6.02560E+01  5.23794E-17
6.30957E+01  2.70179E-17
6.60693E+01  2.65873E-17
6.91831E+01  1.50730E-17
7.24436E+01  1.12735E-17
7.58578E+01  1.12345E-17
7.94328E+01  1.24453E-17
8.31764E+01  1.62697E-17
8.70963E+01  6.56608E-17
9.12011E+01  3.21854E-17
9.54992E+01  3.56903E-17
1.00000E+02  3.59395E-17
1.04713E+02  3.20273E-17
1.09648E+02  2.86340E-17
1.14815E+02  2.79412E-17
1.20226E+02  3.15790E-17
1.25893E+02  4.03418E-17
1.31826E+02  5.14483E-17
1.38038E+02  5.07475E-17
1.44544E+02  5.18657E-17
1.51356E+02  5.51302E-17
1.58489E+02  5.90770E-17
1.65959E+02  6.44303E-17
1.73780E+02  7.12876E-17
1.81970E+02  8.01820E-17
1.90546E+02  9.20416E-17
1.99526E+02  1.07912E-16
2.08930E+02  1.29576E-16
2.18776E+02  1.58884E-16
2.29087E+02  1.97135E-16
2.39883E+02  2.45286E-16
2.51189E+02  3.01716E-16
2.63027E+02  3.63016E-16
2.75423E+02  4.25797E-16
2.88403E+02  4.86828E-16
3.01995E+02  5.45112E-16
3.16228E+02  6.00501E-16
3.31131E+02  6.54131E-16
3.46737E+02  7.06342E-16
3.63078E+02  7.58070E-16
3.80189E+02  8.09593E-16
3.98107E+02  8.59811E-16
4.16869E+02  9.07766E-16
4.36516E+02  9.53407E-16
4.57088E+02  9.95146E-16
4.78630E+02  1.03323E-15
5.01187E+02  1.06435E-15
5.24807E+02  1.08798E-15
5.49541E+02  1.10352E-15
5.75440E+02  1.11370E-15
6.02560E+02  1.11296E-15
6.30957E+02  1.10721E-15
6.60693E+02  1.09067E-15
6.91831E+02  1.06900E-15
7.24436E+02  1.04053E-15
7.58577E+02  1.00767E-15
7.94328E+02  9.68119E-16
8.31763E+02  9.25472E-16
8.70963E+02  8.80474E-16
9.12011E+02  8.35617E-16
9.54993E+02  7.92872E-16
1.00000E+03  7.50795E-16
1.04713E+03  7.12531E-16
1.09648E+03  6.64112E-16
1.14815E+03  6.01501E-16
1.20226E+03  5.42545E-16
1.25893E+03  4.88229E-16
1.31826E+03  4.39369E-16
1.38038E+03  3.94540E-16
1.44544E+03  3.53719E-16
1.51356E+03  3.15760E-16
1.58489E+03  2.80971E-16
1.65959E+03  2.49487E-16
1.73780E+03  2.20667E-16
1.81970E+03  1.94786E-16
1.90546E+03  1.71149E-16
1.99526E+03  1.49036E-16
2.08930E+03  1.29115E-16
2.18776E+03  1.11542E-16
2.29087E+03  9.65395E-17
2.39883E+03  8.32171E-17
2.51189E+03  7.18990E-17
2.63027E+03  6.19115E-17
2.75423E+03  5.33081E-17
2.88403E+03  4.58688E-17
3.01995E+03  3.94587E-17
3.16228E+03  3.39478E-17
3.31131E+03  2.91772E-17
3.46737E+03  2.50926E-17
3.63078E+03  2.15893E-17
3.80189E+03  1.85671E-17
3.98107E+03  1.59703E-17
4.16869E+03  1.37589E-17
4.36516E+03  1.18478E-17
4.57088E+03  1.02111E-17
4.78630E+03  8.80838E-18
5.01187E+03  7.60573E-18
5.24807E+03  6.57856E-18
5.49541E+03  5.69712E-18
5.75440E+03  4.93494E-18
6.02560E+03  4.28478E-18
6.30957E+03  3.72593E-18
6.60693E+03  3.24457E-18
6.91831E+03  2.83214E-18
7.24436E+03  2.47690E-18
7.58577E+03  2.17212E-18
7.94328E+03  1.91241E-18
8.31763E+03  1.68945E-18
8.70963E+03  1.49867E-18
9.12010E+03  1.33643E-18
9.54993E+03  1.19976E-18
