#column 1 : lambda in microns
#column 2 : snu_eff in Jy / Lsun (in the cosmo of Planck 2013 XXX)
1.00000E+00  1.75162E-43
1.04713E+00  5.40901E-43
1.09648E+00  1.64512E-42
1.14815E+00  5.02085E-42
1.20226E+00  1.53568E-41
1.25893E+00  4.70752E-41
1.31826E+00  1.44548E-40
1.38038E+00  4.44708E-40
1.44544E+00  1.37076E-39
1.51356E+00  4.23306E-39
1.58489E+00  1.30965E-38
1.65959E+00  4.05931E-38
1.73780E+00  1.26047E-37
1.81970E+00  3.92084E-37
1.90546E+00  1.22173E-36
1.99526E+00  3.81329E-36
2.08930E+00  1.19215E-35
2.18776E+00  3.73293E-35
2.29087E+00  1.17065E-34
2.39883E+00  3.67654E-34
2.51189E+00  1.15627E-33
2.63027E+00  3.64131E-33
2.75423E+00  1.14819E-32
2.88403E+00  3.62488E-32
3.01995E+00  1.14571E-31
3.16228E+00  3.62518E-31
3.31131E+00  1.14823E-30
3.46737E+00  3.64039E-30
3.63078E+00  1.15523E-29
3.80189E+00  3.66906E-29
3.98107E+00  1.16625E-28
4.16869E+00  3.70985E-28
4.36516E+00  1.18093E-27
4.57088E+00  3.76162E-27
4.78630E+00  1.19893E-26
5.01187E+00  3.82350E-26
5.24807E+00  1.21998E-25
5.49541E+00  3.89461E-25
5.75440E+00  1.24386E-24
6.02560E+00  3.97430E-24
6.30957E+00  1.27034E-23
6.60693E+00  4.06200E-23
6.91831E+00  1.29928E-22
7.24436E+00  4.15722E-22
7.58578E+00  1.33054E-21
7.94328E+00  4.25960E-21
8.31764E+00  1.36400E-20
8.70964E+00  4.96796E-20
9.12011E+00  4.41584E-20
9.54992E+00  3.07073E-20
1.00000E+01  3.90881E-20
1.04713E+01  6.68212E-20
1.09648E+01  7.10466E-20
1.14815E+01  5.77802E-20
1.20226E+01  5.36601E-20
1.25893E+01  5.47472E-20
1.31826E+01  5.83397E-20
1.38038E+01  6.32544E-20
1.44544E+01  6.85604E-20
1.51356E+01  7.25200E-20
1.58489E+01  7.07636E-20
1.65959E+01  8.21917E-20
1.73780E+01  9.85000E-20
1.81970E+01  1.11384E-19
1.90546E+01  1.24079E-19
1.99526E+01  1.37324E-19
2.08930E+01  1.51791E-19
2.18776E+01  1.68195E-19
2.29087E+01  1.87009E-19
2.39883E+01  2.12066E-19
2.51189E+01  2.54578E-19
2.63027E+01  3.93755E-19
2.75423E+01  5.79468E-18
2.88403E+01  7.00892E-19
3.01995E+01  4.09681E-19
3.16228E+01  3.95700E-19
3.31131E+01  4.23454E-19
3.46737E+01  4.71784E-19
3.63078E+01  5.38928E-19
3.80189E+01  6.29227E-19
3.98107E+01  7.56817E-19
4.16869E+01  9.64449E-19
4.36516E+01  1.72003E-18
4.57088E+01  1.94933E-18
4.78630E+01  4.25569E-18
5.01187E+01  4.95767E-18
5.24807E+01  2.69588E-17
5.49541E+01  8.56464E-18
5.75440E+01  9.67764E-18
6.02560E+01  1.39728E-17
6.30957E+01  3.54885E-17
6.60693E+01  4.45896E-17
6.91831E+01  2.06837E-17
7.24436E+01  2.55632E-17
7.58578E+01  1.15249E-17
7.94328E+01  9.74680E-18
8.31764E+01  9.99778E-18
8.70963E+01  1.13726E-17
9.12011E+01  1.62692E-17
9.54992E+01  5.63965E-17
1.00000E+02  3.06735E-17
1.04713E+02  3.59787E-17
1.09648E+02  2.72648E-17
1.14815E+02  2.64584E-17
1.20226E+02  2.49282E-17
1.25893E+02  2.50598E-17
1.31826E+02  2.89054E-17
1.38038E+02  4.33327E-17
1.44544E+02  4.63144E-17
1.51356E+02  4.41639E-17
1.58489E+02  4.74480E-17
1.65959E+02  4.90558E-17
1.73780E+02  5.28052E-17
1.81970E+02  5.77578E-17
1.90546E+02  6.41607E-17
1.99526E+02  7.24955E-17
2.08930E+02  8.36837E-17
2.18776E+02  9.87281E-17
2.29087E+02  1.19160E-16
2.39883E+02  1.46663E-16
2.51189E+02  1.82565E-16
2.63027E+02  2.26593E-16
2.75423E+02  2.77373E-16
2.88403E+02  3.31630E-16
3.01995E+02  3.86563E-16
3.16228E+02  4.39527E-16
3.31131E+02  4.89836E-16
3.46737E+02  5.37846E-16
3.63078E+02  5.84558E-16
3.80189E+02  6.30199E-16
3.98107E+02  6.75466E-16
4.16869E+02  7.20144E-16
4.36516E+02  7.63902E-16
4.57088E+02  8.05140E-16
4.78630E+02  8.45125E-16
5.01187E+02  8.80737E-16
5.24807E+02  9.11891E-16
5.49541E+02  9.37513E-16
5.75440E+02  9.56512E-16
6.02560E+02  9.71033E-16
6.30957E+02  9.75802E-16
6.60693E+02  9.74922E-16
6.91831E+02  9.65757E-16
7.24436E+02  9.51429E-16
7.58577E+02  9.30876E-16
7.94328E+02  9.04445E-16
8.31763E+02  8.73956E-16
8.70963E+02  8.39596E-16
9.12011E+02  8.00496E-16
9.54993E+02  7.62433E-16
1.00000E+03  7.22624E-16
1.04713E+03  6.84196E-16
1.09648E+03  6.49968E-16
1.14815E+03  6.15838E-16
1.20226E+03  5.69092E-16
1.25893E+03  5.14089E-16
1.31826E+03  4.62581E-16
1.38038E+03  4.16537E-16
1.44544E+03  3.74865E-16
1.51356E+03  3.36353E-16
1.58489E+03  3.01089E-16
1.65959E+03  2.68675E-16
1.73780E+03  2.38993E-16
1.81970E+03  2.12089E-16
1.90546E+03  1.87427E-16
1.99526E+03  1.65266E-16
2.08930E+03  1.44989E-16
2.18776E+03  1.25936E-16
2.29087E+03  1.09036E-16
2.39883E+03  9.43201E-17
2.51189E+03  8.13986E-17
2.63027E+03  7.02651E-17
2.75423E+03  6.06427E-17
2.88403E+03  5.22528E-17
3.01995E+03  4.49459E-17
3.16228E+03  3.86991E-17
3.31131E+03  3.32849E-17
3.46737E+03  2.86144E-17
3.63078E+03  2.46137E-17
3.80189E+03  2.11733E-17
3.98107E+03  1.82037E-17
4.16869E+03  1.56670E-17
4.36516E+03  1.34832E-17
4.57088E+03  1.16086E-17
4.78630E+03  1.00059E-17
5.01187E+03  8.62250E-18
5.24807E+03  7.42865E-18
5.49541E+03  6.41842E-18
5.75440E+03  5.56408E-18
6.02560E+03  4.81023E-18
6.30957E+03  4.17194E-18
6.60693E+03  3.62300E-18
6.91831E+03  3.15134E-18
7.24436E+03  2.74647E-18
7.58577E+03  2.39813E-18
7.94328E+03  2.09866E-18
8.31763E+03  1.84204E-18
8.70963E+03  1.62401E-18
9.12010E+03  1.43404E-18
9.54993E+03  1.27604E-18
