#column 1 : lambda in microns
#column 2 : snu_eff in Jy / Lsun (in the cosmo of Planck 2013 XXX)
1.00000E+00  2.45231E-37
1.04713E+00  7.63616E-37
1.09648E+00  2.38181E-36
1.14815E+00  7.44131E-36
1.20226E+00  2.32853E-35
1.25893E+00  7.29754E-35
1.31826E+00  2.29041E-34
1.38038E+00  7.19887E-34
1.44544E+00  2.26571E-33
1.51356E+00  7.14008E-33
1.58489E+00  2.25288E-32
1.65959E+00  7.11674E-32
1.73780E+00  2.25064E-31
1.81970E+00  7.12503E-31
1.90546E+00  2.25786E-30
1.99526E+00  7.16164E-30
2.08930E+00  2.27357E-29
2.18776E+00  7.22376E-29
2.29087E+00  2.29696E-28
2.39883E+00  7.30898E-28
2.51189E+00  2.32731E-27
2.63027E+00  7.41523E-27
2.75423E+00  2.36403E-26
2.88403E+00  7.54078E-26
3.01995E+00  2.40660E-25
3.16228E+00  7.68415E-25
3.31131E+00  2.45459E-24
3.46737E+00  7.84403E-24
3.63078E+00  2.50765E-23
3.80189E+00  8.01946E-23
3.98107E+00  2.56546E-22
4.16869E+00  8.20953E-22
4.36516E+00  2.62779E-21
4.57088E+00  8.41346E-21
4.78630E+00  2.69442E-20
5.01187E+00  9.12270E-20
5.24807E+00  1.45604E-19
5.49541E+00  8.28194E-20
5.75440E+00  9.34117E-20
6.02560E+00  1.54926E-19
6.30957E+00  1.96175E-19
6.60693E+00  1.59069E-19
6.91831E+00  1.42812E-19
7.24436E+00  1.43201E-19
7.58578E+00  1.51354E-19
7.94328E+00  1.63750E-19
8.31764E+00  1.77840E-19
8.70964E+00  1.90063E-19
9.12011E+00  1.89118E-19
9.54992E+00  2.04877E-19
1.00000E+01  2.50638E-19
1.04713E+01  2.86282E-19
1.09648E+01  3.19440E-19
1.14815E+01  3.53885E-19
1.20226E+01  3.91372E-19
1.25893E+01  4.32958E-19
1.31826E+01  4.80958E-19
1.38038E+01  5.41680E-19
1.44544E+01  6.35744E-19
1.51356E+01  8.82015E-19
1.58489E+01  4.09812E-18
1.65959E+01  2.91385E-18
1.73780E+01  1.13884E-18
1.81970E+01  1.03787E-18
1.90546E+01  1.09253E-18
1.99526E+01  1.20619E-18
2.08930E+01  1.36922E-18
2.18776E+01  1.58871E-18
2.29087E+01  1.89286E-18
2.39883E+01  2.36386E-18
2.51189E+01  3.59643E-18
2.63027E+01  5.28174E-18
2.75423E+01  8.70810E-18
2.88403E+01  1.07576E-17
3.01995E+01  5.62483E-17
3.16228E+01  2.38028E-17
3.31131E+01  2.54775E-17
3.46737E+01  3.16298E-17
3.63078E+01  6.99173E-17
3.80189E+01  1.20898E-16
3.98107E+01  6.23018E-17
4.16869E+01  6.12904E-17
4.36516E+01  3.46713E-17
4.57088E+01  2.58665E-17
4.78630E+01  2.57490E-17
5.01187E+01  2.85202E-17
5.24807E+01  3.73357E-17
5.49541E+01  1.51440E-16
5.75440E+01  7.40570E-17
6.02560E+01  8.21194E-17
6.30957E+01  8.26565E-17
6.60693E+01  7.35811E-17
6.91831E+01  6.56983E-17
7.24436E+01  6.40266E-17
7.58578E+01  7.23213E-17
7.94328E+01  9.24043E-17
8.31764E+01  1.17858E-16
8.70963E+01  1.16069E-16
9.12011E+01  1.18474E-16
9.54992E+01  1.25838E-16
1.00000E+02  1.34775E-16
1.04713E+02  1.46915E-16
1.09648E+02  1.62466E-16
1.14815E+02  1.82629E-16
1.20226E+02  2.09499E-16
1.25893E+02  2.45434E-16
1.31826E+02  2.94462E-16
1.38038E+02  3.60752E-16
1.44544E+02  4.47240E-16
1.51356E+02  5.56098E-16
1.58489E+02  6.83739E-16
1.65959E+02  8.22605E-16
1.73780E+02  9.65123E-16
1.81970E+02  1.10421E-15
1.90546E+02  1.23760E-15
1.99526E+02  1.36499E-15
2.08930E+02  1.48895E-15
2.18776E+02  1.61023E-15
2.29087E+02  1.73088E-15
2.39883E+02  1.85154E-15
2.51189E+02  1.96971E-15
2.63027E+02  2.08316E-15
2.75423E+02  2.19166E-15
2.88403E+02  2.29157E-15
3.01995E+02  2.38318E-15
3.16228E+02  2.45910E-15
3.31131E+02  2.51802E-15
3.46737E+02  2.55841E-15
3.63078E+02  2.58602E-15
3.80189E+02  2.58867E-15
3.98107E+02  2.57901E-15
4.16869E+02  2.54459E-15
4.36516E+02  2.49767E-15
4.57088E+02  2.43468E-15
4.78630E+02  2.36081E-15
5.01187E+02  2.27135E-15
5.24807E+02  2.17411E-15
5.49541E+02  2.07106E-15
5.75440E+02  1.96797E-15
6.02560E+02  1.86937E-15
6.30957E+02  1.77235E-15
6.60693E+02  1.68386E-15
6.91831E+02  1.57105E-15
7.24436E+02  1.42434E-15
7.58577E+02  1.28577E-15
7.94328E+02  1.15802E-15
8.31763E+02  1.04296E-15
8.70963E+02  9.37267E-16
9.12011E+02  8.40897E-16
9.54993E+02  7.51190E-16
1.00000E+03  6.68872E-16
1.04713E+03  5.94289E-16
1.09648E+03  5.25958E-16
1.14815E+03  4.64522E-16
1.20226E+03  4.08378E-16
1.25893E+03  3.55805E-16
1.31826E+03  3.08382E-16
1.38038E+03  2.66551E-16
1.44544E+03  2.30783E-16
1.51356E+03  1.99037E-16
1.58489E+03  1.72005E-16
1.65959E+03  1.48170E-16
1.73780E+03  1.27624E-16
1.81970E+03  1.09847E-16
1.90546E+03  9.45216E-17
1.99526E+03  8.13400E-17
2.08930E+03  6.99275E-17
2.18776E+03  6.01510E-17
2.29087E+03  5.17625E-17
2.39883E+03  4.45235E-17
2.51189E+03  3.83031E-17
2.63027E+03  3.30010E-17
2.75423E+03  2.84198E-17
2.88403E+03  2.44953E-17
3.01995E+03  2.11310E-17
3.16228E+03  1.82455E-17
3.31131E+03  1.57808E-17
3.46737E+03  1.36645E-17
3.63078E+03  1.18353E-17
3.80189E+03  1.02742E-17
3.98107E+03  8.93205E-18
4.16869E+03  7.77576E-18
4.36516E+03  6.78465E-18
4.57088E+03  5.93095E-18
4.78630E+03  5.19826E-18
5.01187E+03  4.57397E-18
5.24807E+03  4.03764E-18
5.49541E+03  3.57882E-18
5.75440E+03  3.18824E-18
6.02560E+03  2.85923E-18
6.30957E+03  2.57429E-18
6.60693E+03  2.33639E-18
6.91831E+03  2.13250E-18
7.24436E+03  1.96147E-18
7.58577E+03  1.81802E-18
7.94328E+03  1.69609E-18
8.31763E+03  1.59511E-18
8.70963E+03  1.51112E-18
9.12010E+03  1.44210E-18
9.54993E+03  1.38512E-18
