#column 1 : lambda in microns
#column 2 : snu_eff in Jy / Lsun (in the cosmo of Planck 2013 XXX)
1.00000E+00  2.24208E-44
1.04713E+00  6.58610E-44
1.09648E+00  2.03188E-43
1.14815E+00  6.23578E-43
1.20226E+00  1.91137E-42
1.25893E+00  5.83781E-42
1.31826E+00  1.78553E-41
1.38038E+00  5.47501E-41
1.44544E+00  1.68195E-40
1.51356E+00  5.17704E-40
1.58489E+00  1.59648E-39
1.65959E+00  4.93245E-39
1.73780E+00  1.52674E-38
1.81970E+00  4.73433E-38
1.90546E+00  1.47072E-37
1.99526E+00  4.57684E-37
2.08930E+00  1.42674E-36
2.18776E+00  4.45502E-36
2.29087E+00  1.39334E-35
2.39883E+00  4.36458E-35
2.51189E+00  1.36924E-34
2.63027E+00  4.30175E-34
2.75423E+00  1.35336E-33
2.88403E+00  4.26339E-33
3.01995E+00  1.34476E-32
3.16228E+00  4.24671E-32
3.31131E+00  1.34262E-31
3.46737E+00  4.24932E-31
3.63078E+00  1.34626E-30
3.80189E+00  4.26924E-30
3.98107E+00  1.35507E-29
4.16869E+00  4.30468E-29
4.36516E+00  1.36855E-28
4.57088E+00  4.35413E-28
4.78630E+00  1.38626E-27
5.01187E+00  4.41638E-27
5.24807E+00  1.40781E-26
5.49541E+00  4.49026E-26
5.75440E+00  1.43292E-25
6.02560E+00  4.57488E-25
6.30957E+00  1.46128E-24
6.60693E+00  4.66948E-24
6.91831E+00  1.49269E-23
7.24436E+00  4.77336E-23
7.58578E+00  1.52695E-22
7.94328E+00  4.88605E-22
8.31764E+00  1.56390E-21
8.70964E+00  5.00700E-21
9.12011E+00  1.60343E-20
9.54992E+00  5.78636E-20
1.00000E+01  3.26133E-20
1.04713E+01  2.73550E-20
1.09648E+01  3.88928E-20
1.14815E+01  6.40283E-20
1.20226E+01  5.88631E-20
1.25893E+01  4.91471E-20
1.31826E+01  4.70930E-20
1.38038E+01  4.87116E-20
1.44544E+01  5.22333E-20
1.51356E+01  5.67045E-20
1.58489E+01  6.14068E-20
1.65959E+01  6.40187E-20
1.73780E+01  6.25498E-20
1.81970E+01  7.61868E-20
1.90546E+01  8.95956E-20
1.99526E+01  1.00763E-19
2.08930E+01  1.11822E-19
2.18776E+01  1.23716E-19
2.29087E+01  1.36787E-19
2.39883E+01  1.51637E-19
2.51189E+01  1.69271E-19
2.63027E+01  1.93432E-19
2.75423E+01  2.39242E-19
2.88403E+01  4.41110E-19
3.01995E+01  1.02125E-17
3.16228E+01  4.73797E-19
3.31131E+01  3.50216E-19
3.46737E+01  3.51566E-19
3.63078E+01  3.81244E-19
3.80189E+01  4.27564E-19
3.98107E+01  4.90708E-19
4.16869E+01  5.77328E-19
4.36516E+01  7.00997E-19
4.57088E+01  9.20797E-19
4.78630E+01  1.97534E-18
5.01187E+01  1.84399E-18
5.24807E+01  3.69895E-18
5.49541E+01  6.02439E-18
5.75440E+01  1.56596E-17
6.02560E+01  7.87532E-18
6.30957E+01  8.71184E-18
6.60693E+01  1.46940E-17
6.91831E+01  3.95159E-17
7.24436E+01  3.34249E-17
7.58578E+01  1.73169E-17
7.94328E+01  1.89998E-17
8.31764E+01  9.32526E-18
8.70963E+01  8.52577E-18
9.12011E+01  8.97691E-18
9.54992E+01  1.05531E-17
1.00000E+02  1.78712E-17
1.04713E+02  3.42078E-17
1.09648E+02  2.86057E-17
1.14815E+02  3.68855E-17
1.20226E+02  2.28361E-17
1.25893E+02  2.15097E-17
1.31826E+02  2.11294E-17
1.38038E+02  2.26700E-17
1.44544E+02  2.67684E-17
1.51356E+02  3.67917E-17
1.58489E+02  4.20273E-17
1.65959E+02  3.85068E-17
1.73780E+02  4.21180E-17
1.81970E+02  4.38253E-17
1.90546E+02  4.74296E-17
1.99526E+02  5.20761E-17
2.08930E+02  5.79573E-17
2.18776E+02  6.58909E-17
2.29087E+02  7.64782E-17
2.39883E+02  9.07522E-17
2.51189E+02  1.10180E-16
2.63027E+02  1.36066E-16
2.75423E+02  1.69506E-16
2.88403E+02  2.09987E-16
3.01995E+02  2.55593E-16
3.16228E+02  3.03794E-16
3.31131E+02  3.51594E-16
3.46737E+02  3.97528E-16
3.63078E+02  4.41260E-16
3.80189E+02  4.83062E-16
3.98107E+02  5.23547E-16
4.16869E+02  5.63776E-16
4.36516E+02  6.03405E-16
4.57088E+02  6.42504E-16
4.78630E+02  6.80615E-16
5.01187E+02  7.17255E-16
5.24807E+02  7.50489E-16
5.49541E+02  7.80206E-16
5.75440E+02  8.07995E-16
6.02560E+02  8.28394E-16
6.30957E+02  8.44531E-16
6.60693E+02  8.55488E-16
6.91831E+02  8.58433E-16
7.24436E+02  8.54443E-16
7.58577E+02  8.46509E-16
7.94328E+02  8.31724E-16
8.31763E+02  8.13186E-16
8.70963E+02  7.87873E-16
9.12011E+02  7.60394E-16
9.54993E+02  7.29070E-16
1.00000E+03  6.94731E-16
1.04713E+03  6.60125E-16
1.09648E+03  6.26180E-16
1.14815E+03  5.93021E-16
1.20226E+03  5.63236E-16
1.25893E+03  5.30721E-16
1.31826E+03  4.87392E-16
1.38038E+03  4.39707E-16
1.44544E+03  3.96262E-16
1.51356E+03  3.56988E-16
1.58489E+03  3.20791E-16
1.65959E+03  2.87744E-16
1.73780E+03  2.57041E-16
1.81970E+03  2.29304E-16
1.90546E+03  2.03787E-16
1.99526E+03  1.80697E-16
2.08930E+03  1.59733E-16
2.18776E+03  1.40695E-16
2.29087E+03  1.23080E-16
2.39883E+03  1.06716E-16
2.51189E+03  9.23657E-17
2.63027E+03  7.99079E-17
2.75423E+03  6.90589E-17
2.88403E+03  5.95536E-17
3.01995E+03  5.13115E-17
3.16228E+03  4.41467E-17
3.31131E+03  3.80576E-17
3.46737E+03  3.27504E-17
3.63078E+03  2.81576E-17
3.80189E+03  2.42271E-17
3.98107E+03  2.08348E-17
4.16869E+03  1.79194E-17
4.36516E+03  1.54166E-17
4.57088E+03  1.32554E-17
4.78630E+03  1.14075E-17
5.01187E+03  9.81856E-18
5.24807E+03  8.46109E-18
5.49541E+03  7.29635E-18
5.75440E+03  6.29806E-18
6.02560E+03  5.44001E-18
6.30957E+03  4.70762E-18
6.60693E+03  4.08166E-18
6.91831E+03  3.53922E-18
7.24436E+03  3.07386E-18
7.58577E+03  2.67612E-18
7.94328E+03  2.33288E-18
8.31763E+03  2.03701E-18
8.70963E+03  1.78381E-18
9.12010E+03  1.56780E-18
9.54993E+03  1.38211E-18
