#column 1 : lambda in microns
#column 2 : snu_eff in Jy / Lsun (in the cosmo of Planck 2013 XXX)
1.00000E+00  1.68156E-44
1.04713E+00  4.90454E-44
1.09648E+00  1.51340E-43
1.14815E+00  4.65231E-43
1.20226E+00  1.41671E-42
1.25893E+00  4.32581E-42
1.31826E+00  1.32367E-41
1.38038E+00  4.05690E-41
1.44544E+00  1.24580E-40
1.51356E+00  3.83276E-40
1.58489E+00  1.18142E-39
1.65959E+00  3.64850E-39
1.73780E+00  1.12883E-38
1.81970E+00  3.49895E-38
1.90546E+00  1.08650E-37
1.99526E+00  3.37977E-37
2.08930E+00  1.05316E-36
2.18776E+00  3.28725E-36
2.29087E+00  1.02773E-35
2.39883E+00  3.21818E-35
2.51189E+00  1.00925E-34
2.63027E+00  3.16973E-34
2.75423E+00  9.96912E-34
2.88403E+00  3.13956E-33
3.01995E+00  9.90004E-33
3.16228E+00  3.12559E-32
3.31131E+00  9.87926E-32
3.46737E+00  3.12601E-31
3.63078E+00  9.90159E-31
3.80189E+00  3.13934E-30
3.98107E+00  9.96250E-30
4.16869E+00  3.16425E-29
4.36516E+00  1.00582E-28
4.57088E+00  3.19960E-28
4.78630E+00  1.01854E-27
5.01187E+00  3.24448E-27
5.24807E+00  1.03413E-26
5.49541E+00  3.29804E-26
5.75440E+00  1.05236E-25
6.02560E+00  3.35958E-25
6.30957E+00  1.07301E-24
6.60693E+00  3.42854E-24
6.91831E+00  1.09593E-23
7.24436E+00  3.50440E-23
7.58578E+00  1.12097E-22
7.94328E+00  3.58680E-22
8.31764E+00  1.14800E-21
8.70964E+00  3.67533E-21
9.12011E+00  1.17695E-20
9.54992E+00  4.28672E-20
1.00000E+01  3.81031E-20
1.04713E+01  2.64965E-20
1.09648E+01  3.37280E-20
1.14815E+01  5.76583E-20
1.20226E+01  6.13042E-20
1.25893E+01  4.98569E-20
1.31826E+01  4.63018E-20
1.38038E+01  4.72398E-20
1.44544E+01  5.03397E-20
1.51356E+01  5.45804E-20
1.58489E+01  5.91589E-20
1.65959E+01  6.25755E-20
1.73780E+01  6.10599E-20
1.81970E+01  7.09209E-20
1.90546E+01  8.49929E-20
1.99526E+01  9.61100E-20
2.08930E+01  1.07064E-19
2.18776E+01  1.18493E-19
2.29087E+01  1.30977E-19
2.39883E+01  1.45131E-19
2.51189E+01  1.61365E-19
2.63027E+01  1.82986E-19
2.75423E+01  2.19668E-19
2.88403E+01  3.39759E-19
3.01995E+01  5.00023E-18
3.16228E+01  6.04774E-19
3.31131E+01  3.53503E-19
3.46737E+01  3.41438E-19
3.63078E+01  3.65387E-19
3.80189E+01  4.07089E-19
3.98107E+01  4.65026E-19
4.16869E+01  5.42943E-19
4.36516E+01  6.53036E-19
4.57088E+01  8.32195E-19
4.78630E+01  1.48416E-18
5.01187E+01  1.68202E-18
5.24807E+01  3.67211E-18
5.49541E+01  4.27790E-18
5.75440E+01  2.32620E-17
6.02560E+01  7.39019E-18
6.30957E+01  8.35057E-18
6.60693E+01  1.20568E-17
6.91831E+01  3.06223E-17
7.24436E+01  3.84751E-17
7.58578E+01  1.78474E-17
7.94328E+01  2.20578E-17
8.31764E+01  9.94453E-18
8.70963E+01  8.41025E-18
9.12011E+01  8.62680E-18
9.54992E+01  9.81314E-18
1.00000E+02  1.40382E-17
1.04713E+02  4.86630E-17
1.09648E+02  2.64673E-17
1.14815E+02  3.10451E-17
1.20226E+02  2.35261E-17
1.25893E+02  2.28302E-17
1.31826E+02  2.15099E-17
1.38038E+02  2.16234E-17
1.44544E+02  2.49417E-17
1.51356E+02  3.73913E-17
1.58489E+02  3.99634E-17
1.65959E+02  3.81078E-17
1.73780E+02  4.09416E-17
1.81970E+02  4.23289E-17
1.90546E+02  4.55642E-17
1.99526E+02  4.98376E-17
2.08930E+02  5.53625E-17
2.18776E+02  6.25544E-17
2.29087E+02  7.22084E-17
2.39883E+02  8.51896E-17
2.51189E+02  1.02819E-16
2.63027E+02  1.26551E-16
2.75423E+02  1.57531E-16
2.88403E+02  1.95522E-16
3.01995E+02  2.39337E-16
3.16228E+02  2.86154E-16
3.31131E+02  3.33554E-16
3.46737E+02  3.79256E-16
3.63078E+02  4.22665E-16
3.80189E+02  4.64093E-16
3.98107E+02  5.04399E-16
4.16869E+02  5.43781E-16
4.36516E+02  5.82841E-16
4.57088E+02  6.21392E-16
4.78630E+02  6.59150E-16
5.01187E+02  6.94734E-16
5.24807E+02  7.29235E-16
5.49541E+02  7.59963E-16
5.75440E+02  7.86846E-16
6.02560E+02  8.08954E-16
6.30957E+02  8.25348E-16
6.60693E+02  8.37877E-16
6.91831E+02  8.41993E-16
7.24436E+02  8.41233E-16
7.58577E+02  8.33325E-16
7.94328E+02  8.20962E-16
8.31763E+02  8.03228E-16
8.70963E+02  7.80421E-16
9.12011E+02  7.54112E-16
9.54993E+02  7.24464E-16
1.00000E+03  6.90725E-16
1.04713E+03  6.57882E-16
1.09648E+03  6.23533E-16
1.14815E+03  5.90373E-16
1.20226E+03  5.60839E-16
1.25893E+03  5.31390E-16
1.31826E+03  4.91054E-16
1.38038E+03  4.43593E-16
1.44544E+03  3.99149E-16
1.51356E+03  3.59418E-16
1.58489E+03  3.23461E-16
1.65959E+03  2.90229E-16
1.73780E+03  2.59801E-16
1.81970E+03  2.31833E-16
1.90546E+03  2.06221E-16
1.99526E+03  1.83006E-16
2.08930E+03  1.61725E-16
2.18776E+03  1.42604E-16
2.29087E+03  1.25107E-16
2.39883E+03  1.08667E-16
2.51189E+03  9.40843E-17
2.63027E+03  8.13862E-17
2.75423E+03  7.02366E-17
2.88403E+03  6.06297E-17
3.01995E+03  5.23269E-17
3.16228E+03  4.50876E-17
3.31131E+03  3.87824E-17
3.46737E+03  3.33923E-17
3.63078E+03  2.87206E-17
3.80189E+03  2.46906E-17
3.98107E+03  2.12385E-17
4.16869E+03  1.82698E-17
4.36516E+03  1.57075E-17
4.57088E+03  1.35186E-17
4.78630E+03  1.16343E-17
5.01187E+03  1.00168E-17
5.24807E+03  8.63374E-18
5.49541E+03  7.44009E-18
5.75440E+03  6.40999E-18
6.02560E+03  5.53828E-18
6.30957E+03  4.80108E-18
6.60693E+03  4.15062E-18
6.91831E+03  3.59986E-18
7.24436E+03  3.12618E-18
7.58577E+03  2.71921E-18
7.94328E+03  2.36986E-18
8.31763E+03  2.06928E-18
8.70963E+03  1.81088E-18
9.12010E+03  1.58944E-18
9.54993E+03  1.40131E-18
