#column 1 : lambda in microns
#column 2 : snu_eff in Jy / Lsun (in the cosmo of Planck 2013 XXX)
1.00000E+00  3.64639E-26
1.04713E+00  1.14338E-25
1.09648E+00  3.58613E-25
1.14815E+00  1.12503E-24
1.20226E+00  3.53020E-24
1.25893E+00  1.10799E-23
1.31826E+00  3.47832E-23
1.38038E+00  1.09219E-22
1.44544E+00  3.43020E-22
1.51356E+00  1.07754E-21
1.58489E+00  3.38562E-21
1.65959E+00  1.06398E-20
1.73780E+00  3.34440E-20
1.81970E+00  1.05145E-19
1.90546E+00  3.30635E-19
1.99526E+00  1.04497E-18
2.08930E+00  2.78362E-18
2.18776E+00  1.42312E-18
2.29087E+00  1.39585E-18
2.39883E+00  2.16706E-18
2.51189E+00  3.19068E-18
2.63027E+00  2.69022E-18
2.75423E+00  2.33975E-18
2.88403E+00  2.30325E-18
3.01995E+00  2.41375E-18
3.16228E+00  2.60191E-18
3.31131E+00  2.82915E-18
3.46737E+00  3.04768E-18
3.63078E+00  3.11500E-18
3.80189E+00  3.16820E-18
3.98107E+00  3.90246E-18
4.16869E+00  4.50378E-18
4.36516E+00  5.04069E-18
4.57088E+00  5.58466E-18
4.78630E+00  6.16991E-18
5.01187E+00  6.81406E-18
5.24807E+00  7.54036E-18
5.49541E+00  8.43034E-18
5.75440E+00  9.71065E-18
6.02560E+00  1.25175E-17
6.30957E+00  3.15230E-17
6.60693E+00  1.07528E-16
6.91831E+00  1.94812E-17
7.24436E+00  1.61973E-17
7.58578E+00  1.65015E-17
7.94328E+00  1.78185E-17
8.31764E+00  1.97978E-17
8.70964E+00  2.24857E-17
9.12011E+00  2.62169E-17
9.54992E+00  3.18515E-17
1.00000E+01  4.42387E-17
1.04713E+01  8.79624E-17
1.09648E+01  9.62942E-17
1.14815E+01  1.49712E-16
1.20226E+01  4.60394E-16
1.25893E+01  4.48607E-16
1.31826E+01  3.69738E-16
1.38038E+01  4.13667E-16
1.44544E+01  8.08316E-16
1.51356E+01  1.83108E-15
1.58489E+01  1.14626E-15
1.65959E+01  7.82176E-16
1.73780E+01  6.11849E-16
1.81970E+01  3.63178E-16
1.90546E+01  3.40001E-16
1.99526E+01  3.62986E-16
2.08930E+01  4.49860E-16
2.18776E+01  1.15564E-15
2.29087E+01  1.09374E-15
2.39883E+01  1.13025E-15
2.51189E+01  1.41407E-15
2.63027E+01  9.47013E-16
2.75423E+01  8.14361E-16
2.88403E+01  7.88712E-16
3.01995E+01  8.55993E-16
3.16228E+01  1.02052E-15
3.31131E+01  1.35197E-15
3.46737E+01  1.37549E-15
3.63078E+01  1.31736E-15
3.80189E+01  1.38876E-15
3.98107E+01  1.44923E-15
4.16869E+01  1.54838E-15
4.36516E+01  1.67840E-15
4.57088E+01  1.84117E-15
4.78630E+01  2.05435E-15
5.01187E+01  2.32688E-15
5.24807E+01  2.67723E-15
5.49541E+01  3.12523E-15
5.75440E+01  3.68037E-15
6.02560E+01  4.34473E-15
6.30957E+01  5.09767E-15
6.60693E+01  5.91599E-15
6.91831E+01  6.77571E-15
7.24436E+01  7.66309E-15
7.58578E+01  8.58274E-15
7.94328E+01  9.55639E-15
8.31764E+01  1.06096E-14
8.70963E+01  1.17600E-14
9.12011E+01  1.30347E-14
9.54992E+01  1.44358E-14
1.00000E+02  1.59760E-14
1.04713E+02  1.76336E-14
1.09648E+02  1.94088E-14
1.14815E+02  2.12730E-14
1.20226E+02  2.32087E-14
1.25893E+02  2.51685E-14
1.31826E+02  2.71255E-14
1.38038E+02  2.90365E-14
1.44544E+02  3.08645E-14
1.51356E+02  3.25585E-14
1.58489E+02  3.40781E-14
1.65959E+02  3.54003E-14
1.73780E+02  3.65138E-14
1.81970E+02  3.73834E-14
1.90546E+02  3.79995E-14
1.99526E+02  3.83538E-14
2.08930E+02  3.84436E-14
2.18776E+02  3.83238E-14
2.29087E+02  3.80580E-14
2.39883E+02  3.76881E-14
2.51189E+02  3.73136E-14
2.63027E+02  3.69653E-14
2.75423E+02  3.61249E-14
2.88403E+02  3.41287E-14
3.01995E+02  3.18032E-14
3.16228E+02  2.95786E-14
3.31131E+02  2.74663E-14
3.46737E+02  2.54511E-14
3.63078E+02  2.35040E-14
3.80189E+02  2.16019E-14
3.98107E+02  1.97819E-14
4.16869E+02  1.80388E-14
4.36516E+02  1.63708E-14
4.57088E+02  1.48039E-14
4.78630E+02  1.33283E-14
5.01187E+02  1.18919E-14
5.24807E+02  1.05243E-14
5.49541E+02  9.28429E-15
5.75440E+02  8.17854E-15
6.02560E+02  7.18560E-15
6.30957E+02  6.30277E-15
6.60693E+02  5.51564E-15
6.91831E+02  4.81874E-15
7.24436E+02  4.20490E-15
7.58577E+02  3.66578E-15
7.94328E+02  3.19128E-15
8.31763E+02  2.77505E-15
8.70963E+02  2.41241E-15
9.12011E+02  2.09449E-15
9.54993E+02  1.81778E-15
1.00000E+03  1.57615E-15
1.04713E+03  1.36669E-15
1.09648E+03  1.18406E-15
1.14815E+03  1.02596E-15
1.20226E+03  8.88705E-16
1.25893E+03  7.70078E-16
1.31826E+03  6.67158E-16
1.38038E+03  5.78189E-16
1.44544E+03  5.00972E-16
1.51356E+03  4.34303E-16
1.58489E+03  3.76478E-16
1.65959E+03  3.26271E-16
1.73780E+03  2.82709E-16
1.81970E+03  2.44999E-16
1.90546E+03  2.12411E-16
1.99526E+03  1.84283E-16
2.08930E+03  1.60233E-16
2.18776E+03  1.39397E-16
2.29087E+03  1.21332E-16
2.39883E+03  1.05840E-16
2.51189E+03  9.26766E-17
2.63027E+03  8.11810E-17
2.75423E+03  7.14484E-17
2.88403E+03  6.31068E-17
3.01995E+03  5.59803E-17
3.16228E+03  4.98381E-17
3.31131E+03  4.45772E-17
3.46737E+03  4.01143E-17
3.63078E+03  3.63180E-17
3.80189E+03  3.30475E-17
3.98107E+03  3.02903E-17
4.16869E+03  2.79446E-17
4.36516E+03  2.59482E-17
4.57088E+03  2.42664E-17
4.78630E+03  2.28522E-17
5.01187E+03  2.16663E-17
5.24807E+03  2.06798E-17
5.49541E+03  1.98580E-17
5.75440E+03  1.91854E-17
6.02560E+03  1.86357E-17
6.30957E+03  1.81964E-17
6.60693E+03  1.78503E-17
6.91831E+03  1.75873E-17
7.24436E+03  1.73980E-17
7.58577E+03  1.72729E-17
7.94328E+03  1.72027E-17
8.31763E+03  1.71805E-17
8.70963E+03  1.72029E-17
9.12010E+03  1.72632E-17
9.54993E+03  1.73590E-17
