#column 1 : lambda in microns
#column 2 : snu_eff in Jy / Lsun (in the cosmo of Planck 2013 XXX)
1.00000E+00  9.80056E-16
1.04713E+00  3.23446E-15
1.09648E+00  5.13885E-15
1.14815E+00  2.96079E-15
1.20226E+00  3.34135E-15
1.25893E+00  5.49816E-15
1.31826E+00  6.94847E-15
1.38038E+00  5.66998E-15
1.44544E+00  5.11820E-15
1.51356E+00  5.14671E-15
1.58489E+00  5.44652E-15
1.65959E+00  5.89476E-15
1.73780E+00  6.40575E-15
1.81970E+00  6.85356E-15
1.90546E+00  6.83896E-15
1.99526E+00  7.40418E-15
2.08930E+00  9.02097E-15
2.18776E+00  1.02821E-14
2.29087E+00  1.14624E-14
2.39883E+00  1.26773E-14
2.51189E+00  1.39981E-14
2.63027E+00  1.54482E-14
2.75423E+00  1.71133E-14
2.88403E+00  1.92069E-14
3.01995E+00  2.24230E-14
3.16228E+00  3.08959E-14
3.31131E+00  1.42326E-13
3.46737E+00  1.00980E-13
3.63078E+00  3.90845E-14
3.80189E+00  3.51154E-14
3.98107E+00  3.63123E-14
4.16869E+00  3.93078E-14
4.36516E+00  4.36418E-14
4.57088E+00  4.95514E-14
4.78630E+00  5.78535E-14
5.01187E+00  7.12815E-14
5.24807E+00  1.09882E-13
5.49541E+00  1.63087E-13
5.75440E+00  2.73813E-13
6.02560E+00  3.36984E-13
6.30957E+00  1.85364E-12
6.60693E+00  7.56871E-13
6.91831E+00  8.01695E-13
7.24436E+00  9.92374E-13
7.58578E+00  2.23236E-12
7.94328E+00  3.86989E-12
8.31764E+00  1.94530E-12
8.70964E+00  1.90129E-12
9.12011E+00  1.02166E-12
9.54992E+00  7.19458E-13
1.00000E+01  6.93094E-13
1.04713E+01  7.58636E-13
1.09648E+01  1.02123E-12
1.14815E+01  4.69541E-12
1.20226E+01  2.14677E-12
1.25893E+01  2.36220E-12
1.31826E+01  2.32914E-12
1.38038E+01  1.99403E-12
1.44544E+01  1.69598E-12
1.51356E+01  1.57637E-12
1.58489E+01  1.73341E-12
1.65959E+01  2.19885E-12
1.73780E+01  2.77724E-12
1.81970E+01  2.58340E-12
1.90546E+01  2.51136E-12
1.99526E+01  2.57767E-12
2.08930E+01  2.68402E-12
2.18776E+01  2.84847E-12
2.29087E+01  3.06349E-12
2.39883E+01  3.33957E-12
2.51189E+01  3.69663E-12
2.63027E+01  4.14994E-12
2.75423E+01  4.72745E-12
2.88403E+01  5.44642E-12
3.01995E+01  6.30355E-12
3.16228E+01  7.29101E-12
3.31131E+01  8.37226E-12
3.46737E+01  9.50849E-12
3.63078E+01  1.06870E-11
3.80189E+01  1.19223E-11
3.98107E+01  1.32444E-11
4.16869E+01  1.46999E-11
4.36516E+01  1.63561E-11
4.57088E+01  1.82487E-11
4.78630E+01  2.04223E-11
5.01187E+01  2.29226E-11
5.24807E+01  2.57598E-11
5.49541E+01  2.89367E-11
5.75440E+01  3.24571E-11
6.02560E+01  3.63026E-11
6.30957E+01  4.04384E-11
6.60693E+01  4.48044E-11
6.91831E+01  4.93568E-11
7.24436E+01  5.39925E-11
7.58578E+01  5.86826E-11
7.94328E+01  6.32581E-11
8.31764E+01  6.76509E-11
8.70963E+01  7.18147E-11
9.12011E+01  7.56417E-11
9.54992E+01  7.90512E-11
1.00000E+02  8.20029E-11
1.04713E+02  8.44200E-11
1.09648E+02  8.63041E-11
1.14815E+02  8.77274E-11
1.20226E+02  8.88469E-11
1.25893E+02  8.97036E-11
1.31826E+02  9.06219E-11
1.38038E+02  9.14234E-11
1.44544E+02  9.02255E-11
1.51356E+02  8.61069E-11
1.58489E+02  8.13853E-11
1.65959E+02  7.67881E-11
1.73780E+02  7.23007E-11
1.81970E+02  6.78508E-11
1.90546E+02  6.34529E-11
1.99526E+02  5.90181E-11
2.08930E+02  5.46241E-11
2.18776E+02  5.03338E-11
2.29087E+02  4.61526E-11
2.39883E+02  4.21409E-11
2.51189E+02  3.82495E-11
2.63027E+02  3.43809E-11
2.75423E+02  3.06544E-11
2.88403E+02  2.72719E-11
3.01995E+02  2.42184E-11
3.16228E+02  2.14354E-11
3.31131E+02  1.89231E-11
3.46737E+02  1.66727E-11
3.63078E+02  1.46621E-11
3.80189E+02  1.28679E-11
3.98107E+02  1.12733E-11
4.16869E+02  9.86686E-12
4.36516E+02  8.61922E-12
4.57088E+02  7.52456E-12
4.78630E+02  6.56410E-12
5.01187E+02  5.71639E-12
5.24807E+02  4.97775E-12
5.49541E+02  4.32838E-12
5.75440E+02  3.76413E-12
6.02560E+02  3.26959E-12
6.30957E+02  2.84029E-12
6.60693E+02  2.46647E-12
6.91831E+02  2.14234E-12
7.24436E+02  1.85966E-12
7.58577E+02  1.61354E-12
7.94328E+02  1.40038E-12
8.31763E+02  1.21464E-12
8.70963E+02  1.05291E-12
9.12011E+02  9.12365E-13
9.54993E+02  7.90346E-13
1.00000E+03  6.84222E-13
1.04713E+03  5.93311E-13
1.09648E+03  5.13836E-13
1.14815E+03  4.45638E-13
1.20226E+03  3.86329E-13
1.25893E+03  3.36265E-13
1.31826E+03  2.92123E-13
1.38038E+03  2.54705E-13
1.44544E+03  2.22330E-13
1.51356E+03  1.94541E-13
1.58489E+03  1.70813E-13
1.65959E+03  1.50241E-13
1.73780E+03  1.32740E-13
1.81970E+03  1.17718E-13
1.90546E+03  1.04986E-13
1.99526E+03  9.39411E-14
2.08930E+03  8.45218E-14
2.18776E+03  7.65163E-14
2.29087E+03  6.96632E-14
2.39883E+03  6.38442E-14
2.51189E+03  5.89010E-14
2.63027E+03  5.47300E-14
2.75423E+03  5.11927E-14
2.88403E+03  4.82068E-14
3.01995E+03  4.57244E-14
3.16228E+03  4.36346E-14
3.31131E+03  4.18981E-14
3.46737E+03  4.04749E-14
3.63078E+03  3.93241E-14
3.80189E+03  3.83996E-14
3.98107E+03  3.76809E-14
4.16869E+03  3.71389E-14
4.36516E+03  3.67453E-14
4.57088E+03  3.64896E-14
4.78630E+03  3.63551E-14
5.01187E+03  3.63216E-14
5.24807E+03  3.63840E-14
5.49541E+03  3.65291E-14
5.75440E+03  3.67498E-14
6.02560E+03  3.70383E-14
6.30957E+03  3.73891E-14
6.60693E+03  3.77971E-14
6.91831E+03  3.82582E-14
7.24436E+03  3.87687E-14
7.58577E+03  3.93255E-14
7.94328E+03  3.99269E-14
8.31763E+03  4.05708E-14
8.70963E+03  4.12555E-14
9.12010E+03  4.19804E-14
9.54993E+03  4.27437E-14
