#column 1 : lambda in microns
#column 2 : snu_eff in Jy / Lsun (in the cosmo of Planck 2013 XXX)
1.00000E+00  5.77335E-43
1.04713E+00  1.77264E-42
1.09648E+00  5.41602E-42
1.14815E+00  1.65591E-41
1.20226E+00  5.07536E-41
1.25893E+00  1.55858E-40
1.31826E+00  4.79503E-40
1.38038E+00  1.47798E-39
1.44544E+00  4.56421E-39
1.51356E+00  1.41210E-38
1.58489E+00  4.37685E-38
1.65959E+00  1.35907E-37
1.73780E+00  4.22754E-37
1.81970E+00  1.31730E-36
1.90546E+00  4.11159E-36
1.99526E+00  1.28541E-35
2.08930E+00  4.02493E-35
2.18776E+00  1.26222E-34
2.29087E+00  3.96414E-34
2.39883E+00  1.24672E-33
2.51189E+00  3.92616E-33
2.63027E+00  1.23800E-32
2.75423E+00  3.90845E-32
2.88403E+00  1.23533E-31
3.01995E+00  3.90876E-31
3.16228E+00  1.23805E-30
3.31131E+00  3.92518E-30
3.46737E+00  1.24559E-29
3.63078E+00  3.95608E-29
3.80189E+00  1.25748E-28
3.98107E+00  4.00005E-28
4.16869E+00  1.27331E-27
4.36516E+00  4.05589E-27
4.57088E+00  1.29272E-26
4.78630E+00  4.12259E-26
5.01187E+00  1.31542E-25
5.24807E+00  4.19925E-25
5.49541E+00  1.34116E-24
5.75440E+00  4.28520E-24
6.02560E+00  1.36972E-23
6.30957E+00  4.37974E-23
6.60693E+00  1.40092E-22
6.91831E+00  4.48243E-22
7.24436E+00  1.43462E-21
7.58578E+00  4.59281E-21
7.94328E+00  1.47070E-20
8.31764E+00  5.35658E-20
8.70964E+00  4.76129E-20
9.12011E+00  3.31094E-20
9.54992E+00  4.21458E-20
1.00000E+01  7.20484E-20
1.04713E+01  7.66043E-20
1.09648E+01  6.23001E-20
1.14815E+01  5.78576E-20
1.20226E+01  5.90298E-20
1.25893E+01  6.29033E-20
1.31826E+01  6.82024E-20
1.38038E+01  7.39235E-20
1.44544E+01  7.81929E-20
1.51356E+01  7.62990E-20
1.58489E+01  8.86210E-20
1.65959E+01  1.06205E-19
1.73780E+01  1.20097E-19
1.81970E+01  1.33785E-19
1.90546E+01  1.48066E-19
1.99526E+01  1.63665E-19
2.08930E+01  1.81352E-19
2.18776E+01  2.01637E-19
2.29087E+01  2.28655E-19
2.39883E+01  2.74492E-19
2.51189E+01  4.24555E-19
2.63027E+01  6.24797E-18
2.75423E+01  7.55713E-19
2.88403E+01  4.41729E-19
3.01995E+01  4.26653E-19
3.16228E+01  4.56579E-19
3.31131E+01  5.08689E-19
3.46737E+01  5.81085E-19
3.63078E+01  6.78448E-19
3.80189E+01  8.16018E-19
3.98107E+01  1.03989E-18
4.16869E+01  1.85458E-18
4.36516E+01  2.10182E-18
4.57088E+01  4.58859E-18
4.78630E+01  5.34551E-18
5.01187E+01  2.90677E-17
5.24807E+01  9.23461E-18
5.49541E+01  1.04347E-17
5.75440E+01  1.50660E-17
6.02560E+01  3.82650E-17
6.30957E+01  4.80776E-17
6.60693E+01  2.23017E-17
6.91831E+01  2.75629E-17
7.24436E+01  1.24264E-17
7.58578E+01  1.05092E-17
7.94328E+01  1.07798E-17
8.31764E+01  1.22623E-17
8.70963E+01  1.75417E-17
9.12011E+01  6.08081E-17
9.54992E+01  3.30728E-17
1.00000E+02  3.87932E-17
1.04713E+02  2.93977E-17
1.09648E+02  2.85281E-17
1.14815E+02  2.68782E-17
1.20226E+02  2.70201E-17
1.25893E+02  3.11666E-17
1.31826E+02  4.67228E-17
1.38038E+02  4.99373E-17
1.44544E+02  4.76186E-17
1.51356E+02  5.11596E-17
1.58489E+02  5.28932E-17
1.65959E+02  5.69359E-17
1.73780E+02  6.22759E-17
1.81970E+02  6.91796E-17
1.90546E+02  7.81666E-17
1.99526E+02  9.02299E-17
2.08930E+02  1.06451E-16
2.18776E+02  1.28481E-16
2.29087E+02  1.58135E-16
2.39883E+02  1.96846E-16
2.51189E+02  2.44318E-16
2.63027E+02  2.99069E-16
2.75423E+02  3.57571E-16
2.88403E+02  4.16802E-16
3.01995E+02  4.73910E-16
3.16228E+02  5.28152E-16
3.31131E+02  5.79919E-16
3.46737E+02  6.30285E-16
3.63078E+02  6.79496E-16
3.80189E+02  7.28304E-16
3.98107E+02  7.76477E-16
4.16869E+02  8.23658E-16
4.36516E+02  8.68122E-16
4.57088E+02  9.11235E-16
4.78630E+02  9.49631E-16
5.01187E+02  9.83224E-16
5.24807E+02  1.01085E-15
5.49541E+02  1.03133E-15
5.75440E+02  1.04699E-15
6.02560E+02  1.05213E-15
6.30957E+02  1.05119E-15
6.60693E+02  1.04130E-15
6.91831E+02  1.02585E-15
7.24436E+02  1.00369E-15
7.58577E+02  9.75195E-16
7.94328E+02  9.42321E-16
8.31763E+02  9.05274E-16
8.70963E+02  8.63114E-16
9.12011E+02  8.22074E-16
9.54993E+02  7.79152E-16
1.00000E+03  7.37716E-16
1.04713E+03  7.00812E-16
1.09648E+03  6.64012E-16
1.14815E+03  6.13609E-16
1.20226E+03  5.54304E-16
1.25893E+03  4.98767E-16
1.31826E+03  4.49120E-16
1.38038E+03  4.04189E-16
1.44544E+03  3.62664E-16
1.51356E+03  3.24641E-16
1.58489E+03  2.89693E-16
1.65959E+03  2.57689E-16
1.73780E+03  2.28679E-16
1.81970E+03  2.02088E-16
1.90546E+03  1.78194E-16
1.99526E+03  1.56330E-16
2.08930E+03  1.35788E-16
2.18776E+03  1.17565E-16
2.29087E+03  1.01698E-16
2.39883E+03  8.77659E-17
2.51189E+03  7.57617E-17
2.63027E+03  6.53864E-17
2.75423E+03  5.63404E-17
2.88403E+03  4.84617E-17
3.01995E+03  4.17263E-17
3.16228E+03  3.58886E-17
3.31131E+03  3.08528E-17
3.46737E+03  2.65391E-17
3.63078E+03  2.28296E-17
3.80189E+03  1.96277E-17
3.98107E+03  1.68926E-17
4.16869E+03  1.45380E-17
4.36516E+03  1.25167E-17
4.57088E+03  1.07886E-17
4.78630E+03  9.29699E-18
5.01187E+03  8.00978E-18
5.24807E+03  6.92050E-18
5.49541E+03  5.99931E-18
5.75440E+03  5.18651E-18
6.02560E+03  4.49830E-18
6.30957E+03  3.90640E-18
6.60693E+03  3.39786E-18
6.91831E+03  2.96132E-18
7.24436E+03  2.58572E-18
7.58577E+03  2.26283E-18
7.94328E+03  1.98613E-18
8.31763E+03  1.75105E-18
8.70963E+03  1.54622E-18
9.12010E+03  1.37585E-18
9.54993E+03  1.22719E-18
