#column 1 : lambda in microns
#column 2 : snu_eff in Jy / Lsun (in the cosmo of Planck 2013 XXX)
1.00000E+00  2.31129E-40
1.04713E+00  7.11085E-40
1.09648E+00  2.19185E-39
1.14815E+00  6.76881E-39
1.20226E+00  2.09421E-38
1.25893E+00  6.49117E-38
1.31826E+00  2.01562E-37
1.38038E+00  6.26991E-37
1.44544E+00  1.95373E-36
1.51356E+00  6.09810E-36
1.58489E+00  1.90648E-35
1.65959E+00  5.96978E-35
1.73780E+00  1.87215E-34
1.81970E+00  5.87974E-34
1.90546E+00  1.84920E-33
1.99526E+00  5.82361E-33
2.08930E+00  1.83634E-32
2.18776E+00  5.79749E-32
2.29087E+00  1.83243E-31
2.39883E+00  5.79813E-31
2.51189E+00  1.83651E-30
2.63027E+00  5.82266E-30
2.75423E+00  1.84776E-29
2.88403E+00  5.86868E-29
3.01995E+00  1.86545E-28
3.16228E+00  5.93410E-28
3.31131E+00  1.88899E-27
3.46737E+00  6.01710E-27
3.63078E+00  1.91785E-26
3.80189E+00  6.11624E-26
3.98107E+00  1.95158E-25
4.16869E+00  6.23020E-25
4.36516E+00  1.98982E-24
4.57088E+00  6.35786E-24
4.78630E+00  2.03226E-23
5.01187E+00  6.49839E-23
5.24807E+00  2.07862E-22
5.49541E+00  6.65093E-22
5.75440E+00  2.12870E-21
6.02560E+00  6.81491E-21
6.30957E+00  2.18229E-20
6.60693E+00  7.94843E-20
6.91831E+00  7.06506E-20
7.24436E+00  4.91297E-20
7.58578E+00  6.25383E-20
7.94328E+00  1.06910E-19
8.31764E+00  1.13670E-19
8.70964E+00  9.24445E-20
9.12011E+00  8.58524E-20
9.54992E+00  8.75918E-20
1.00000E+01  9.33395E-20
1.04713E+01  1.01203E-19
1.09648E+01  1.09692E-19
1.14815E+01  1.16027E-19
1.20226E+01  1.13217E-19
1.25893E+01  1.31501E-19
1.31826E+01  1.57593E-19
1.38038E+01  1.78206E-19
1.44544E+01  1.98518E-19
1.51356E+01  2.19709E-19
1.58489E+01  2.42856E-19
1.65959E+01  2.69100E-19
1.73780E+01  2.99201E-19
1.81970E+01  3.39291E-19
1.90546E+01  4.07306E-19
1.99526E+01  6.29980E-19
2.08930E+01  9.27109E-18
2.18776E+01  1.12138E-18
2.29087E+01  6.55462E-19
2.39883E+01  6.33093E-19
2.51189E+01  6.77498E-19
2.63027E+01  7.54822E-19
2.75423E+01  8.62247E-19
2.88403E+01  1.00672E-18
3.01995E+01  1.21086E-18
3.16228E+01  1.54305E-18
3.31131E+01  2.75192E-18
3.46737E+01  3.11880E-18
3.63078E+01  6.80882E-18
3.80189E+01  7.93194E-18
3.98107E+01  4.31323E-17
4.16869E+01  1.37028E-17
4.36516E+01  1.54836E-17
4.57088E+01  2.23556E-17
4.78630E+01  5.67798E-17
5.01187E+01  7.13405E-17
5.24807E+01  3.30926E-17
5.49541E+01  4.08994E-17
5.75440E+01  1.84391E-17
6.02560E+01  1.55942E-17
6.30957E+01  1.59958E-17
6.60693E+01  1.81955E-17
6.91831E+01  2.60295E-17
7.24436E+01  9.02306E-17
7.58578E+01  4.90753E-17
7.94328E+01  5.75636E-17
8.31764E+01  4.36220E-17
8.70963E+01  4.23317E-17
9.12011E+01  3.98835E-17
9.54992E+01  4.00940E-17
1.00000E+02  4.62467E-17
1.04713E+02  6.93300E-17
1.09648E+02  7.40999E-17
1.14815E+02  7.06592E-17
1.20226E+02  7.59134E-17
1.25893E+02  7.84859E-17
1.31826E+02  8.44847E-17
1.38038E+02  9.24084E-17
1.44544E+02  1.02653E-16
1.51356E+02  1.15988E-16
1.58489E+02  1.33888E-16
1.65959E+02  1.57958E-16
1.73780E+02  1.90647E-16
1.81970E+02  2.34650E-16
1.90546E+02  2.92093E-16
1.99526E+02  3.62534E-16
2.08930E+02  4.43776E-16
2.18776E+02  5.30585E-16
2.29087E+02  6.18474E-16
2.39883E+02  7.03213E-16
2.51189E+02  7.83702E-16
2.63027E+02  8.60517E-16
2.75423E+02  9.35253E-16
2.88403E+02  1.00828E-15
3.01995E+02  1.08070E-15
3.16228E+02  1.15218E-15
3.31131E+02  1.22219E-15
3.46737E+02  1.28817E-15
3.63078E+02  1.35214E-15
3.80189E+02  1.40912E-15
3.98107E+02  1.45896E-15
4.16869E+02  1.49996E-15
4.36516E+02  1.53035E-15
4.57088E+02  1.55359E-15
4.78630E+02  1.56122E-15
5.01187E+02  1.55981E-15
5.24807E+02  1.54515E-15
5.49541E+02  1.52222E-15
5.75440E+02  1.48934E-15
6.02560E+02  1.44705E-15
6.30957E+02  1.39827E-15
6.60693E+02  1.34330E-15
6.91831E+02  1.28074E-15
7.24436E+02  1.21984E-15
7.58577E+02  1.15615E-15
7.94328E+02  1.09467E-15
8.31763E+02  1.03991E-15
8.70963E+02  9.85299E-16
9.12011E+02  9.10508E-16
9.54993E+02  8.22508E-16
1.00000E+03  7.40098E-16
1.04713E+03  6.66431E-16
1.09648E+03  5.99758E-16
1.14815E+03  5.38142E-16
1.20226E+03  4.81721E-16
1.25893E+03  4.29863E-16
1.31826E+03  3.82374E-16
1.38038E+03  3.39328E-16
1.44544E+03  2.99870E-16
1.51356E+03  2.64415E-16
1.58489E+03  2.31972E-16
1.65959E+03  2.01489E-16
1.73780E+03  1.74450E-16
1.81970E+03  1.50906E-16
1.90546E+03  1.30232E-16
1.99526E+03  1.12419E-16
2.08930E+03  9.70242E-17
2.18776E+03  8.36011E-17
2.29087E+03  7.19103E-17
2.39883E+03  6.19159E-17
2.51189E+03  5.32537E-17
2.63027E+03  4.57811E-17
2.75423E+03  3.93803E-17
2.88403E+03  3.38758E-17
3.01995E+03  2.91247E-17
3.16228E+03  2.50662E-17
3.31131E+03  2.15722E-17
3.46737E+03  1.85730E-17
3.63078E+03  1.60086E-17
3.80189E+03  1.37954E-17
3.98107E+03  1.18854E-17
4.16869E+03  1.02691E-17
4.36516E+03  8.90214E-18
4.57088E+03  7.69607E-18
4.78630E+03  6.67484E-18
5.01187E+03  5.79655E-18
5.24807E+03  5.04193E-18
5.49541E+03  4.39417E-18
5.75440E+03  3.83684E-18
6.02560E+03  3.35771E-18
6.30957E+03  2.94713E-18
6.60693E+03  2.59831E-18
6.91831E+03  2.29436E-18
7.24436E+03  2.04157E-18
7.58577E+03  1.82098E-18
7.94328E+03  1.63690E-18
8.31763E+03  1.47869E-18
8.70963E+03  1.34524E-18
9.12010E+03  1.23188E-18
9.54993E+03  1.13766E-18
