#column 1 : lambda in microns
#column 2 : snu_eff in Jy / Lsun (in the cosmo of Planck 2013 XXX)
1.00000E+00  7.85261E-25
1.04713E+00  2.45630E-24
1.09648E+00  7.68482E-24
1.14815E+00  2.40476E-23
1.20226E+00  7.52649E-23
1.25893E+00  2.35612E-22
1.31826E+00  7.37710E-22
1.38038E+00  2.31024E-21
1.44544E+00  7.23618E-21
1.51356E+00  2.26695E-20
1.58489E+00  7.10327E-20
1.65959E+00  2.22616E-19
1.73780E+00  6.97805E-19
1.81970E+00  2.31325E-18
1.90546E+00  3.67779E-18
1.99526E+00  2.11466E-18
2.08930E+00  2.38621E-18
2.18776E+00  3.93160E-18
2.29087E+00  4.97001E-18
2.39883E+00  4.05139E-18
2.51189E+00  3.65415E-18
2.63027E+00  3.67301E-18
2.75423E+00  3.88625E-18
2.88403E+00  4.20627E-18
3.01995E+00  4.57039E-18
3.16228E+00  4.88962E-18
3.31131E+00  4.87795E-18
3.46737E+00  5.28117E-18
3.63078E+00  6.43930E-18
3.80189E+00  7.34207E-18
3.98107E+00  8.18664E-18
4.16869E+00  9.05773E-18
4.36516E+00  1.00046E-17
4.57088E+00  1.10462E-17
4.78630E+00  1.22444E-17
5.01187E+00  1.37532E-17
5.24807E+00  1.60739E-17
5.49541E+00  2.21764E-17
5.75440E+00  1.02276E-16
6.02560E+00  7.26127E-17
6.30957E+00  2.81867E-17
6.60693E+00  2.54176E-17
6.91831E+00  2.63961E-17
7.24436E+00  2.87130E-17
7.58578E+00  3.20515E-17
7.94328E+00  3.65860E-17
8.31764E+00  4.29279E-17
8.70964E+00  5.30717E-17
9.12011E+00  8.15058E-17
9.54992E+00  1.20646E-16
1.00000E+01  2.01598E-16
1.04713E+01  2.48357E-16
1.09648E+01  1.34877E-15
1.14815E+01  5.55625E-16
1.20226E+01  5.90039E-16
1.25893E+01  7.30907E-16
1.31826E+01  1.63655E-15
1.38038E+01  2.83499E-15
1.44544E+01  1.43412E-15
1.51356E+01  1.40393E-15
1.58489E+01  7.65255E-16
1.65959E+01  5.48387E-16
1.73780E+01  5.33304E-16
1.81970E+01  5.85465E-16
1.90546E+01  7.80878E-16
1.99526E+01  3.46105E-15
2.08930E+01  1.61110E-15
2.18776E+01  1.77500E-15
2.29087E+01  1.75857E-15
2.39883E+01  1.52093E-15
2.51189E+01  1.31101E-15
2.63027E+01  1.23566E-15
2.75423E+01  1.36933E-15
2.88403E+01  1.73903E-15
3.01995E+01  2.20079E-15
3.16228E+01  2.08686E-15
3.31131E+01  2.06357E-15
3.46737E+01  2.14349E-15
3.63078E+01  2.25324E-15
3.80189E+01  2.41292E-15
3.98107E+01  2.61891E-15
4.16869E+01  2.88151E-15
4.36516E+01  3.22119E-15
4.57088E+01  3.65457E-15
4.78630E+01  4.21236E-15
5.01187E+01  4.91746E-15
5.24807E+01  5.77441E-15
5.49541E+01  6.78368E-15
5.75440E+01  7.91179E-15
6.02560E+01  9.11646E-15
6.30957E+01  1.03703E-14
6.60693E+01  1.16736E-14
6.91831E+01  1.30384E-14
7.24436E+01  1.44961E-14
7.58578E+01  1.60965E-14
7.94328E+01  1.78639E-14
8.31764E+01  1.98262E-14
8.70963E+01  2.20119E-14
9.12011E+01  2.44126E-14
9.54992E+01  2.70145E-14
1.00000E+02  2.98065E-14
1.04713E+02  3.27574E-14
1.09648E+02  3.58226E-14
1.14815E+02  3.89468E-14
1.20226E+02  4.20790E-14
1.25893E+02  4.51468E-14
1.31826E+02  4.81115E-14
1.38038E+02  5.08627E-14
1.44544E+02  5.33572E-14
1.51356E+02  5.55653E-14
1.58489E+02  5.74378E-14
1.65959E+02  5.89420E-14
1.73780E+02  6.00417E-14
1.81970E+02  6.07371E-14
1.90546E+02  6.10261E-14
1.99526E+02  6.09945E-14
2.08930E+02  6.07575E-14
2.18776E+02  6.03641E-14
2.29087E+02  6.00036E-14
2.39883E+02  5.96023E-14
2.51189E+02  5.79685E-14
2.63027E+02  5.45984E-14
2.75423E+02  5.09823E-14
2.88403E+02  4.75277E-14
3.01995E+02  4.42459E-14
3.16228E+02  4.10635E-14
3.31131E+02  3.79942E-14
3.46737E+02  3.49754E-14
3.63078E+02  3.20533E-14
3.80189E+02  2.92662E-14
3.98107E+02  2.65934E-14
4.16869E+02  2.40759E-14
4.36516E+02  2.16777E-14
4.57088E+02  1.93318E-14
4.78630E+02  1.71133E-14
5.01187E+02  1.51150E-14
5.24807E+02  1.33350E-14
5.49541E+02  1.17285E-14
5.75440E+02  1.02936E-14
6.02560E+02  9.01924E-15
6.30957E+02  7.89076E-15
6.60693E+02  6.89052E-15
6.91831E+02  6.00949E-15
7.24436E+02  5.23664E-15
7.58577E+02  4.55632E-15
7.94328E+02  3.96262E-15
8.31763E+02  3.44438E-15
8.70963E+02  2.98997E-15
9.12011E+02  2.59506E-15
9.54993E+02  2.25103E-15
1.00000E+03  1.95192E-15
1.04713E+03  1.69192E-15
1.09648E+03  1.46645E-15
1.14815E+03  1.27089E-15
1.20226E+03  1.10208E-15
1.25893E+03  9.55217E-16
1.31826E+03  8.27869E-16
1.38038E+03  7.17804E-16
1.44544E+03  6.22240E-16
1.51356E+03  5.39218E-16
1.58489E+03  4.67281E-16
1.65959E+03  4.04905E-16
1.73780E+03  3.50866E-16
1.81970E+03  3.04653E-16
1.90546E+03  2.64351E-16
1.99526E+03  2.29832E-16
2.08930E+03  1.99874E-16
2.18776E+03  1.74617E-16
2.29087E+03  1.52435E-16
2.39883E+03  1.33651E-16
2.51189E+03  1.17436E-16
2.63027E+03  1.03543E-16
2.75423E+03  9.17093E-17
2.88403E+03  8.14719E-17
3.01995E+03  7.27859E-17
3.16228E+03  6.53504E-17
3.31131E+03  5.90643E-17
3.46737E+03  5.36342E-17
3.63078E+03  4.90136E-17
3.80189E+03  4.51092E-17
3.98107E+03  4.17816E-17
4.16869E+03  3.89749E-17
4.36516E+03  3.66073E-17
4.57088E+03  3.46248E-17
4.78630E+03  3.29605E-17
5.01187E+03  3.15763E-17
5.24807E+03  3.04451E-17
5.49541E+03  2.95118E-17
5.75440E+03  2.87586E-17
6.02560E+03  2.81644E-17
6.30957E+03  2.77095E-17
6.60693E+03  2.73712E-17
6.91831E+03  2.71390E-17
7.24436E+03  2.69988E-17
7.58577E+03  2.69371E-17
7.94328E+03  2.69483E-17
8.31763E+03  2.70243E-17
8.70963E+03  2.71558E-17
9.12010E+03  2.73396E-17
9.54993E+03  2.75702E-17
