#column 1 : lambda in microns
#column 2 : snu_eff in Jy / Lsun (in the cosmo of Planck 2013 XXX)
1.00000E+00  4.82671E-27
1.04713E+00  1.51259E-26
1.09648E+00  4.74158E-26
1.14815E+00  1.48681E-25
1.20226E+00  4.66351E-25
1.25893E+00  1.46318E-24
1.31826E+00  4.59207E-24
1.38038E+00  1.44159E-23
1.44544E+00  4.52687E-23
1.51356E+00  1.42191E-22
1.58489E+00  4.46753E-22
1.65959E+00  1.40405E-21
1.73780E+00  4.41380E-21
1.81970E+00  1.38791E-20
1.90546E+00  4.36540E-20
1.99526E+00  1.37342E-19
2.08930E+00  4.32210E-19
2.18776E+00  1.54883E-18
2.29087E+00  1.38030E-18
2.39883E+00  9.66906E-19
2.51189E+00  1.22878E-18
2.63027E+00  2.09040E-18
2.75423E+00  2.22208E-18
2.88403E+00  1.81588E-18
3.01995E+00  1.69248E-18
3.16228E+00  1.72943E-18
3.31131E+00  1.84473E-18
3.46737E+00  2.00082E-18
3.63078E+00  2.17011E-18
3.80189E+00  2.29827E-18
3.98107E+00  2.24774E-18
4.16869E+00  2.60318E-18
4.36516E+00  3.11212E-18
4.57088E+00  3.51861E-18
4.78630E+00  3.91313E-18
5.01187E+00  4.32695E-18
5.24807E+00  4.78099E-18
5.49541E+00  5.28417E-18
5.75440E+00  5.86976E-18
6.02560E+00  6.63246E-18
6.30957E+00  7.93182E-18
6.60693E+00  1.22044E-17
6.91831E+00  1.78774E-16
7.24436E+00  2.15743E-17
7.58578E+00  1.25144E-17
7.94328E+00  1.19592E-17
8.31764E+00  1.26389E-17
8.70964E+00  1.38873E-17
9.12011E+00  1.56229E-17
9.54992E+00  1.79846E-17
1.00000E+01  2.13575E-17
1.04713E+01  2.70540E-17
1.09648E+01  4.92142E-17
1.14815E+01  5.51768E-17
1.20226E+01  1.23807E-16
1.25893E+01  1.43467E-16
1.31826E+01  8.03752E-16
1.38038E+01  2.47800E-16
1.44544E+01  2.78680E-16
1.51356E+01  4.03639E-16
1.58489E+01  1.03724E-15
1.65959E+01  1.29939E-15
1.73780E+01  5.91295E-16
1.81970E+01  7.31481E-16
1.90546E+01  3.14806E-16
1.99526E+01  2.57945E-16
2.08930E+01  2.60100E-16
2.18776E+01  2.94845E-16
2.29087E+01  4.33471E-16
2.39883E+01  1.60449E-15
2.51189E+01  8.39647E-16
2.63027E+01  9.82515E-16
2.75423E+01  7.19372E-16
2.88403E+01  6.84153E-16
3.01995E+01  6.27040E-16
3.16228E+01  6.13694E-16
3.31131E+01  6.97158E-16
3.46737E+01  1.05563E-15
3.63078E+01  1.10313E-15
3.80189E+01  1.01374E-15
3.98107E+01  1.06840E-15
4.16869E+01  1.08114E-15
4.36516E+01  1.14697E-15
4.57088E+01  1.23635E-15
4.78630E+01  1.34971E-15
5.01187E+01  1.49714E-15
5.24807E+01  1.68704E-15
5.49541E+01  1.93133E-15
5.75440E+01  2.24472E-15
6.02560E+01  2.64128E-15
6.30957E+01  3.12919E-15
6.60693E+01  3.69789E-15
6.91831E+01  4.33110E-15
7.24436E+01  5.00635E-15
7.58578E+01  5.71165E-15
7.94328E+01  6.43809E-15
8.31764E+01  7.19565E-15
8.70963E+01  8.00520E-15
9.12011E+01  8.87919E-15
9.54992E+01  9.83532E-15
1.00000E+02  1.08873E-14
1.04713E+02  1.20330E-14
1.09648E+02  1.32767E-14
1.14815E+02  1.46031E-14
1.20226E+02  1.59994E-14
1.25893E+02  1.74526E-14
1.31826E+02  1.89254E-14
1.38038E+02  2.04019E-14
1.44544E+02  2.18443E-14
1.51356E+02  2.32238E-14
1.58489E+02  2.45199E-14
1.65959E+02  2.56769E-14
1.73780E+02  2.66815E-14
1.81970E+02  2.75287E-14
1.90546E+02  2.81941E-14
1.99526E+02  2.86693E-14
2.08930E+02  2.89364E-14
2.18776E+02  2.90161E-14
2.29087E+02  2.89053E-14
2.39883E+02  2.86636E-14
2.51189E+02  2.83331E-14
2.63027E+02  2.79526E-14
2.75423E+02  2.76096E-14
2.88403E+02  2.71864E-14
3.01995E+02  2.60389E-14
3.16228E+02  2.43025E-14
3.31131E+02  2.25492E-14
3.46737E+02  2.09160E-14
3.63078E+02  1.93722E-14
3.80189E+02  1.78739E-14
3.98107E+02  1.64389E-14
4.16869E+02  1.50532E-14
4.36516E+02  1.37251E-14
4.57088E+02  1.24696E-14
4.78630E+02  1.12754E-14
5.01187E+02  1.01607E-14
5.24807E+02  9.09785E-15
5.49541E+02  8.05981E-15
5.75440E+02  7.11001E-15
6.02560E+02  6.26111E-15
6.30957E+02  5.49836E-15
6.60693E+02  4.82125E-15
6.91831E+02  4.21989E-15
7.24436E+02  3.68718E-15
7.58577E+02  3.21512E-15
7.94328E+02  2.80183E-15
8.31763E+02  2.43832E-15
8.70963E+02  2.11910E-15
9.12011E+02  1.84094E-15
9.54993E+02  1.59831E-15
1.00000E+03  1.38610E-15
1.04713E+03  1.20186E-15
1.09648E+03  1.04140E-15
1.14815E+03  9.02061E-16
1.20226E+03  7.81371E-16
1.25893E+03  6.76514E-16
1.31826E+03  5.85929E-16
1.38038E+03  5.07257E-16
1.44544E+03  4.39659E-16
1.51356E+03  3.80843E-16
1.58489E+03  3.29934E-16
1.65959E+03  2.85953E-16
1.73780E+03  2.47852E-16
1.81970E+03  2.14819E-16
1.90546E+03  1.86150E-16
1.99526E+03  1.61395E-16
2.08930E+03  1.40012E-16
2.18776E+03  1.21744E-16
2.29087E+03  1.05648E-16
2.39883E+03  9.21985E-17
2.51189E+03  8.03462E-17
2.63027E+03  7.02767E-17
2.75423E+03  6.16450E-17
2.88403E+03  5.42633E-17
3.01995E+03  4.78740E-17
3.16228E+03  4.24654E-17
3.31131E+03  3.77802E-17
3.46737E+03  3.38035E-17
3.63078E+03  3.04282E-17
3.80189E+03  2.75249E-17
3.98107E+03  2.50657E-17
4.16869E+03  2.29669E-17
4.36516E+03  2.11827E-17
4.57088E+03  1.96795E-17
4.78630E+03  1.84023E-17
5.01187E+03  1.73292E-17
5.24807E+03  1.64283E-17
5.49541E+03  1.56773E-17
5.75440E+03  1.50563E-17
6.02560E+03  1.45467E-17
6.30957E+03  1.41306E-17
6.60693E+03  1.37976E-17
6.91831E+03  1.35369E-17
7.24436E+03  1.33390E-17
7.58577E+03  1.31944E-17
7.94328E+03  1.30995E-17
8.31763E+03  1.30464E-17
8.70963E+03  1.30293E-17
9.12010E+03  1.30458E-17
9.54993E+03  1.30915E-17
