#column 1 : lambda in microns
#column 2 : snu_eff in Jy / Lsun (in the cosmo of Planck 2013 XXX)
1.00000E+00  3.92364E-44
1.04713E+00  1.23314E-43
1.09648E+00  3.72745E-43
1.14815E+00  1.13645E-42
1.20226E+00  3.46121E-42
1.25893E+00  1.05714E-41
1.31826E+00  3.23840E-41
1.38038E+00  9.93927E-41
1.44544E+00  3.05657E-40
1.51356E+00  9.41720E-40
1.58489E+00  2.90687E-39
1.65959E+00  8.98958E-39
1.73780E+00  2.78517E-38
1.81970E+00  8.64468E-38
1.90546E+00  2.68793E-37
1.99526E+00  8.37220E-37
2.08930E+00  2.61214E-36
2.18776E+00  8.16333E-36
2.29087E+00  2.55522E-35
2.39883E+00  8.01044E-35
2.51189E+00  2.51492E-34
2.63027E+00  7.90690E-34
2.75423E+00  2.48931E-33
2.88403E+00  7.84709E-33
3.01995E+00  2.47670E-32
3.16228E+00  7.82611E-32
3.31131E+00  2.47569E-31
3.46737E+00  7.83969E-31
3.63078E+00  2.48503E-30
3.80189E+00  7.88432E-30
3.98107E+00  2.50366E-29
4.16869E+00  7.95685E-29
4.36516E+00  2.53068E-28
4.57088E+00  8.05460E-28
4.78630E+00  2.56533E-27
5.01187E+00  8.17542E-27
5.24807E+00  2.60691E-26
5.49541E+00  8.31726E-26
5.75440E+00  2.65491E-25
6.02560E+00  8.47854E-25
6.30957E+00  2.70882E-24
6.60693E+00  8.65793E-24
6.91831E+00  2.76826E-23
7.24436E+00  8.85418E-23
7.58578E+00  2.83289E-22
7.94328E+00  9.06647E-22
8.31764E+00  2.90243E-21
8.70964E+00  9.29386E-21
9.12011E+00  3.14634E-20
9.54992E+00  5.02172E-20
1.00000E+01  2.85642E-20
1.04713E+01  3.22170E-20
1.09648E+01  5.34327E-20
1.14815E+01  6.76597E-20
1.20226E+01  5.48620E-20
1.25893E+01  4.92549E-20
1.31826E+01  4.93897E-20
1.38038E+01  5.22025E-20
1.44544E+01  5.64781E-20
1.51356E+01  6.13373E-20
1.58489E+01  6.55517E-20
1.65959E+01  6.52257E-20
1.73780E+01  7.06641E-20
1.81970E+01  8.64478E-20
1.90546E+01  9.87438E-20
1.99526E+01  1.10179E-19
2.08930E+01  1.22062E-19
2.18776E+01  1.34995E-19
2.29087E+01  1.49349E-19
2.39883E+01  1.65918E-19
2.51189E+01  1.86877E-19
2.63027E+01  2.19356E-19
2.75423E+01  3.04340E-19
2.88403E+01  1.41377E-18
3.01995E+01  1.00541E-18
3.16228E+01  3.93232E-19
3.31131E+01  3.58584E-19
3.46737E+01  3.77714E-19
3.63078E+01  4.17290E-19
3.80189E+01  4.74045E-19
3.98107E+01  5.50429E-19
4.16869E+01  6.56230E-19
4.36516E+01  8.19840E-19
4.57088E+01  1.24660E-18
4.78630E+01  1.82989E-18
5.01187E+01  3.01480E-18
5.24807E+01  3.72473E-18
5.49541E+01  1.94387E-17
5.75440E+01  8.23648E-18
6.02560E+01  8.81907E-18
6.30957E+01  1.09495E-17
6.60693E+01  2.41872E-17
6.91831E+01  4.18179E-17
7.24436E+01  2.15701E-17
7.58578E+01  2.12263E-17
7.94328E+01  1.20336E-17
8.31764E+01  9.00037E-18
8.70963E+01  8.96922E-18
9.12011E+01  9.93592E-18
9.54992E+01  1.29891E-17
1.00000E+02  5.24222E-17
1.04713E+02  2.56957E-17
1.09648E+02  2.84940E-17
1.14815E+02  2.86930E-17
1.20226E+02  2.55695E-17
1.25893E+02  2.28604E-17
1.31826E+02  2.23073E-17
1.38038E+02  2.52115E-17
1.44544E+02  3.22075E-17
1.51356E+02  4.10746E-17
1.58489E+02  4.05151E-17
1.65959E+02  4.14078E-17
1.73780E+02  4.40141E-17
1.81970E+02  4.71651E-17
1.90546E+02  5.14390E-17
1.99526E+02  5.69134E-17
2.08930E+02  6.40145E-17
2.18776E+02  7.34828E-17
2.29087E+02  8.61527E-17
2.39883E+02  1.03449E-16
2.51189E+02  1.26847E-16
2.63027E+02  1.57386E-16
2.75423E+02  1.95828E-16
2.88403E+02  2.40881E-16
3.01995E+02  2.89820E-16
3.16228E+02  3.39941E-16
3.31131E+02  3.88666E-16
3.46737E+02  4.35198E-16
3.63078E+02  4.79419E-16
3.80189E+02  5.22236E-16
3.98107E+02  5.63919E-16
4.16869E+02  6.05217E-16
4.36516E+02  6.46351E-16
4.57088E+02  6.86443E-16
4.78630E+02  7.24729E-16
5.01187E+02  7.61167E-16
5.24807E+02  7.94490E-16
5.49541E+02  8.24893E-16
5.75440E+02  8.49741E-16
6.02560E+02  8.68605E-16
6.30957E+02  8.81010E-16
6.60693E+02  8.89136E-16
6.91831E+02  8.88553E-16
7.24436E+02  8.83961E-16
7.58577E+02  8.70750E-16
7.94328E+02  8.53451E-16
8.31763E+02  8.30725E-16
8.70963E+02  8.04490E-16
9.12011E+02  7.72913E-16
9.54993E+02  7.38865E-16
1.00000E+03  7.02940E-16
1.04713E+03  6.67128E-16
1.09648E+03  6.33001E-16
1.14815E+03  5.99409E-16
1.20226E+03  5.68860E-16
1.25893E+03  5.30205E-16
1.31826E+03  4.80218E-16
1.38038E+03  4.33149E-16
1.44544E+03  3.89785E-16
1.51356E+03  3.50777E-16
1.58489E+03  3.14987E-16
1.65959E+03  2.82396E-16
1.73780E+03  2.52092E-16
1.81970E+03  2.24317E-16
1.90546E+03  1.99182E-16
1.99526E+03  1.76173E-16
2.08930E+03  1.55510E-16
2.18776E+03  1.36639E-16
2.29087E+03  1.18985E-16
2.39883E+03  1.03081E-16
2.51189E+03  8.90518E-17
2.63027E+03  7.70738E-17
2.75423E+03  6.64376E-17
2.88403E+03  5.74015E-17
3.01995E+03  4.94280E-17
3.16228E+03  4.25593E-17
3.31131E+03  3.66201E-17
3.46737E+03  3.15025E-17
3.63078E+03  2.71027E-17
3.80189E+03  2.32941E-17
3.98107E+03  2.00331E-17
4.16869E+03  1.72361E-17
4.36516E+03  1.48233E-17
4.57088E+03  1.27502E-17
4.78630E+03  1.09846E-17
5.01187E+03  9.45886E-18
5.24807E+03  8.15214E-18
5.49541E+03  7.03229E-18
5.75440E+03  6.07217E-18
6.02560E+03  5.25211E-18
6.30957E+03  4.54839E-18
6.60693E+03  3.93989E-18
6.91831E+03  3.42083E-18
7.24436E+03  2.97465E-18
7.58577E+03  2.59036E-18
7.94328E+03  2.26108E-18
8.31763E+03  1.97747E-18
8.70963E+03  1.73414E-18
9.12010E+03  1.52680E-18
9.54993E+03  1.34879E-18
