#column 1 : lambda in microns
#column 2 : snu_eff in Jy / Lsun (in the cosmo of Planck 2013 XXX)
1.00000E+00  6.78950E-36
1.04713E+00  2.13577E-35
1.09648E+00  6.72724E-35
1.14815E+00  2.12157E-34
1.20226E+00  6.69876E-34
1.25893E+00  2.11747E-33
1.31826E+00  6.70044E-33
1.38038E+00  2.12239E-32
1.44544E+00  6.72916E-32
1.51356E+00  2.13541E-31
1.58489E+00  6.78217E-31
1.65959E+00  2.15575E-30
1.73780E+00  6.85725E-30
1.81970E+00  2.18274E-29
1.90546E+00  6.95240E-29
1.99526E+00  2.21580E-28
2.08930E+00  7.06595E-28
2.18776E+00  2.25445E-27
2.29087E+00  7.19652E-27
2.39883E+00  2.29828E-26
2.51189E+00  7.34289E-26
2.63027E+00  2.34695E-25
2.75423E+00  7.50412E-25
2.88403E+00  2.40017E-24
3.01995E+00  7.67934E-24
3.16228E+00  2.45772E-23
3.31131E+00  7.86790E-23
3.46737E+00  2.51939E-22
3.63078E+00  8.06928E-22
3.80189E+00  2.58504E-21
3.98107E+00  8.28301E-21
4.16869E+00  2.65455E-20
4.36516E+00  8.54973E-20
4.57088E+00  2.29873E-19
4.78630E+00  1.16461E-19
5.01187E+00  1.13883E-19
5.24807E+00  1.77734E-19
5.49541E+00  2.62480E-19
5.75440E+00  2.20513E-19
6.02560E+00  1.90977E-19
6.30957E+00  1.87496E-19
6.60693E+00  1.96262E-19
6.91831E+00  2.11462E-19
7.24436E+00  2.29825E-19
7.58578E+00  2.47436E-19
7.94328E+00  2.52610E-19
8.31764E+00  2.56385E-19
8.70964E+00  3.16973E-19
9.12011E+00  3.66270E-19
9.54992E+00  4.10490E-19
1.00000E+01  4.55134E-19
1.04713E+01  5.03088E-19
1.09648E+01  5.56173E-19
1.14815E+01  6.16804E-19
1.20226E+01  6.90493E-19
1.25893E+01  7.97461E-19
1.31826E+01  1.03230E-18
1.38038E+01  2.61763E-18
1.44544E+01  8.95788E-18
1.51356E+01  1.62252E-18
1.58489E+01  1.35583E-18
1.65959E+01  1.39165E-18
1.73780E+01  1.51650E-18
1.81970E+01  1.70220E-18
1.90546E+01  1.95335E-18
1.99526E+01  2.30045E-18
2.08930E+01  2.81654E-18
2.18776E+01  3.91101E-18
2.29087E+01  7.65559E-18
2.39883E+01  8.44466E-18
2.51189E+01  1.30523E-17
2.63027E+01  3.94703E-17
2.75423E+01  3.86574E-17
2.88403E+01  3.21472E-17
3.01995E+01  3.61077E-17
3.16228E+01  7.01132E-17
3.31131E+01  1.58257E-16
3.46737E+01  9.98949E-17
3.63078E+01  6.87432E-17
3.80189E+01  5.43569E-17
3.98107E+01  3.31073E-17
4.16869E+01  3.14792E-17
4.36516E+01  3.39285E-17
4.57088E+01  4.19234E-17
4.78630E+01  1.03525E-16
5.01187E+01  9.90194E-17
5.24807E+01  1.03152E-16
5.49541E+01  1.29317E-16
5.75440E+01  8.92744E-17
6.02560E+01  7.86244E-17
6.30957E+01  7.76988E-17
6.60693E+01  8.55915E-17
6.91831E+01  1.03139E-16
7.24436E+01  1.37379E-16
7.58578E+01  1.42598E-16
7.94328E+01  1.39780E-16
8.31764E+01  1.49682E-16
8.70963E+01  1.58345E-16
9.12011E+01  1.71392E-16
9.54992E+01  1.88295E-16
1.00000E+02  2.09770E-16
1.04713E+02  2.38389E-16
1.09648E+02  2.76473E-16
1.14815E+02  3.27927E-16
1.20226E+02  3.97707E-16
1.25893E+02  4.90049E-16
1.31826E+02  6.07820E-16
1.38038E+02  7.48062E-16
1.44544E+02  9.06143E-16
1.51356E+02  1.07317E-15
1.58489E+02  1.24064E-15
1.65959E+02  1.40578E-15
1.73780E+02  1.56793E-15
1.81970E+02  1.72872E-15
1.90546E+02  1.88998E-15
1.99526E+02  2.05443E-15
2.08930E+02  2.22142E-15
2.18776E+02  2.39072E-15
2.29087E+02  2.55877E-15
2.39883E+02  2.72172E-15
2.51189E+02  2.87956E-15
2.63027E+02  3.02933E-15
2.75423E+02  3.16122E-15
2.88403E+02  3.27587E-15
3.01995E+02  3.36851E-15
3.16228E+02  3.44134E-15
3.31131E+02  3.48766E-15
3.46737E+02  3.51003E-15
3.63078E+02  3.50270E-15
3.80189E+02  3.47130E-15
3.98107E+02  3.41819E-15
4.16869E+02  3.34416E-15
4.36516E+02  3.24856E-15
4.57088E+02  3.13912E-15
4.78630E+02  3.01621E-15
5.01187E+02  2.88976E-15
5.24807E+02  2.75983E-15
5.49541E+02  2.63802E-15
5.75440E+02  2.52297E-15
6.02560E+02  2.38542E-15
6.30957E+02  2.18761E-15
6.60693E+02  1.98464E-15
6.91831E+02  1.79754E-15
7.24436E+02  1.62634E-15
7.58577E+02  1.46941E-15
7.94328E+02  1.32450E-15
8.31763E+02  1.18870E-15
8.70963E+02  1.06438E-15
9.12011E+02  9.49845E-16
9.54993E+02  8.44198E-16
1.00000E+03  7.48485E-16
1.04713E+03  6.61303E-16
1.09648E+03  5.79407E-16
1.14815E+03  5.03878E-16
1.20226E+03  4.37399E-16
1.25893E+03  3.79333E-16
1.31826E+03  3.28235E-16
1.38038E+03  2.84050E-16
1.44544E+03  2.45396E-16
1.51356E+03  2.11769E-16
1.58489E+03  1.82644E-16
1.65959E+03  1.57519E-16
1.73780E+03  1.35732E-16
1.81970E+03  1.16907E-16
1.90546E+03  1.00730E-16
1.99526E+03  8.67338E-17
2.08930E+03  7.47251E-17
2.18776E+03  6.43422E-17
2.29087E+03  5.54380E-17
2.39883E+03  4.77619E-17
2.51189E+03  4.11850E-17
2.63027E+03  3.55407E-17
2.75423E+03  3.06605E-17
2.88403E+03  2.65051E-17
3.01995E+03  2.29323E-17
3.16228E+03  1.98529E-17
3.31131E+03  1.72138E-17
3.46737E+03  1.49402E-17
3.63078E+03  1.29833E-17
3.80189E+03  1.12949E-17
3.98107E+03  9.84397E-18
4.16869E+03  8.59744E-18
4.36516E+03  7.52636E-18
4.57088E+03  6.62093E-18
4.78630E+03  5.83748E-18
5.01187E+03  5.16445E-18
5.24807E+03  4.58998E-18
5.49541E+03  4.10717E-18
5.75440E+03  3.69001E-18
6.02560E+03  3.33852E-18
6.30957E+03  3.03868E-18
6.60693E+03  2.78634E-18
6.91831E+03  2.57132E-18
7.24436E+03  2.38963E-18
7.58577E+03  2.23833E-18
7.94328E+03  2.11194E-18
8.31763E+03  2.00545E-18
8.70963E+03  1.91793E-18
9.12010E+03  1.84626E-18
9.54993E+03  1.78729E-18
