#column 1 : lambda in microns
#column 2 : snu_eff in Jy / Lsun (in the cosmo of Planck 2013 XXX)
1.00000E+00  1.10841E-24
1.04713E+00  3.46564E-24
1.09648E+00  1.08380E-23
1.14815E+00  3.39003E-23
1.20226E+00  1.06057E-22
1.25893E+00  3.31864E-22
1.31826E+00  1.03864E-21
1.38038E+00  3.25126E-21
1.44544E+00  1.01794E-20
1.51356E+00  3.18768E-20
1.58489E+00  9.98414E-20
1.65959E+00  3.12773E-19
1.73780E+00  9.80011E-19
1.81970E+00  3.49814E-18
1.90546E+00  3.11953E-18
1.99526E+00  2.18881E-18
2.08930E+00  2.78047E-18
2.18776E+00  4.72438E-18
2.29087E+00  5.02286E-18
2.39883E+00  4.10878E-18
2.51189E+00  3.83235E-18
2.63027E+00  3.91751E-18
2.75423E+00  4.17951E-18
2.88403E+00  4.53326E-18
3.01995E+00  4.91715E-18
3.16228E+00  5.20819E-18
3.31131E+00  5.09643E-18
3.46737E+00  5.90012E-18
3.63078E+00  7.05016E-18
3.80189E+00  7.96887E-18
3.98107E+00  8.86087E-18
4.16869E+00  9.79587E-18
4.36516E+00  1.08209E-17
4.57088E+00  1.19564E-17
4.78630E+00  1.32766E-17
5.01187E+00  1.49940E-17
5.24807E+00  1.79184E-17
5.49541E+00  2.75377E-17
5.75440E+00  4.02810E-16
6.02560E+00  4.86141E-17
6.30957E+00  2.81725E-17
6.60693E+00  2.68779E-17
6.91831E+00  2.83457E-17
7.24436E+00  3.10708E-17
7.58578E+00  3.48634E-17
7.94328E+00  4.00279E-17
8.31764E+00  4.74262E-17
8.70964E+00  5.99962E-17
9.12011E+00  1.09514E-16
9.54992E+00  1.22543E-16
1.00000E+01  2.76257E-16
1.04713E+01  3.19806E-16
1.09648E+01  1.80076E-15
1.14815E+01  5.52370E-16
1.20226E+01  6.20614E-16
1.25893E+01  8.99342E-16
1.31826E+01  2.31584E-15
1.38038E+01  2.89969E-15
1.44544E+01  1.31519E-15
1.51356E+01  1.62756E-15
1.58489E+01  6.94999E-16
1.65959E+01  5.66428E-16
1.73780E+01  5.69203E-16
1.81970E+01  6.44615E-16
1.90546E+01  9.52282E-16
1.99526E+01  3.56679E-15
2.08930E+01  1.85378E-15
2.18776E+01  2.16817E-15
2.29087E+01  1.57734E-15
2.39883E+01  1.49452E-15
2.51189E+01  1.36245E-15
2.63027E+01  1.32615E-15
2.75423E+01  1.50191E-15
2.88403E+01  2.27969E-15
3.01995E+01  2.37035E-15
3.16228E+01  2.16044E-15
3.31131E+01  2.26621E-15
3.46737E+01  2.28127E-15
3.63078E+01  2.41127E-15
3.80189E+01  2.58994E-15
3.98107E+01  2.81722E-15
4.16869E+01  3.11309E-15
4.36516E+01  3.49343E-15
4.57088E+01  3.98042E-15
4.78630E+01  4.60095E-15
5.01187E+01  5.37929E-15
5.24807E+01  6.32692E-15
5.49541E+01  7.41915E-15
5.75440E+01  8.62315E-15
6.02560E+01  9.89841E-15
6.30957E+01  1.12287E-14
6.60693E+01  1.26046E-14
6.91831E+01  1.40531E-14
7.24436E+01  1.56210E-14
7.58578E+01  1.73382E-14
7.94328E+01  1.92442E-14
8.31764E+01  2.13708E-14
8.70963E+01  2.37192E-14
9.12011E+01  2.63045E-14
9.54992E+01  2.91016E-14
1.00000E+02  3.20875E-14
1.04713E+02  3.52424E-14
1.09648E+02  3.84945E-14
1.14815E+02  4.18114E-14
1.20226E+02  4.51116E-14
1.25893E+02  4.83372E-14
1.31826E+02  5.14428E-14
1.38038E+02  5.42997E-14
1.44544E+02  5.68721E-14
1.51356E+02  5.91446E-14
1.58489E+02  6.10501E-14
1.65959E+02  6.25620E-14
1.73780E+02  6.36306E-14
1.81970E+02  6.42843E-14
1.90546E+02  6.45228E-14
1.99526E+02  6.44458E-14
2.08930E+02  6.41673E-14
2.18776E+02  6.37597E-14
2.29087E+02  6.34241E-14
2.39883E+02  6.28825E-14
2.51189E+02  6.06123E-14
2.63027E+02  5.68899E-14
2.75423E+02  5.30755E-14
2.88403E+02  4.94929E-14
3.01995E+02  4.60761E-14
3.16228E+02  4.27267E-14
3.31131E+02  3.94864E-14
3.46737E+02  3.63265E-14
3.63078E+02  3.32698E-14
3.80189E+02  3.03561E-14
3.98107E+02  2.75596E-14
4.16869E+02  2.49325E-14
4.36516E+02  2.24078E-14
4.57088E+02  1.99226E-14
4.78630E+02  1.76341E-14
5.01187E+02  1.55790E-14
5.24807E+02  1.37232E-14
5.49541E+02  1.20675E-14
5.75440E+02  1.05909E-14
6.02560E+02  9.27773E-15
6.30957E+02  8.10939E-15
6.60693E+02  7.08310E-15
6.91831E+02  6.17716E-15
7.24436E+02  5.37929E-15
7.58577E+02  4.68199E-15
7.94328E+02  4.07214E-15
8.31763E+02  3.53709E-15
8.70963E+02  3.07168E-15
9.12011E+02  2.66539E-15
9.54993E+02  2.31163E-15
1.00000E+03  2.00473E-15
1.04713E+03  1.73759E-15
1.09648E+03  1.50637E-15
1.14815E+03  1.30520E-15
1.20226E+03  1.13204E-15
1.25893E+03  9.81192E-16
1.31826E+03  8.50393E-16
1.38038E+03  7.37247E-16
1.44544E+03  6.39088E-16
1.51356E+03  5.53887E-16
1.58489E+03  4.79826E-16
1.65959E+03  4.15820E-16
1.73780E+03  3.60476E-16
1.81970E+03  3.13115E-16
1.90546E+03  2.71360E-16
1.99526E+03  2.36424E-16
2.08930E+03  2.05601E-16
2.18776E+03  1.79392E-16
2.29087E+03  1.56901E-16
2.39883E+03  1.37651E-16
2.51189E+03  1.20967E-16
2.63027E+03  1.06824E-16
2.75423E+03  9.45612E-17
2.88403E+03  8.41367E-17
3.01995E+03  7.52751E-17
3.16228E+03  6.76402E-17
3.31131E+03  6.11624E-17
3.46737E+03  5.56212E-17
3.63078E+03  5.08991E-17
3.80189E+03  4.69097E-17
3.98107E+03  4.35075E-17
4.16869E+03  4.06380E-17
4.36516E+03  3.82157E-17
4.57088E+03  3.61843E-17
4.78630E+03  3.44914E-17
5.01187E+03  3.30873E-17
5.24807E+03  3.19262E-17
5.49541E+03  3.09801E-17
5.75440E+03  3.02214E-17
6.02560E+03  2.96249E-17
6.30957E+03  2.91655E-17
6.60693E+03  2.88335E-17
6.91831E+03  2.86086E-17
7.24436E+03  2.84758E-17
7.58577E+03  2.84276E-17
7.94328E+03  2.84533E-17
8.31763E+03  2.85445E-17
8.70963E+03  2.86951E-17
9.12010E+03  2.88989E-17
9.54993E+03  2.91513E-17
