#column 1 : lambda in microns
#column 2 : snu_eff in Jy / Lsun (in the cosmo of Planck 2013 XXX)
1.00000E+00  3.30582E-37
1.04713E+00  1.03035E-36
1.09648E+00  3.21675E-36
1.14815E+00  1.00588E-35
1.20226E+00  3.15034E-35
1.25893E+00  9.88146E-35
1.31826E+00  3.10392E-34
1.38038E+00  9.76344E-34
1.44544E+00  3.07517E-33
1.51356E+00  9.69802E-33
1.58489E+00  3.06208E-32
1.65959E+00  9.67938E-32
1.73780E+00  3.06297E-31
1.81970E+00  9.70242E-31
1.90546E+00  3.07634E-30
1.99526E+00  9.76293E-30
2.08930E+00  3.10094E-29
2.18776E+00  9.85715E-29
2.29087E+00  3.13569E-28
2.39883E+00  9.98197E-28
2.51189E+00  3.17966E-27
2.63027E+00  1.01347E-26
2.75423E+00  3.23210E-26
2.88403E+00  1.03130E-25
3.01995E+00  3.29231E-25
3.16228E+00  1.05151E-24
3.31131E+00  3.35974E-24
3.46737E+00  1.07391E-23
3.63078E+00  3.43394E-23
3.80189E+00  1.09840E-22
3.98107E+00  3.51449E-22
4.16869E+00  1.12484E-21
4.36516E+00  3.60109E-21
4.57088E+00  1.15314E-20
4.78630E+00  3.69348E-20
5.01187E+00  1.34545E-19
5.24807E+00  1.19589E-19
5.49541E+00  8.31589E-20
5.75440E+00  1.05859E-19
6.02560E+00  1.80978E-19
6.30957E+00  1.92405E-19
6.60693E+00  1.56479E-19
6.91831E+00  1.45324E-19
7.24436E+00  1.48264E-19
7.58578E+00  1.57993E-19
7.94328E+00  1.71303E-19
8.31764E+00  1.85679E-19
8.70964E+00  1.96411E-19
9.12011E+00  1.91645E-19
9.54992E+00  2.22569E-19
1.00000E+01  2.66723E-19
1.04713E+01  3.01642E-19
1.09648E+01  3.35983E-19
1.14815E+01  3.71841E-19
1.20226E+01  4.11030E-19
1.25893E+01  4.55365E-19
1.31826E+01  5.06300E-19
1.38038E+01  5.74005E-19
1.44544E+01  6.88954E-19
1.51356E+01  1.06558E-18
1.58489E+01  1.56886E-17
1.65959E+01  1.89619E-18
1.73780E+01  1.10708E-18
1.81970E+01  1.06816E-18
1.90546E+01  1.14182E-18
1.99526E+01  1.27063E-18
2.08930E+01  1.44961E-18
2.18776E+01  1.69058E-18
2.29087E+01  2.03135E-18
2.39883E+01  2.58767E-18
2.51189E+01  4.62426E-18
2.63027E+01  5.23590E-18
2.75423E+01  1.14607E-17
2.88403E+01  1.33453E-17
3.01995E+01  7.27730E-17
3.16228E+01  2.30564E-17
3.31131E+01  2.60431E-17
3.46737E+01  3.76151E-17
3.63078E+01  9.56465E-17
3.80189E+01  1.20150E-16
3.98107E+01  5.56299E-17
4.16869E+01  6.87584E-17
4.36516E+01  3.08442E-17
4.57088E+01  2.59955E-17
4.78630E+01  2.66308E-17
5.01187E+01  3.02980E-17
5.24807E+01  4.34827E-17
5.49541E+01  1.51765E-16
5.75440E+01  8.22719E-17
6.02560E+01  9.65300E-17
6.30957E+01  7.29599E-17
6.60693E+01  7.07180E-17
6.91831E+01  6.65045E-17
7.24436E+01  6.67302E-17
7.58578E+01  7.69106E-17
7.94328E+01  1.15515E-16
8.31764E+01  1.23282E-16
8.70963E+01  1.17196E-16
9.12011E+01  1.25754E-16
9.54992E+01  1.29815E-16
1.00000E+02  1.39634E-16
1.04713E+02  1.52611E-16
1.09648E+02  1.69368E-16
1.14815E+02  1.91197E-16
1.20226E+02  2.20458E-16
1.25893E+02  2.59781E-16
1.31826E+02  3.13137E-16
1.38038E+02  3.84909E-16
1.44544E+02  4.78580E-16
1.51356E+02  5.93492E-16
1.58489E+02  7.26170E-16
1.65959E+02  8.68330E-16
1.73780E+02  1.01287E-15
1.81970E+02  1.15306E-15
1.90546E+02  1.28717E-15
1.99526E+02  1.41622E-15
2.08930E+02  1.54263E-15
2.18776E+02  1.66708E-15
2.29087E+02  1.79135E-15
2.39883E+02  1.91480E-15
2.51189E+02  2.03651E-15
2.63027E+02  2.15232E-15
2.75423E+02  2.26507E-15
2.88403E+02  2.36691E-15
3.01995E+02  2.45708E-15
3.16228E+02  2.53281E-15
3.31131E+02  2.59107E-15
3.46737E+02  2.63671E-15
3.63078E+02  2.65675E-15
3.80189E+02  2.66073E-15
3.98107E+02  2.64230E-15
4.16869E+02  2.60908E-15
4.36516E+02  2.55848E-15
4.57088E+02  2.49141E-15
4.78630E+02  2.41239E-15
5.01187E+02  2.32224E-15
5.24807E+02  2.21870E-15
5.49541E+02  2.11703E-15
5.75440E+02  2.01044E-15
6.02560E+02  1.90707E-15
6.30957E+02  1.81470E-15
6.60693E+02  1.72224E-15
6.91831E+02  1.59405E-15
7.24436E+02  1.44214E-15
7.58577E+02  1.29940E-15
7.94328E+02  1.17155E-15
8.31763E+02  1.05563E-15
8.70963E+02  9.48282E-16
9.12011E+02  8.49822E-16
9.54993E+02  7.59146E-16
1.00000E+03  6.75951E-16
1.04713E+03  6.00416E-16
1.09648E+03  5.31107E-16
1.14815E+03  4.68724E-16
1.20226E+03  4.11540E-16
1.25893E+03  3.57740E-16
1.31826E+03  3.09956E-16
1.38038E+03  2.68311E-16
1.44544E+03  2.31725E-16
1.51356E+03  2.00149E-16
1.58489E+03  1.72820E-16
1.65959E+03  1.48988E-16
1.73780E+03  1.28224E-16
1.81970E+03  1.10449E-16
1.90546E+03  9.50393E-17
1.99526E+03  8.17360E-17
2.08930E+03  7.03319E-17
2.18776E+03  6.05197E-17
2.29087E+03  5.20479E-17
2.39883E+03  4.48039E-17
2.51189E+03  3.85663E-17
2.63027E+03  3.32093E-17
2.75423E+03  2.86258E-17
2.88403E+03  2.46710E-17
3.01995E+03  2.12595E-17
3.16228E+03  1.83665E-17
3.31131E+03  1.59169E-17
3.46737E+03  1.37608E-17
3.63078E+03  1.19317E-17
3.80189E+03  1.03587E-17
3.98107E+03  9.00677E-18
4.16869E+03  7.84558E-18
4.36516E+03  6.84603E-18
4.57088E+03  5.98675E-18
4.78630E+03  5.25015E-18
5.01187E+03  4.62421E-18
5.24807E+03  4.07840E-18
5.49541E+03  3.62429E-18
5.75440E+03  3.22787E-18
6.02560E+03  2.89642E-18
6.30957E+03  2.61184E-18
6.60693E+03  2.37141E-18
6.91831E+03  2.16677E-18
7.24436E+03  1.99643E-18
7.58577E+03  1.85046E-18
7.94328E+03  1.72900E-18
8.31763E+03  1.62818E-18
8.70963E+03  1.54320E-18
9.12010E+03  1.47418E-18
9.54993E+03  1.41683E-18
