#column 1 : lambda in microns
#column 2 : snu_eff in Jy / Lsun (in the cosmo of Planck 2013 XXX)
1.00000E+00  2.32536E-28
1.04713E+00  7.31281E-28
1.09648E+00  2.30053E-27
1.14815E+00  7.23967E-27
1.20226E+00  2.27903E-26
1.25893E+00  7.17662E-26
1.31826E+00  2.26060E-25
1.38038E+00  7.12295E-25
1.44544E+00  2.24504E-24
1.51356E+00  7.07801E-24
1.58489E+00  2.23214E-23
1.65959E+00  7.04127E-23
1.73780E+00  2.22176E-22
1.81970E+00  7.01223E-22
1.90546E+00  2.21375E-21
1.99526E+00  6.99053E-21
2.08930E+00  2.20800E-20
2.18776E+00  6.97580E-20
2.29087E+00  2.20442E-19
2.39883E+00  7.36554E-19
2.51189E+00  1.17261E-18
2.63027E+00  6.71733E-19
2.75423E+00  7.57931E-19
2.88403E+00  1.25166E-18
3.01995E+00  1.58310E-18
3.16228E+00  1.28822E-18
3.31131E+00  1.16017E-18
3.46737E+00  1.16517E-18
3.63078E+00  1.23233E-18
3.80189E+00  1.33360E-18
3.98107E+00  1.44894E-18
4.16869E+00  1.54986E-18
4.36516E+00  1.54489E-18
4.57088E+00  1.67262E-18
4.78630E+00  2.04183E-18
5.01187E+00  2.32933E-18
5.24807E+00  2.59817E-18
5.49541E+00  2.87575E-18
5.75440E+00  3.17759E-18
6.02560E+00  3.50986E-18
6.30957E+00  3.89270E-18
6.60693E+00  4.37553E-18
6.91831E+00  5.11921E-18
7.24436E+00  7.07508E-18
7.58578E+00  3.27318E-17
7.94328E+00  2.32388E-17
8.31764E+00  9.02044E-18
8.70964E+00  8.14804E-18
9.12011E+00  8.48314E-18
9.54992E+00  9.25562E-18
1.00000E+01  1.03670E-17
1.04713E+01  1.18738E-17
1.09648E+01  1.39768E-17
1.14815E+01  1.73195E-17
1.20226E+01  2.65581E-17
1.25893E+01  3.92671E-17
1.31826E+01  6.54549E-17
1.38038E+01  8.06929E-17
1.44544E+01  4.35129E-16
1.51356E+01  1.80159E-16
1.58489E+01  1.91618E-16
1.65959E+01  2.37477E-16
1.73780E+01  5.30384E-16
1.81970E+01  9.18420E-16
1.90546E+01  4.66129E-16
1.99526E+01  4.56565E-16
2.08930E+01  2.50363E-16
2.18776E+01  1.80554E-16
2.29087E+01  1.76415E-16
2.39883E+01  1.94164E-16
2.51189E+01  2.58285E-16
2.63027E+01  1.12606E-15
2.75423E+01  5.29230E-16
2.88403E+01  5.83922E-16
3.01995E+01  5.80414E-16
3.16228E+01  5.05024E-16
3.31131E+01  4.38617E-16
3.46737E+01  4.16442E-16
3.63078E+01  4.63446E-16
3.80189E+01  5.89354E-16
3.98107E+01  7.47179E-16
4.16869E+01  7.14929E-16
4.36516E+01  7.12498E-16
4.57088E+01  7.44370E-16
4.78630E+01  7.86300E-16
5.01187E+01  8.45888E-16
5.24807E+01  9.22410E-16
5.49541E+01  1.01991E-15
5.75440E+01  1.14643E-15
6.02560E+01  1.30896E-15
6.30957E+01  1.52044E-15
6.60693E+01  1.79141E-15
6.91831E+01  2.12621E-15
7.24436E+01  2.52764E-15
7.58578E+01  2.98363E-15
7.94328E+01  3.47666E-15
8.31764E+01  3.99201E-15
8.70963E+01  4.52545E-15
9.12011E+01  5.07716E-15
9.54992E+01  5.65587E-15
1.00000E+02  6.27771E-15
1.04713E+02  6.94962E-15
1.09648E+02  7.68002E-15
1.14815E+02  8.47662E-15
1.20226E+02  9.33334E-15
1.25893E+02  1.02421E-14
1.31826E+02  1.11969E-14
1.38038E+02  1.21833E-14
1.44544E+02  1.31833E-14
1.51356E+02  1.41762E-14
1.58489E+02  1.51432E-14
1.65959E+02  1.60611E-14
1.73780E+02  1.69157E-14
1.81970E+02  1.76741E-14
1.90546E+02  1.83241E-14
1.99526E+02  1.88590E-14
2.08930E+02  1.92687E-14
2.18776E+02  1.95468E-14
2.29087E+02  1.96843E-14
2.39883E+02  1.96913E-14
2.51189E+02  1.95669E-14
2.63027E+02  1.93444E-14
2.75423E+02  1.90619E-14
2.88403E+02  1.87404E-14
3.01995E+02  1.84304E-14
3.16228E+02  1.81192E-14
3.31131E+02  1.74523E-14
3.46737E+02  1.62948E-14
3.63078E+02  1.50924E-14
3.80189E+02  1.39567E-14
3.98107E+02  1.28924E-14
4.16869E+02  1.18750E-14
4.36516E+02  1.09083E-14
4.57088E+02  9.97096E-15
4.78630E+02  9.07623E-15
5.01187E+02  8.23402E-15
5.24807E+02  7.43581E-15
5.49541E+02  6.69235E-15
5.75440E+02  5.99202E-15
6.02560E+02  5.31442E-15
6.30957E+02  4.68043E-15
6.60693E+02  4.11359E-15
6.91831E+02  3.61245E-15
7.24436E+02  3.16344E-15
7.58577E+02  2.76491E-15
7.94328E+02  2.41316E-15
8.31763E+02  2.10351E-15
8.70963E+02  1.83046E-15
9.12011E+02  1.59125E-15
9.54993E+02  1.38234E-15
1.00000E+03  1.19934E-15
1.04713E+03  1.04028E-15
1.09648E+03  9.01966E-16
1.14815E+03  7.81177E-16
1.20226E+03  6.76527E-16
1.25893E+03  5.85719E-16
1.31826E+03  5.06942E-16
1.38038E+03  4.38735E-16
1.44544E+03  3.79717E-16
1.51356E+03  3.28659E-16
1.58489E+03  2.84696E-16
1.65959E+03  2.46531E-16
1.73780E+03  2.13528E-16
1.81970E+03  1.85054E-16
1.90546E+03  1.60389E-16
1.99526E+03  1.39004E-16
2.08930E+03  1.20509E-16
2.18776E+03  1.04498E-16
2.29087E+03  9.06550E-17
2.39883E+03  7.88329E-17
2.51189E+03  6.85453E-17
2.63027E+03  5.97444E-17
2.75423E+03  5.21198E-17
2.88403E+03  4.57006E-17
3.01995E+03  4.00759E-17
3.16228E+03  3.53182E-17
3.31131E+03  3.12188E-17
3.46737E+03  2.77129E-17
3.63078E+03  2.47324E-17
3.80189E+03  2.21590E-17
3.98107E+03  1.99810E-17
4.16869E+03  1.81212E-17
4.36516E+03  1.65532E-17
4.57088E+03  1.52033E-17
4.78630E+03  1.40589E-17
5.01187E+03  1.30968E-17
5.24807E+03  1.22809E-17
5.49541E+03  1.15972E-17
5.75440E+03  1.10252E-17
6.02560E+03  1.05506E-17
6.30957E+03  1.01570E-17
6.60693E+03  9.83517E-18
6.91831E+03  9.57771E-18
7.24436E+03  9.37080E-18
7.58577E+03  9.21013E-18
7.94328E+03  9.09031E-18
8.31763E+03  9.00640E-18
8.70963E+03  8.95282E-18
9.12010E+03  8.92682E-18
9.54993E+03  8.92498E-18
