#column 1 : lambda in microns
#column 2 : snu_eff in Jy / Lsun (in the cosmo of Planck 2013 XXX)
1.00000E+00  0.00000E+00
1.04713E+00  0.00000E+00
1.09648E+00  1.40130E-45
1.14815E+00  2.80260E-45
1.20226E+00  5.60519E-45
1.25893E+00  2.66247E-44
1.31826E+00  8.26766E-44
1.38038E+00  2.60642E-43
1.44544E+00  7.90332E-43
1.51356E+00  2.42285E-42
1.58489E+00  7.40446E-42
1.65959E+00  2.26842E-41
1.73780E+00  6.96333E-41
1.81970E+00  2.14130E-40
1.90546E+00  6.59740E-40
1.99526E+00  2.03647E-39
2.08930E+00  6.29783E-39
2.18776E+00  1.95120E-38
2.29087E+00  6.05620E-38
2.39883E+00  1.88308E-37
2.51189E+00  5.86532E-37
2.63027E+00  1.82999E-36
2.75423E+00  5.71901E-36
2.88403E+00  1.79011E-35
3.01995E+00  5.61189E-35
3.16228E+00  1.76188E-34
3.31131E+00  5.53936E-34
3.46737E+00  1.74393E-33
3.63078E+00  5.49747E-33
3.80189E+00  1.73511E-32
3.98107E+00  5.48275E-32
4.16869E+00  1.73440E-31
4.36516E+00  5.49228E-31
4.57088E+00  1.74094E-30
4.78630E+00  5.52355E-30
5.01187E+00  1.75400E-29
5.24807E+00  5.57433E-29
5.49541E+00  1.77293E-28
5.75440E+00  5.64286E-28
6.02560E+00  1.79719E-27
6.30957E+00  5.72745E-27
6.60693E+00  1.82634E-26
6.91831E+00  5.82683E-26
7.24436E+00  1.85995E-25
7.58578E+00  5.93984E-25
7.94328E+00  1.89773E-24
8.31764E+00  6.06548E-24
8.70964E+00  1.93936E-23
9.12011E+00  6.20300E-23
9.54992E+00  1.98464E-22
1.00000E+01  6.35171E-22
1.04713E+01  2.03336E-21
1.09648E+01  6.51101E-21
1.14815E+01  2.20424E-20
1.20226E+01  3.51809E-20
1.25893E+01  2.00113E-20
1.31826E+01  2.25703E-20
1.38038E+01  3.74335E-20
1.44544E+01  4.74005E-20
1.51356E+01  3.84347E-20
1.58489E+01  3.45066E-20
1.65959E+01  3.46010E-20
1.73780E+01  3.65716E-20
1.81970E+01  3.95670E-20
1.90546E+01  4.29711E-20
1.99526E+01  4.59236E-20
2.08930E+01  4.56953E-20
2.18776E+01  4.95052E-20
2.29087E+01  6.05628E-20
2.39883E+01  6.91771E-20
2.51189E+01  7.71882E-20
2.63027E+01  8.55132E-20
2.75423E+01  9.45740E-20
2.88403E+01  1.04630E-19
3.01995E+01  1.16237E-19
3.16228E+01  1.30921E-19
3.31131E+01  1.53674E-19
3.46737E+01  2.13212E-19
3.63078E+01  9.90467E-19
3.80189E+01  7.04368E-19
3.98107E+01  2.75487E-19
4.16869E+01  2.51214E-19
4.36516E+01  2.64616E-19
4.57088E+01  2.92341E-19
4.78630E+01  3.32103E-19
5.01187E+01  3.85615E-19
5.24807E+01  4.59736E-19
5.49541E+01  5.74358E-19
5.75440E+01  8.73338E-19
6.02560E+01  1.28197E-18
6.30957E+01  2.11207E-18
6.60693E+01  2.60944E-18
6.91831E+01  1.36179E-17
7.24436E+01  5.77024E-18
7.58578E+01  6.17839E-18
7.94328E+01  7.67094E-18
8.31764E+01  1.69449E-17
8.70963E+01  2.92964E-17
9.12011E+01  1.51114E-17
9.54992E+01  1.48705E-17
1.00000E+02  8.43042E-18
1.04713E+02  6.30540E-18
1.09648E+02  6.28358E-18
1.14815E+02  6.96082E-18
1.20226E+02  9.09981E-18
1.25893E+02  3.67255E-17
1.31826E+02  1.80017E-17
1.38038E+02  1.99620E-17
1.44544E+02  2.01014E-17
1.51356E+02  1.79133E-17
1.58489E+02  1.60153E-17
1.65959E+02  1.56279E-17
1.73780E+02  1.76625E-17
1.81970E+02  2.25636E-17
1.90546E+02  2.87757E-17
1.99526E+02  2.83837E-17
2.08930E+02  2.90091E-17
2.18776E+02  3.08350E-17
2.29087E+02  3.30425E-17
2.39883E+02  3.60366E-17
2.51189E+02  3.98719E-17
2.63027E+02  4.48467E-17
2.75423E+02  5.14800E-17
2.88403E+02  6.03563E-17
3.01995E+02  7.24736E-17
3.16228E+02  8.88654E-17
3.31131E+02  1.10260E-16
3.46737E+02  1.37191E-16
3.63078E+02  1.68754E-16
3.80189E+02  2.03040E-16
3.98107E+02  2.38153E-16
4.16869E+02  2.72288E-16
4.36516E+02  3.04887E-16
4.57088E+02  3.35867E-16
4.78630E+02  3.65863E-16
5.01187E+02  3.95066E-16
5.24807E+02  4.23998E-16
5.49541E+02  4.52815E-16
5.75440E+02  4.80902E-16
6.02560E+02  5.07724E-16
6.30957E+02  5.33252E-16
6.60693E+02  5.56597E-16
6.91831E+02  5.77896E-16
7.24436E+02  5.95304E-16
7.58577E+02  6.08520E-16
7.94328E+02  6.17210E-16
8.31763E+02  6.22903E-16
8.70963E+02  6.22494E-16
9.12011E+02  6.19277E-16
9.54993E+02  6.10022E-16
1.00000E+03  5.97903E-16
1.04713E+03  5.81982E-16
1.09648E+03  5.63602E-16
1.14815E+03  5.41480E-16
1.20226E+03  5.17627E-16
1.25893E+03  4.92460E-16
1.31826E+03  4.67370E-16
1.38038E+03  4.43463E-16
1.44544E+03  4.19929E-16
1.51356E+03  3.98527E-16
1.58489E+03  3.71446E-16
1.65959E+03  3.36426E-16
1.73780E+03  3.03452E-16
1.81970E+03  2.73072E-16
1.90546E+03  2.45744E-16
1.99526E+03  2.20671E-16
2.08930E+03  1.97839E-16
2.18776E+03  1.76608E-16
2.29087E+03  1.57150E-16
2.39883E+03  1.39541E-16
2.51189E+03  1.23422E-16
2.63027E+03  1.08946E-16
2.75423E+03  9.57256E-17
2.88403E+03  8.33573E-17
3.01995E+03  7.22158E-17
3.16228E+03  6.23870E-17
3.31131E+03  5.39956E-17
3.46737E+03  4.65443E-17
3.63078E+03  4.02139E-17
3.80189E+03  3.46278E-17
3.98107E+03  2.98159E-17
4.16869E+03  2.56550E-17
4.36516E+03  2.20697E-17
4.57088E+03  1.89874E-17
4.78630E+03  1.63192E-17
5.01187E+03  1.40346E-17
5.24807E+03  1.20751E-17
5.49541E+03  1.03848E-17
5.75440E+03  8.93239E-18
6.02560E+03  7.69549E-18
6.30957E+03  6.62659E-18
6.60693E+03  5.71115E-18
6.91831E+03  4.92662E-18
7.24436E+03  4.25397E-18
7.58577E+03  3.67948E-18
7.94328E+03  3.18647E-18
8.31763E+03  2.76017E-18
8.70963E+03  2.39653E-18
9.12010E+03  2.08396E-18
9.54993E+03  1.81473E-18
