#column 1 : lambda in microns
#column 2 : snu_eff in Jy / Lsun (in the cosmo of Planck 2013 XXX)
1.00000E+00  2.84065E-33
1.04713E+00  8.97951E-33
1.09648E+00  2.84084E-32
1.14815E+00  8.99461E-32
1.20226E+00  2.84999E-31
1.25893E+00  9.03676E-31
1.31826E+00  2.86732E-30
1.38038E+00  9.10371E-30
1.44544E+00  2.89217E-29
1.51356E+00  9.19343E-29
1.58489E+00  2.92393E-28
1.65959E+00  9.30430E-28
1.73780E+00  2.96217E-27
1.81970E+00  9.43489E-27
1.90546E+00  3.00645E-26
1.99526E+00  9.58404E-26
2.08930E+00  3.05642E-25
2.18776E+00  9.75074E-25
2.29087E+00  3.11182E-24
2.39883E+00  9.93420E-24
2.51189E+00  3.17240E-23
2.63027E+00  1.01337E-22
2.75423E+00  3.23798E-22
2.88403E+00  1.03489E-21
3.01995E+00  3.30842E-21
3.16228E+00  1.05792E-20
3.31131E+00  3.38360E-20
3.46737E+00  1.08243E-19
3.63078E+00  3.89934E-19
3.80189E+00  2.20101E-19
3.98107E+00  1.84779E-19
4.16869E+00  2.62542E-19
4.36516E+00  4.32256E-19
4.57088E+00  3.97303E-19
4.78630E+00  3.31838E-19
5.01187E+00  3.18090E-19
5.24807E+00  3.29136E-19
5.49541E+00  3.52952E-19
5.75440E+00  3.83191E-19
6.02560E+00  4.14788E-19
6.30957E+00  4.32480E-19
6.60693E+00  4.22599E-19
6.91831E+00  5.15245E-19
7.24436E+00  6.04865E-19
7.58578E+00  6.79995E-19
7.94328E+00  7.54983E-19
8.31764E+00  8.34873E-19
8.70964E+00  9.23075E-19
9.12011E+00  1.02219E-18
9.54992E+00  1.13998E-18
1.00000E+01  1.30100E-18
1.04713E+01  1.60635E-18
1.09648E+01  2.96122E-18
1.14815E+01  6.86615E-17
1.20226E+01  3.16738E-18
1.25893E+01  2.32562E-18
1.31826E+01  2.31930E-18
1.38038E+01  2.49674E-18
1.44544E+01  2.77809E-18
1.51356E+01  3.16497E-18
1.58489E+01  3.69234E-18
1.65959E+01  4.45829E-18
1.73780E+01  5.85173E-18
1.81970E+01  1.27883E-17
1.90546E+01  1.17880E-17
1.99526E+01  2.39815E-17
2.08930E+01  3.92547E-17
2.18776E+01  1.02791E-16
2.29087E+01  5.09931E-17
2.39883E+01  5.62478E-17
2.51189E+01  9.53526E-17
2.63027E+01  2.57985E-16
2.75423E+01  2.17351E-16
2.88403E+01  1.11272E-16
3.01995E+01  1.21868E-16
3.16228E+01  5.78723E-17
3.31131E+01  5.20097E-17
3.46737E+01  5.44036E-17
3.63078E+01  6.41762E-17
3.80189E+01  1.11666E-16
3.98107E+01  2.17792E-16
4.16869E+01  1.80512E-16
4.36516E+01  2.33489E-16
4.57088E+01  1.40861E-16
4.78630E+01  1.31119E-16
5.01187E+01  1.27213E-16
5.24807E+01  1.35066E-16
5.49541E+01  1.58777E-16
5.75440E+01  2.19030E-16
6.02560E+01  2.48204E-16
6.30957E+01  2.22634E-16
6.60693E+01  2.41483E-16
6.91831E+01  2.49143E-16
7.24436E+01  2.67903E-16
7.58578E+01  2.92245E-16
7.94328E+01  3.22916E-16
8.31764E+01  3.63651E-16
8.70963E+01  4.16973E-16
9.12011E+01  4.87650E-16
9.54992E+01  5.81497E-16
1.00000E+02  7.04052E-16
1.04713E+02  8.59317E-16
1.09648E+02  1.04606E-15
1.14815E+02  1.25737E-15
1.20226E+02  1.48423E-15
1.25893E+02  1.71740E-15
1.31826E+02  1.95385E-15
1.38038E+02  2.19243E-15
1.44544E+02  2.43552E-15
1.51356E+02  2.68770E-15
1.58489E+02  2.95048E-15
1.65959E+02  3.22617E-15
1.73780E+02  3.51261E-15
1.81970E+02  3.80778E-15
1.90546E+02  4.10727E-15
1.99526E+02  4.40447E-15
2.08930E+02  4.69366E-15
2.18776E+02  4.97235E-15
2.29087E+02  5.22755E-15
2.39883E+02  5.45922E-15
2.51189E+02  5.65652E-15
2.63027E+02  5.81599E-15
2.75423E+02  5.93206E-15
2.88403E+02  6.00618E-15
3.01995E+02  6.03610E-15
3.16228E+02  6.02691E-15
3.31131E+02  5.97136E-15
3.46737E+02  5.87969E-15
3.63078E+02  5.74979E-15
3.80189E+02  5.58945E-15
3.98107E+02  5.41519E-15
4.16869E+02  5.23132E-15
4.36516E+02  5.04878E-15
4.57088E+02  4.87850E-15
4.78630E+02  4.68096E-15
5.01187E+02  4.36048E-15
5.24807E+02  3.99199E-15
5.49541E+02  3.64307E-15
5.75440E+02  3.32416E-15
6.02560E+02  3.02545E-15
6.30957E+02  2.74692E-15
6.60693E+02  2.48297E-15
6.91831E+02  2.23933E-15
7.24436E+02  2.01154E-15
7.58577E+02  1.80155E-15
7.94328E+02  1.60726E-15
8.31763E+02  1.42922E-15
8.70963E+02  1.26153E-15
9.12011E+02  1.10274E-15
9.54993E+02  9.61880E-16
1.00000E+03  8.38134E-16
1.04713E+03  7.29118E-16
1.09648E+03  6.32998E-16
1.14815E+03  5.48866E-16
1.20226E+03  4.75409E-16
1.25893E+03  4.11738E-16
1.31826E+03  3.56031E-16
1.38038E+03  3.07596E-16
1.44544E+03  2.65778E-16
1.51356E+03  2.29430E-16
1.58489E+03  1.98069E-16
1.65959E+03  1.70872E-16
1.73780E+03  1.47442E-16
1.81970E+03  1.27187E-16
1.90546E+03  1.09719E-16
1.99526E+03  9.47087E-17
2.08930E+03  8.17874E-17
2.18776E+03  7.06396E-17
2.29087E+03  6.10333E-17
2.39883E+03  5.28017E-17
2.51189E+03  4.56992E-17
2.63027E+03  3.95857E-17
2.75423E+03  3.43073E-17
2.88403E+03  2.97670E-17
3.01995E+03  2.58410E-17
3.16228E+03  2.24517E-17
3.31131E+03  1.95379E-17
3.46737E+03  1.70346E-17
3.63078E+03  1.48836E-17
3.80189E+03  1.30322E-17
3.98107E+03  1.14646E-17
4.16869E+03  1.01103E-17
4.36516E+03  8.96218E-18
4.57088E+03  7.96735E-18
4.78630E+03  7.12408E-18
5.01187E+03  6.40403E-18
5.24807E+03  5.80144E-18
5.49541E+03  5.27868E-18
5.75440E+03  4.83893E-18
6.02560E+03  4.46373E-18
6.30957E+03  4.14772E-18
6.60693E+03  3.87911E-18
6.91831E+03  3.65616E-18
7.24436E+03  3.46910E-18
7.58577E+03  3.31459E-18
7.94328E+03  3.18582E-18
8.31763E+03  3.08031E-18
8.70963E+03  2.99523E-18
9.12010E+03  2.92703E-18
9.54993E+03  2.87422E-18
