#column 1 : lambda in microns
#column 2 : snu_eff in Jy / Lsun (in the cosmo of Planck 2013 XXX)
1.00000E+00  1.31722E-43
1.04713E+00  4.02173E-43
1.09648E+00  1.22053E-42
1.14815E+00  3.72605E-42
1.20226E+00  1.13968E-41
1.25893E+00  3.49119E-41
1.31826E+00  1.07159E-40
1.38038E+00  3.29517E-40
1.44544E+00  1.01521E-39
1.51356E+00  3.13364E-39
1.58489E+00  9.69056E-39
1.65959E+00  3.00226E-38
1.73780E+00  9.31824E-38
1.81970E+00  2.89728E-37
1.90546E+00  9.02404E-37
1.99526E+00  2.81543E-36
2.08930E+00  8.79837E-36
2.18776E+00  2.75392E-35
2.29087E+00  8.63310E-35
2.39883E+00  2.71033E-34
2.51189E+00  8.52102E-34
2.63027E+00  2.68255E-33
2.75423E+00  8.45608E-33
2.88403E+00  2.66882E-32
3.01995E+00  8.43294E-32
3.16228E+00  2.66758E-31
3.31131E+00  8.44709E-31
3.46737E+00  2.67747E-30
3.63078E+00  8.49466E-30
3.80189E+00  2.69739E-29
3.98107E+00  8.57227E-29
4.16869E+00  2.72634E-28
4.36516E+00  8.67707E-28
4.57088E+00  2.76348E-27
4.78630E+00  8.80666E-27
5.01187E+00  2.80813E-26
5.24807E+00  8.95888E-26
5.49541E+00  2.85964E-25
5.75440E+00  9.13210E-25
6.02560E+00  2.91753E-24
6.30957E+00  9.32469E-24
6.60693E+00  2.98137E-23
6.91831E+00  9.53552E-23
7.24436E+00  3.05078E-22
7.58578E+00  9.76352E-22
7.94328E+00  3.12550E-21
8.31764E+00  1.00078E-20
8.70964E+00  3.38798E-20
9.12011E+00  5.40741E-20
9.54992E+00  3.07579E-20
1.00000E+01  3.46912E-20
1.04713E+01  5.75361E-20
1.09648E+01  7.28559E-20
1.14815E+01  5.90753E-20
1.20226E+01  5.30376E-20
1.25893E+01  5.31828E-20
1.31826E+01  5.62116E-20
1.38038E+01  6.08156E-20
1.44544E+01  6.60479E-20
1.51356E+01  7.05860E-20
1.58489E+01  7.02350E-20
1.65959E+01  7.60912E-20
1.73780E+01  9.30867E-20
1.81970E+01  1.06327E-19
1.90546E+01  1.18641E-19
1.99526E+01  1.31436E-19
2.08930E+01  1.45363E-19
2.18776E+01  1.60819E-19
2.29087E+01  1.78660E-19
2.39883E+01  2.01229E-19
2.51189E+01  2.36202E-19
2.63027E+01  3.27713E-19
2.75423E+01  1.52238E-18
2.88403E+01  1.08264E-18
3.01995E+01  4.23432E-19
3.16228E+01  3.86123E-19
3.31131E+01  4.06722E-19
3.46737E+01  4.49337E-19
3.63078E+01  5.10452E-19
3.80189E+01  5.92701E-19
3.98107E+01  7.06627E-19
4.16869E+01  8.82804E-19
4.36516E+01  1.34234E-18
4.57088E+01  1.97042E-18
4.78630E+01  3.24635E-18
5.01187E+01  4.01078E-18
5.24807E+01  2.09309E-17
5.49541E+01  8.86903E-18
5.75440E+01  9.49637E-18
6.02560E+01  1.17904E-17
6.30957E+01  2.60446E-17
6.60693E+01  4.50295E-17
6.91831E+01  2.32267E-17
7.24436E+01  2.28566E-17
7.58578E+01  1.29579E-17
7.94328E+01  9.69158E-18
8.31764E+01  9.65805E-18
8.70963E+01  1.06990E-17
9.12011E+01  1.39867E-17
9.54992E+01  5.64472E-17
1.00000E+02  2.76691E-17
1.04713E+02  3.06822E-17
1.09648E+02  3.08964E-17
1.14815E+02  2.75332E-17
1.20226E+02  2.46160E-17
1.25893E+02  2.40205E-17
1.31826E+02  2.71478E-17
1.38038E+02  3.46808E-17
1.44544E+02  4.42290E-17
1.51356E+02  4.36266E-17
1.58489E+02  4.45878E-17
1.65959E+02  4.73943E-17
1.73780E+02  5.07873E-17
1.81970E+02  5.53893E-17
1.90546E+02  6.12844E-17
1.99526E+02  6.89307E-17
2.08930E+02  7.91261E-17
2.18776E+02  9.27693E-17
2.29087E+02  1.11394E-16
2.39883E+02  1.36589E-16
2.51189E+02  1.69472E-16
2.63027E+02  2.10867E-16
2.75423E+02  2.59380E-16
2.88403E+02  3.12078E-16
3.01995E+02  3.66048E-16
3.16228E+02  4.18515E-16
3.31131E+02  4.68621E-16
3.46737E+02  5.16239E-16
3.63078E+02  5.62342E-16
3.80189E+02  6.07227E-16
3.98107E+02  6.51697E-16
4.16869E+02  6.95989E-16
4.36516E+02  7.39161E-16
4.57088E+02  7.80387E-16
4.78630E+02  8.19623E-16
5.01187E+02  8.55506E-16
5.24807E+02  8.88243E-16
5.49541E+02  9.15000E-16
5.75440E+02  9.35313E-16
6.02560E+02  9.48670E-16
6.30957E+02  9.57420E-16
6.60693E+02  9.56792E-16
6.91831E+02  9.51848E-16
7.24436E+02  9.37622E-16
7.58577E+02  9.18995E-16
7.94328E+02  8.94523E-16
8.31763E+02  8.66274E-16
8.70963E+02  8.32272E-16
9.12011E+02  7.95608E-16
9.54993E+02  7.56925E-16
1.00000E+03  7.18362E-16
1.04713E+03  6.81615E-16
1.09648E+03  6.45443E-16
1.14815E+03  6.12548E-16
1.20226E+03  5.70924E-16
1.25893E+03  5.17098E-16
1.31826E+03  4.66414E-16
1.38038E+03  4.19720E-16
1.44544E+03  3.77717E-16
1.51356E+03  3.39178E-16
1.58489E+03  3.04084E-16
1.65959E+03  2.71452E-16
1.73780E+03  2.41545E-16
1.81970E+03  2.14478E-16
1.90546E+03  1.89703E-16
1.99526E+03  1.67453E-16
2.08930E+03  1.47133E-16
2.18776E+03  1.28123E-16
2.29087E+03  1.10998E-16
2.39883E+03  9.58908E-17
2.51189E+03  8.29931E-17
2.63027E+03  7.15400E-17
2.75423E+03  6.18100E-17
2.88403E+03  5.32239E-17
3.01995E+03  4.58278E-17
3.16228E+03  3.94325E-17
3.31131E+03  3.39218E-17
3.46737E+03  2.91842E-17
3.63078E+03  2.50831E-17
3.80189E+03  2.15716E-17
3.98107E+03  1.85599E-17
4.16869E+03  1.59618E-17
4.36516E+03  1.37293E-17
4.57088E+03  1.18282E-17
4.78630E+03  1.01853E-17
5.01187E+03  8.77821E-18
5.24807E+03  7.57237E-18
5.49541E+03  6.53848E-18
5.75440E+03  5.65547E-18
6.02560E+03  4.89771E-18
6.30957E+03  4.24246E-18
6.60693E+03  3.68355E-18
6.91831E+03  3.20311E-18
7.24436E+03  2.78929E-18
7.58577E+03  2.43474E-18
7.94328E+03  2.12934E-18
8.31763E+03  1.86732E-18
8.70963E+03  1.64406E-18
9.12010E+03  1.45238E-18
9.54993E+03  1.28837E-18
