#column 1 : lambda in microns
#column 2 : snu_eff in Jy / Lsun (in the cosmo of Planck 2013 XXX)
1.00000E+00  2.01138E-36
1.04713E+00  6.30635E-36
1.09648E+00  1.98006E-35
1.14815E+00  6.22537E-35
1.20226E+00  1.95984E-34
1.25893E+00  6.17754E-34
1.31826E+00  1.94951E-33
1.38038E+00  6.15923E-33
1.44544E+00  1.94802E-32
1.51356E+00  6.16740E-32
1.58489E+00  1.95446E-31
1.65959E+00  6.19939E-31
1.73780E+00  1.96807E-30
1.81970E+00  6.25290E-30
1.90546E+00  1.98816E-29
1.99526E+00  6.32602E-29
2.08930E+00  2.01418E-28
2.18776E+00  6.41707E-28
2.29087E+00  2.04564E-27
2.39883E+00  6.52465E-27
2.51189E+00  2.08212E-26
2.63027E+00  6.64755E-26
2.75423E+00  2.12329E-25
2.88403E+00  6.78477E-25
3.01995E+00  2.16885E-24
3.16228E+00  6.93549E-24
3.31131E+00  2.21854E-23
3.46737E+00  7.09893E-23
3.63078E+00  2.27219E-22
3.80189E+00  7.27463E-22
3.98107E+00  2.32962E-21
4.16869E+00  7.46206E-21
4.36516E+00  2.39070E-20
4.57088E+00  7.69773E-20
4.78630E+00  2.06927E-19
5.01187E+00  1.04848E-19
5.24807E+00  1.02523E-19
5.49541E+00  1.60003E-19
5.75440E+00  2.36274E-19
6.02560E+00  1.98508E-19
6.30957E+00  1.71923E-19
6.60693E+00  1.68787E-19
6.91831E+00  1.76683E-19
7.24436E+00  1.90371E-19
7.58578E+00  2.06893E-19
7.94328E+00  2.22738E-19
8.31764E+00  2.27419E-19
8.70964E+00  2.30808E-19
9.12011E+00  2.85375E-19
9.54992E+00  3.29726E-19
1.00000E+01  3.69569E-19
1.04713E+01  4.09782E-19
1.09648E+01  4.52950E-19
1.14815E+01  5.00771E-19
1.20226E+01  5.55538E-19
1.25893E+01  6.21969E-19
1.31826E+01  7.18523E-19
1.38038E+01  9.30363E-19
1.44544E+01  2.35850E-18
1.51356E+01  8.06952E-18
1.58489E+01  1.46452E-18
1.65959E+01  1.22597E-18
1.73780E+01  1.26052E-18
1.81970E+01  1.37618E-18
1.90546E+01  1.54767E-18
1.99526E+01  1.77940E-18
2.08930E+01  2.09925E-18
2.18776E+01  2.57337E-18
2.29087E+01  3.57184E-18
2.39883E+01  6.96514E-18
2.51189E+01  7.69456E-18
2.63027E+01  1.18761E-17
2.75423E+01  3.57762E-17
2.88403E+01  3.50751E-17
3.01995E+01  2.92226E-17
3.16228E+01  3.28453E-17
3.31131E+01  6.36790E-17
3.46737E+01  1.43596E-16
3.63078E+01  9.07979E-17
3.80189E+01  6.26176E-17
3.98107E+01  4.96503E-17
4.16869E+01  3.04640E-17
4.36516E+01  2.90637E-17
4.57088E+01  3.13551E-17
4.78630E+01  3.86643E-17
5.01187E+01  9.45075E-17
5.24807E+01  9.05153E-17
5.49541E+01  9.43480E-17
5.75440E+01  1.18172E-16
6.02560E+01  8.19757E-17
6.30957E+01  7.24329E-17
6.60693E+01  7.17690E-17
6.91831E+01  7.91850E-17
7.24436E+01  9.54710E-17
7.58578E+01  1.27045E-16
7.94328E+01  1.32246E-16
8.31764E+01  1.30152E-16
8.70963E+01  1.39637E-16
9.12011E+01  1.47935E-16
9.54992E+01  1.60330E-16
1.00000E+02  1.76375E-16
1.04713E+02  1.96779E-16
1.09648E+02  2.23981E-16
1.14815E+02  2.60225E-16
1.20226E+02  3.09239E-16
1.25893E+02  3.75741E-16
1.31826E+02  4.63773E-16
1.38038E+02  5.75976E-16
1.44544E+02  7.09265E-16
1.51356E+02  8.59008E-16
1.58489E+02  1.01641E-15
1.65959E+02  1.17293E-15
1.73780E+02  1.32607E-15
1.81970E+02  1.47495E-15
1.90546E+02  1.62115E-15
1.99526E+02  1.76654E-15
2.08930E+02  1.91368E-15
2.18776E+02  2.06205E-15
2.29087E+02  2.21134E-15
2.39883E+02  2.35845E-15
2.51189E+02  2.49938E-15
2.63027E+02  2.63496E-15
2.75423E+02  2.76257E-15
2.88403E+02  2.87260E-15
3.01995E+02  2.96641E-15
3.16228E+02  3.03955E-15
3.31131E+02  3.09520E-15
3.46737E+02  3.12647E-15
3.63078E+02  3.13697E-15
3.80189E+02  3.12041E-15
3.98107E+02  3.08259E-15
4.16869E+02  3.02642E-15
4.36516E+02  2.95266E-15
4.57088E+02  2.85985E-15
4.78630E+02  2.75635E-15
5.01187E+02  2.64131E-15
5.24807E+02  2.52424E-15
5.49541E+02  2.40449E-15
5.75440E+02  2.29280E-15
6.02560E+02  2.18765E-15
6.30957E+02  2.06371E-15
6.60693E+02  1.88863E-15
6.91831E+02  1.71030E-15
7.24436E+02  1.54631E-15
7.58577E+02  1.39660E-15
7.94328E+02  1.25974E-15
8.31763E+02  1.13370E-15
8.70963E+02  1.01588E-15
9.12011E+02  9.08333E-16
9.54993E+02  8.09475E-16
1.00000E+03  7.18467E-16
1.04713E+03  6.36226E-16
1.09648E+03  5.61447E-16
1.14815E+03  4.91349E-16
1.20226E+03  4.26825E-16
1.25893E+03  3.70160E-16
1.31826E+03  3.20699E-16
1.38038E+03  2.77213E-16
1.44544E+03  2.39715E-16
1.51356E+03  2.06930E-16
1.58489E+03  1.78443E-16
1.65959E+03  1.53794E-16
1.73780E+03  1.32556E-16
1.81970E+03  1.14152E-16
1.90546E+03  9.82645E-17
1.99526E+03  8.46233E-17
2.08930E+03  7.28317E-17
2.18776E+03  6.27253E-17
2.29087E+03  5.39916E-17
2.39883E+03  4.65047E-17
2.51189E+03  4.00561E-17
2.63027E+03  3.45346E-17
2.75423E+03  2.98005E-17
2.88403E+03  2.57017E-17
3.01995E+03  2.22213E-17
3.16228E+03  1.92276E-17
3.31131E+03  1.66495E-17
3.46737E+03  1.44405E-17
3.63078E+03  1.25380E-17
3.80189E+03  1.09019E-17
3.98107E+03  9.49052E-18
4.16869E+03  8.27838E-18
4.36516E+03  7.23739E-18
4.57088E+03  6.34292E-18
4.78630E+03  5.58797E-18
5.01187E+03  4.93451E-18
5.24807E+03  4.37363E-18
5.49541E+03  3.89506E-18
5.75440E+03  3.49350E-18
6.02560E+03  3.14709E-18
6.30957E+03  2.85533E-18
6.60693E+03  2.60646E-18
6.91831E+03  2.39759E-18
7.24436E+03  2.21992E-18
7.58577E+03  2.07012E-18
7.94328E+03  1.94584E-18
8.31763E+03  1.84235E-18
8.70963E+03  1.75550E-18
9.12010E+03  1.68447E-18
9.54993E+03  1.62678E-18
