#column 1 : lambda in microns
#column 2 : snu_eff in Jy / Lsun (in the cosmo of Planck 2013 XXX)
1.00000E+00  1.06874E-33
1.04713E+00  3.37894E-33
1.09648E+00  1.06923E-32
1.14815E+00  3.38628E-32
1.20226E+00  1.07330E-31
1.25893E+00  3.40446E-31
1.31826E+00  1.08064E-30
1.38038E+00  3.43251E-30
1.44544E+00  1.09098E-29
1.51356E+00  3.46964E-29
1.58489E+00  1.10407E-28
1.65959E+00  3.51515E-28
1.73780E+00  1.11972E-27
1.81970E+00  3.56847E-27
1.90546E+00  1.13776E-26
1.99526E+00  3.62911E-26
2.08930E+00  1.15804E-25
2.18776E+00  3.69663E-25
2.29087E+00  1.18044E-24
2.39883E+00  3.77073E-24
2.51189E+00  1.20487E-23
2.63027E+00  3.85110E-23
2.75423E+00  1.23126E-22
2.88403E+00  3.93753E-22
3.01995E+00  1.25952E-21
3.16228E+00  4.02984E-21
3.31131E+00  1.28962E-20
3.46737E+00  4.12788E-20
3.63078E+00  1.32787E-19
3.80189E+00  3.56809E-19
3.98107E+00  1.80885E-19
4.16869E+00  1.76946E-19
4.36516E+00  2.76001E-19
4.57088E+00  4.07528E-19
4.78630E+00  3.42444E-19
5.01187E+00  2.96691E-19
5.24807E+00  2.91366E-19
5.49541E+00  3.05005E-19
5.75440E+00  3.28619E-19
6.02560E+00  3.57212E-19
6.30957E+00  3.84639E-19
6.60693E+00  3.92638E-19
6.91831E+00  3.98652E-19
7.24436E+00  4.92558E-19
7.58578E+00  5.69218E-19
7.94328E+00  6.37737E-19
8.31764E+00  7.06993E-19
8.70964E+00  7.81595E-19
9.12011E+00  8.64028E-19
9.54992E+00  9.57532E-19
1.00000E+01  1.07197E-18
1.04713E+01  1.23752E-18
1.09648E+01  1.60106E-18
1.14815E+01  4.05760E-18
1.20226E+01  1.38814E-17
1.25893E+01  2.51234E-18
1.31826E+01  2.09694E-18
1.38038E+01  2.14928E-18
1.44544E+01  2.33794E-18
1.51356E+01  2.61939E-18
1.58489E+01  3.00027E-18
1.65959E+01  3.52709E-18
1.73780E+01  4.31258E-18
1.81970E+01  5.98950E-18
1.90546E+01  1.17633E-17
1.99526E+01  1.29558E-17
2.08930E+01  2.00495E-17
2.18776E+01  6.08275E-17
2.29087E+01  5.95225E-17
2.39883E+01  4.94235E-17
2.51189E+01  5.54748E-17
2.63027E+01  1.07844E-16
2.75423E+01  2.43566E-16
2.88403E+01  1.53494E-16
3.01995E+01  1.05415E-16
3.16228E+01  8.31426E-17
3.31131E+01  5.03353E-17
3.46737E+01  4.77055E-17
3.63078E+01  5.13346E-17
3.80189E+01  6.35032E-17
3.98107E+01  1.58176E-16
4.16869E+01  1.50976E-16
4.36516E+01  1.57034E-16
4.57088E+01  1.96797E-16
4.78630E+01  1.35053E-16
5.01187E+01  1.18379E-16
5.24807E+01  1.16531E-16
5.49541E+01  1.28009E-16
5.75440E+01  1.53912E-16
6.02560E+01  2.04767E-16
6.30957E+01  2.11826E-16
6.60693E+01  2.06817E-16
6.91831E+01  2.20867E-16
7.24436E+01  2.33194E-16
7.58578E+01  2.51875E-16
7.94328E+01  2.76074E-16
8.31764E+01  3.06580E-16
8.70963E+01  3.46963E-16
9.12011E+01  3.99956E-16
9.54992E+01  4.70509E-16
1.00000E+02  5.64708E-16
1.04713E+02  6.87318E-16
1.09648E+02  8.41546E-16
1.14815E+02  1.02385E-15
1.20226E+02  1.22864E-15
1.25893E+02  1.44610E-15
1.31826E+02  1.66779E-15
1.38038E+02  1.89052E-15
1.44544E+02  2.11513E-15
1.51356E+02  2.34435E-15
1.58489E+02  2.58036E-15
1.65959E+02  2.82710E-15
1.73780E+02  3.08349E-15
1.81970E+02  3.34974E-15
1.90546E+02  3.62040E-15
1.99526E+02  3.89204E-15
2.08930E+02  4.16100E-15
2.18776E+02  4.42268E-15
2.29087E+02  4.66593E-15
2.39883E+02  4.88822E-15
2.51189E+02  5.08283E-15
2.63027E+02  5.24739E-15
2.75423E+02  5.37530E-15
2.88403E+02  5.46425E-15
3.01995E+02  5.51067E-15
3.16228E+02  5.51906E-15
3.31131E+02  5.48884E-15
3.46737E+02  5.42110E-15
3.63078E+02  5.31812E-15
3.80189E+02  5.18503E-15
3.98107E+02  5.02815E-15
4.16869E+02  4.85926E-15
4.36516E+02  4.68258E-15
4.57088E+02  4.51403E-15
4.78630E+02  4.35316E-15
5.01187E+02  4.14863E-15
5.24807E+02  3.83238E-15
5.49541E+02  3.49902E-15
5.75440E+02  3.18906E-15
6.02560E+02  2.90317E-15
6.30957E+02  2.63864E-15
6.60693E+02  2.39195E-15
6.91831E+02  2.15864E-15
7.24436E+02  1.94294E-15
7.58577E+02  1.74249E-15
7.94328E+02  1.55622E-15
8.31763E+02  1.38598E-15
8.70963E+02  1.22985E-15
9.12011E+02  1.08207E-15
9.54993E+02  9.44795E-16
1.00000E+03  8.23047E-16
1.04713E+03  7.16374E-16
1.09648E+03  6.22151E-16
1.14815E+03  5.39958E-16
1.20226E+03  4.67820E-16
1.25893E+03  4.04831E-16
1.31826E+03  3.50060E-16
1.38038E+03  3.02614E-16
1.44544E+03  2.61353E-16
1.51356E+03  2.25584E-16
1.58489E+03  1.94751E-16
1.65959E+03  1.67986E-16
1.73780E+03  1.44940E-16
1.81970E+03  1.24975E-16
1.90546E+03  1.07820E-16
1.99526E+03  9.29894E-17
2.08930E+03  8.02515E-17
2.18776E+03  6.92845E-17
2.29087E+03  5.98324E-17
2.39883E+03  5.17208E-17
2.51189E+03  4.47484E-17
2.63027E+03  3.87241E-17
2.75423E+03  3.35563E-17
2.88403E+03  2.90978E-17
3.01995E+03  2.52503E-17
3.16228E+03  2.19278E-17
3.31131E+03  1.90669E-17
3.46737E+03  1.66061E-17
3.63078E+03  1.44908E-17
3.80189E+03  1.26945E-17
3.98107E+03  1.11414E-17
4.16869E+03  9.80369E-18
4.36516E+03  8.66055E-18
4.57088E+03  7.69552E-18
4.78630E+03  6.85820E-18
5.01187E+03  6.15200E-18
5.24807E+03  5.54941E-18
5.49541E+03  5.03883E-18
5.75440E+03  4.60193E-18
6.02560E+03  4.23069E-18
6.30957E+03  3.91891E-18
6.60693E+03  3.65657E-18
6.91831E+03  3.43343E-18
7.24436E+03  3.24805E-18
7.58577E+03  3.09344E-18
7.94328E+03  2.96449E-18
8.31763E+03  2.85898E-18
8.70963E+03  2.77331E-18
9.12010E+03  2.70440E-18
9.54993E+03  2.65030E-18
