#column 1 : lambda in microns
#column 2 : snu_eff in Jy / Lsun (in the cosmo of Planck 2013 XXX)
1.00000E+00  1.49920E-22
1.04713E+00  4.68922E-22
1.09648E+00  1.46688E-21
1.14815E+00  4.58927E-21
1.20226E+00  1.43597E-20
1.25893E+00  4.49367E-20
1.31826E+00  1.40640E-19
1.38038E+00  4.40220E-19
1.44544E+00  1.37810E-18
1.51356E+00  4.33582E-18
1.58489E+00  1.15250E-17
1.65959E+00  5.90459E-18
1.73780E+00  5.79526E-18
1.81970E+00  8.98686E-18
1.90546E+00  1.32229E-17
1.99526E+00  1.11589E-17
2.08930E+00  9.71363E-18
2.18776E+00  9.56773E-18
2.29087E+00  1.00287E-17
2.39883E+00  1.08121E-17
2.51189E+00  1.17566E-17
2.63027E+00  1.26653E-17
2.75423E+00  1.29489E-17
2.88403E+00  1.31745E-17
3.01995E+00  1.62162E-17
3.16228E+00  1.87080E-17
3.31131E+00  2.09331E-17
3.46737E+00  2.31875E-17
3.63078E+00  2.56098E-17
3.80189E+00  2.82751E-17
3.98107E+00  3.12767E-17
4.16869E+00  3.49496E-17
4.36516E+00  4.02277E-17
4.57088E+00  5.18001E-17
4.78630E+00  1.30261E-16
5.01187E+00  4.44067E-16
5.24807E+00  8.03753E-17
5.49541E+00  6.66798E-17
5.75440E+00  6.77494E-17
6.02560E+00  7.29262E-17
6.30957E+00  8.07410E-17
6.60693E+00  9.13748E-17
6.91831E+00  1.06159E-16
7.24436E+00  1.28630E-16
7.58578E+00  1.78712E-16
7.94328E+00  3.57519E-16
8.31764E+00  3.90339E-16
8.70964E+00  6.08236E-16
9.12011E+00  1.88230E-15
9.54992E+00  1.83064E-15
1.00000E+01  1.50367E-15
1.04713E+01  1.67993E-15
1.09648E+01  3.29121E-15
1.14815E+01  7.46710E-15
1.20226E+01  4.66041E-15
1.25893E+01  3.16992E-15
1.31826E+01  2.46886E-15
1.38038E+01  1.44819E-15
1.44544E+01  1.34673E-15
1.51356E+01  1.43324E-15
1.58489E+01  1.78064E-15
1.65959E+01  4.65722E-15
1.73780E+01  4.39342E-15
1.81970E+01  4.53047E-15
1.90546E+01  5.67154E-15
1.99526E+01  3.75615E-15
2.08930E+01  3.20277E-15
2.18776E+01  3.07877E-15
2.29087E+01  3.32333E-15
2.39883E+01  3.94991E-15
2.51189E+01  5.23237E-15
2.63027E+01  5.27618E-15
2.75423E+01  4.99548E-15
2.88403E+01  5.23064E-15
3.01995E+01  5.42463E-15
3.16228E+01  5.76417E-15
3.31131E+01  6.21411E-15
3.46737E+01  6.77883E-15
3.63078E+01  7.51891E-15
3.80189E+01  8.46192E-15
3.98107E+01  9.66572E-15
4.16869E+01  1.11900E-14
4.36516E+01  1.30548E-14
4.57088E+01  1.52551E-14
4.78630E+01  1.77143E-14
5.01187E+01  2.03565E-14
5.24807E+01  2.31197E-14
5.49541E+01  2.59807E-14
5.75440E+01  2.89769E-14
6.02560E+01  3.22034E-14
6.30957E+01  3.57661E-14
6.60693E+01  3.97394E-14
6.91831E+01  4.42338E-14
7.24436E+01  4.92746E-14
7.58578E+01  5.49270E-14
7.94328E+01  6.11333E-14
8.31764E+01  6.79141E-14
8.70963E+01  7.51830E-14
9.12011E+01  8.28977E-14
9.54992E+01  9.08896E-14
1.00000E+02  9.90671E-14
1.04713E+02  1.07269E-13
1.09648E+02  1.15348E-13
1.14815E+02  1.23097E-13
1.20226E+02  1.30339E-13
1.25893E+02  1.36960E-13
1.31826E+02  1.42877E-13
1.38038E+02  1.47928E-13
1.44544E+02  1.52033E-13
1.51356E+02  1.55121E-13
1.58489E+02  1.57128E-13
1.65959E+02  1.58267E-13
1.73780E+02  1.58796E-13
1.81970E+02  1.58845E-13
1.90546E+02  1.58829E-13
1.99526E+02  1.58910E-13
2.08930E+02  1.56732E-13
2.18776E+02  1.49302E-13
2.29087E+02  1.40197E-13
2.39883E+02  1.31369E-13
2.51189E+02  1.22873E-13
2.63027E+02  1.14659E-13
2.75423E+02  1.06602E-13
2.88403E+02  9.86187E-14
3.01995E+02  9.08699E-14
3.16228E+02  8.33584E-14
3.31131E+02  7.60844E-14
3.46737E+02  6.91754E-14
3.63078E+02  6.26019E-14
3.80189E+02  5.61337E-14
3.98107E+02  4.99121E-14
4.16869E+02  4.42337E-14
4.36516E+02  3.91305E-14
4.57088E+02  3.45175E-14
4.78630E+02  3.03917E-14
5.01187E+02  2.66913E-14
5.24807E+02  2.33966E-14
5.49541E+02  2.04817E-14
5.75440E+02  1.79084E-14
6.02560E+02  1.56341E-14
6.30957E+02  1.36303E-14
6.60693E+02  1.18777E-14
6.91831E+02  1.03365E-14
7.24436E+02  8.98933E-15
7.58577E+02  7.80998E-15
7.94328E+02  6.78475E-15
8.31763E+02  5.88820E-15
8.70963E+02  5.10895E-15
9.12011E+02  4.43201E-15
9.54993E+02  3.84483E-15
1.00000E+03  3.33466E-15
1.04713E+03  2.89247E-15
1.09648E+03  2.50805E-15
1.14815E+03  2.17548E-15
1.20226E+03  1.88647E-15
1.25893E+03  1.63506E-15
1.31826E+03  1.41657E-15
1.38038E+03  1.22718E-15
1.44544E+03  1.06323E-15
1.51356E+03  9.21458E-16
1.58489E+03  8.00089E-16
1.65959E+03  6.94827E-16
1.73780E+03  6.03386E-16
1.81970E+03  5.24894E-16
1.90546E+03  4.58080E-16
1.99526E+03  3.99689E-16
2.08930E+03  3.50161E-16
2.18776E+03  3.07656E-16
2.29087E+03  2.71280E-16
2.39883E+03  2.39881E-16
2.51189E+03  2.12940E-16
2.63027E+03  1.90040E-16
2.75423E+03  1.70521E-16
2.88403E+03  1.53665E-16
3.01995E+03  1.39414E-16
3.16228E+03  1.27246E-16
3.31131E+03  1.16860E-16
3.46737E+03  1.08058E-16
3.63078E+03  1.00631E-16
3.80189E+03  9.43485E-17
3.98107E+03  8.90868E-17
4.16869E+03  8.46564E-17
4.36516E+03  8.09799E-17
4.57088E+03  7.79254E-17
4.78630E+03  7.54276E-17
5.01187E+03  7.33979E-17
5.24807E+03  7.17858E-17
5.49541E+03  7.05416E-17
5.75440E+03  6.96169E-17
6.02560E+03  6.89642E-17
6.30957E+03  6.85478E-17
6.60693E+03  6.83496E-17
6.91831E+03  6.83351E-17
7.24436E+03  6.84921E-17
7.58577E+03  6.87972E-17
7.94328E+03  6.92389E-17
8.31763E+03  6.98007E-17
8.70963E+03  7.04770E-17
9.12010E+03  7.12553E-17
9.54993E+03  7.21301E-17
