#column 1 : lambda in microns
#column 2 : snu_eff in Jy / Lsun (in the cosmo of Planck 2013 XXX)
1.00000E+00  1.29316E-20
1.04713E+00  4.03731E-20
1.09648E+00  1.26060E-19
1.14815E+00  3.93648E-19
1.20226E+00  1.22937E-18
1.25893E+00  3.83970E-18
1.31826E+00  1.20528E-17
1.38038E+00  3.20022E-17
1.44544E+00  1.64124E-17
1.51356E+00  1.61142E-17
1.58489E+00  2.49732E-17
1.65959E+00  3.67315E-17
1.73780E+00  3.10120E-17
1.81970E+00  2.70066E-17
1.90546E+00  2.66085E-17
1.99526E+00  2.78930E-17
2.08930E+00  3.00741E-17
2.18776E+00  3.27008E-17
2.29087E+00  3.52288E-17
2.39883E+00  3.60223E-17
2.51189E+00  3.66562E-17
2.63027E+00  4.51021E-17
2.75423E+00  5.20226E-17
2.88403E+00  5.82031E-17
3.01995E+00  6.44638E-17
3.16228E+00  7.11886E-17
3.31131E+00  7.85881E-17
3.46737E+00  8.69186E-17
3.63078E+00  9.71041E-17
3.80189E+00  1.11736E-16
3.98107E+00  1.43816E-16
4.16869E+00  3.61368E-16
4.36516E+00  1.23149E-15
4.57088E+00  2.22935E-16
4.78630E+00  1.84870E-16
5.01187E+00  1.87709E-16
5.24807E+00  2.01884E-16
5.49541E+00  2.23306E-16
5.75440E+00  2.52479E-16
6.02560E+00  2.93035E-16
6.30957E+00  3.54788E-16
6.60693E+00  4.92898E-16
6.91831E+00  9.87425E-16
7.24436E+00  1.07736E-15
7.58578E+00  1.67960E-15
7.94328E+00  5.20599E-15
8.31764E+00  5.06071E-15
8.70964E+00  4.15340E-15
9.12011E+00  4.63868E-15
9.54992E+00  9.09447E-15
1.00000E+01  2.06423E-14
1.04713E+01  1.28755E-14
1.09648E+01  8.75242E-15
1.14815E+01  6.81107E-15
1.20226E+01  3.98592E-15
1.25893E+01  3.70081E-15
1.31826E+01  3.93472E-15
1.38038E+01  4.89024E-15
1.44544E+01  1.28463E-14
1.51356E+01  1.21095E-14
1.58489E+01  1.24814E-14
1.65959E+01  1.56292E-14
1.73780E+01  1.03210E-14
1.81970E+01  8.78133E-15
1.90546E+01  8.42490E-15
1.99526E+01  9.08167E-15
2.08930E+01  1.07865E-14
2.18776E+01  1.42913E-14
2.29087E+01  1.43751E-14
2.39883E+01  1.35649E-14
2.51189E+01  1.41767E-14
2.63027E+01  1.46764E-14
2.75423E+01  1.55714E-14
2.88403E+01  1.67611E-14
3.01995E+01  1.82555E-14
3.16228E+01  2.02137E-14
3.31131E+01  2.27053E-14
3.46737E+01  2.58780E-14
3.63078E+01  2.98811E-14
3.80189E+01  3.47560E-14
3.98107E+01  4.04779E-14
4.16869E+01  4.68383E-14
4.36516E+01  5.36437E-14
4.57088E+01  6.07483E-14
4.78630E+01  6.81162E-14
5.01187E+01  7.58669E-14
5.24807E+01  8.42734E-14
5.49541E+01  9.36323E-14
5.75440E+01  1.04158E-13
6.02560E+01  1.16157E-13
6.30957E+01  1.29719E-13
6.60693E+01  1.45043E-13
6.91831E+01  1.61998E-13
7.24436E+01  1.80657E-13
7.58578E+01  2.00819E-13
7.94328E+01  2.22385E-13
8.31764E+01  2.44909E-13
8.70963E+01  2.68163E-13
9.12011E+01  2.91700E-13
9.54992E+01  3.15114E-13
1.00000E+02  3.37826E-13
1.04713E+02  3.59336E-13
1.09648E+02  3.79293E-13
1.14815E+02  3.97435E-13
1.20226E+02  4.13279E-13
1.25893E+02  4.26564E-13
1.31826E+02  4.37052E-13
1.38038E+02  4.44502E-13
1.44544E+02  4.49502E-13
1.51356E+02  4.52792E-13
1.58489E+02  4.54665E-13
1.65959E+02  4.56329E-13
1.73780E+02  4.58252E-13
1.81970E+02  4.53546E-13
1.90546E+02  4.33441E-13
1.99526E+02  4.08234E-13
2.08930E+02  3.83642E-13
2.18776E+02  3.59828E-13
2.29087E+02  3.36672E-13
2.39883E+02  3.13827E-13
2.51189E+02  2.91043E-13
2.63027E+02  2.68804E-13
2.75423E+02  2.47150E-13
2.88403E+02  2.26071E-13
3.01995E+02  2.05964E-13
3.16228E+02  1.86755E-13
3.31131E+02  1.67777E-13
3.46737E+02  1.49449E-13
3.63078E+02  1.32682E-13
3.80189E+02  1.17563E-13
3.98107E+02  1.03863E-13
4.16869E+02  9.15824E-14
4.36516E+02  8.05416E-14
4.57088E+02  7.06892E-14
4.78630E+02  6.19584E-14
5.01187E+02  5.42345E-14
5.24807E+02  4.73979E-14
5.49541E+02  4.13640E-14
5.75440E+02  3.60779E-14
6.02560E+02  3.14250E-14
6.30957E+02  2.73500E-14
6.60693E+02  2.37799E-14
6.91831E+02  2.06734E-14
7.24436E+02  1.79536E-14
7.58577E+02  1.55851E-14
7.94328E+02  1.35285E-14
8.31763E+02  1.17409E-14
8.70963E+02  1.01875E-14
9.12011E+02  8.83973E-15
9.54993E+02  7.66718E-15
1.00000E+03  6.65214E-15
1.04713E+03  5.76934E-15
1.09648E+03  5.00085E-15
1.14815E+03  4.33263E-15
1.20226E+03  3.75313E-15
1.25893E+03  3.25116E-15
1.31826E+03  2.81673E-15
1.38038E+03  2.44471E-15
1.44544E+03  2.12193E-15
1.51356E+03  1.84133E-15
1.58489E+03  1.60039E-15
1.65959E+03  1.39510E-15
1.73780E+03  1.21573E-15
1.81970E+03  1.06346E-15
1.90546E+03  9.32722E-16
1.99526E+03  8.20761E-16
2.08930E+03  7.24077E-16
2.18776E+03  6.41072E-16
2.29087E+03  5.70470E-16
2.39883E+03  5.10253E-16
2.51189E+03  4.58218E-16
2.63027E+03  4.14178E-16
2.75423E+03  3.76529E-16
2.88403E+03  3.44381E-16
3.01995E+03  3.17073E-16
3.16228E+03  2.94022E-16
3.31131E+03  2.74458E-16
3.46737E+03  2.58051E-16
3.63078E+03  2.44194E-16
3.80189E+03  2.32648E-16
3.98107E+03  2.23013E-16
4.16869E+03  2.15085E-16
4.36516E+03  2.08590E-16
4.57088E+03  2.03374E-16
4.78630E+03  1.99282E-16
5.01187E+03  1.96166E-16
5.24807E+03  1.93878E-16
5.49541E+03  1.92309E-16
5.75440E+03  1.91400E-16
6.02560E+03  1.91049E-16
6.30957E+03  1.91214E-16
6.60693E+03  1.91826E-16
6.91831E+03  1.92845E-16
7.24436E+03  1.94224E-16
7.58577E+03  1.95943E-16
7.94328E+03  1.97964E-16
8.31763E+03  2.00269E-16
8.70963E+03  2.02837E-16
9.12010E+03  2.05652E-16
9.54993E+03  2.08699E-16
