#column 1 : lambda in microns
#column 2 : snu_eff in Jy / Lsun (in the cosmo of Planck 2013 XXX)
1.00000E+00  7.73101E-40
1.04713E+00  2.38297E-39
1.09648E+00  7.35892E-39
1.14815E+00  2.27675E-38
1.20226E+00  7.05686E-38
1.25893E+00  2.19124E-37
1.31826E+00  6.81612E-37
1.38038E+00  2.12390E-36
1.44544E+00  6.62917E-36
1.51356E+00  2.07248E-35
1.58489E+00  6.48945E-35
1.65959E+00  2.03510E-34
1.73780E+00  6.39142E-34
1.81970E+00  2.01010E-33
1.90546E+00  6.33022E-33
1.99526E+00  1.99605E-32
2.08930E+00  6.30162E-32
2.18776E+00  1.99174E-31
2.29087E+00  6.30213E-31
2.39883E+00  1.99612E-30
2.51189E+00  6.32861E-30
2.63027E+00  2.00828E-29
2.75423E+00  6.37844E-29
2.88403E+00  2.02745E-28
3.01995E+00  6.44933E-28
3.16228E+00  2.05297E-27
3.31131E+00  6.53936E-27
3.46737E+00  2.08426E-26
3.63078E+00  6.64690E-26
3.80189E+00  2.12087E-25
3.98107E+00  6.77052E-25
4.16869E+00  2.16237E-24
4.36516E+00  6.90906E-24
4.57088E+00  2.20840E-23
4.78630E+00  7.06153E-23
5.01187E+00  2.25873E-22
5.24807E+00  7.22705E-22
5.49541E+00  2.31306E-21
5.75440E+00  7.40504E-21
6.02560E+00  2.37123E-20
6.30957E+00  8.63648E-20
6.60693E+00  7.67664E-20
6.91831E+00  5.33827E-20
7.24436E+00  6.79521E-20
7.58578E+00  1.16165E-19
7.94328E+00  1.23510E-19
8.31764E+00  1.00447E-19
8.70964E+00  9.32845E-20
9.12011E+00  9.51744E-20
9.54992E+00  1.01420E-19
1.00000E+01  1.09964E-19
1.04713E+01  1.19188E-19
1.09648E+01  1.26071E-19
1.14815E+01  1.23018E-19
1.20226E+01  1.42885E-19
1.25893E+01  1.71236E-19
1.31826E+01  1.93633E-19
1.38038E+01  2.15703E-19
1.44544E+01  2.38728E-19
1.51356E+01  2.63879E-19
1.58489E+01  2.92396E-19
1.65959E+01  3.25103E-19
1.73780E+01  3.68663E-19
1.81970E+01  4.42567E-19
1.90546E+01  6.84518E-19
1.99526E+01  1.00737E-17
2.08930E+01  1.21845E-18
2.18776E+01  7.12205E-19
2.29087E+01  6.87898E-19
2.39883E+01  7.36147E-19
2.51189E+01  8.20166E-19
2.63027E+01  9.36891E-19
2.75423E+01  1.09387E-18
2.88403E+01  1.31568E-18
3.01995E+01  1.67663E-18
3.16228E+01  2.99017E-18
3.31131E+01  3.38878E-18
3.46737E+01  7.39825E-18
3.63078E+01  8.61866E-18
3.80189E+01  4.68661E-17
3.98107E+01  1.48891E-17
4.16869E+01  1.68240E-17
4.36516E+01  2.42909E-17
4.57088E+01  6.16951E-17
4.78630E+01  7.75161E-17
5.01187E+01  3.59573E-17
5.24807E+01  4.44399E-17
5.49541E+01  2.00352E-17
5.75440E+01  1.69442E-17
6.02560E+01  1.73805E-17
6.30957E+01  1.97706E-17
6.60693E+01  2.82829E-17
6.91831E+01  9.80417E-17
7.24436E+01  5.33239E-17
7.58578E+01  6.25466E-17
7.94328E+01  4.73981E-17
8.31764E+01  4.59962E-17
8.70963E+01  4.33361E-17
9.12011E+01  4.35649E-17
9.54992E+01  5.02502E-17
1.00000E+02  7.53319E-17
1.04713E+02  8.05146E-17
1.09648E+02  7.67760E-17
1.14815E+02  8.24852E-17
1.20226E+02  8.52803E-17
1.25893E+02  9.17984E-17
1.31826E+02  1.00408E-16
1.38038E+02  1.11539E-16
1.44544E+02  1.26029E-16
1.51356E+02  1.45479E-16
1.58489E+02  1.71632E-16
1.65959E+02  2.07152E-16
1.73780E+02  2.54964E-16
1.81970E+02  3.17378E-16
1.90546E+02  3.93919E-16
1.99526E+02  4.82194E-16
2.08930E+02  5.76516E-16
2.18776E+02  6.72014E-16
2.29087E+02  7.64090E-16
2.39883E+02  8.51546E-16
2.51189E+02  9.35009E-16
2.63027E+02  1.01622E-15
2.75423E+02  1.09556E-15
2.88403E+02  1.17425E-15
3.01995E+02  1.25192E-15
3.16228E+02  1.32799E-15
3.31131E+02  1.39968E-15
3.46737E+02  1.46920E-15
3.63078E+02  1.53110E-15
3.80189E+02  1.58526E-15
3.98107E+02  1.62980E-15
4.16869E+02  1.66283E-15
4.36516E+02  1.68808E-15
4.57088E+02  1.69637E-15
4.78630E+02  1.69484E-15
5.01187E+02  1.67891E-15
5.24807E+02  1.65400E-15
5.49541E+02  1.61827E-15
5.75440E+02  1.57232E-15
6.02560E+02  1.51931E-15
6.30957E+02  1.45958E-15
6.60693E+02  1.39161E-15
6.91831E+02  1.32544E-15
7.24436E+02  1.25624E-15
7.58577E+02  1.18943E-15
7.94328E+02  1.12993E-15
8.31763E+02  1.07059E-15
8.70963E+02  9.89329E-16
9.12011E+02  8.93709E-16
9.54993E+02  8.04167E-16
1.00000E+03  7.24122E-16
1.04713E+03  6.51678E-16
1.09648E+03  5.84727E-16
1.14815E+03  5.23422E-16
1.20226E+03  4.67075E-16
1.25893E+03  4.15475E-16
1.31826E+03  3.68702E-16
1.38038E+03  3.25829E-16
1.44544E+03  2.87305E-16
1.51356E+03  2.52053E-16
1.58489E+03  2.18932E-16
1.65959E+03  1.89552E-16
1.73780E+03  1.63969E-16
1.81970E+03  1.41506E-16
1.90546E+03  1.22151E-16
1.99526E+03  1.05423E-16
2.08930E+03  9.08382E-17
2.18776E+03  7.81353E-17
2.29087E+03  6.72757E-17
2.39883E+03  5.78637E-17
2.51189E+03  4.97444E-17
2.63027E+03  4.27893E-17
2.75423E+03  3.68084E-17
2.88403E+03  3.16459E-17
3.01995E+03  2.72361E-17
3.16228E+03  2.34397E-17
3.31131E+03  2.01808E-17
3.46737E+03  1.73945E-17
3.63078E+03  1.49896E-17
3.80189E+03  1.29142E-17
3.98107E+03  1.11580E-17
4.16869E+03  9.67278E-18
4.36516E+03  8.36227E-18
4.57088E+03  7.25266E-18
4.78630E+03  6.29835E-18
5.01187E+03  5.47840E-18
5.24807E+03  4.77456E-18
5.49541E+03  4.16899E-18
5.75440E+03  3.64838E-18
6.02560E+03  3.20226E-18
6.30957E+03  2.82323E-18
6.60693E+03  2.49298E-18
6.91831E+03  2.21831E-18
7.24436E+03  1.97861E-18
7.58577E+03  1.77860E-18
7.94328E+03  1.60669E-18
8.31763E+03  1.46169E-18
8.70963E+03  1.33852E-18
9.12010E+03  1.23614E-18
9.54993E+03  1.14854E-18
