#column 1 : lambda in microns
#column 2 : snu_eff in Jy / Lsun (in the cosmo of Planck 2013 XXX)
1.00000E+00  2.04621E-33
1.04713E+00  6.46969E-33
1.09648E+00  2.04731E-32
1.14815E+00  6.48379E-32
1.20226E+00  2.05497E-31
1.25893E+00  6.51775E-31
1.31826E+00  2.06864E-30
1.38038E+00  6.56982E-30
1.44544E+00  2.08780E-29
1.51356E+00  6.63858E-29
1.58489E+00  2.11202E-28
1.65959E+00  6.72279E-28
1.73780E+00  2.14097E-27
1.81970E+00  6.82138E-27
1.90546E+00  2.17432E-26
1.99526E+00  6.93350E-26
2.08930E+00  2.21182E-25
2.18776E+00  7.05839E-25
2.29087E+00  2.25326E-24
2.39883E+00  7.19546E-24
2.51189E+00  2.29847E-23
2.63027E+00  7.34420E-23
2.75423E+00  2.34731E-22
2.88403E+00  7.50425E-22
3.01995E+00  2.39967E-21
3.16228E+00  7.67528E-21
3.31131E+00  2.45545E-20
3.46737E+00  7.85703E-20
3.63078E+00  2.85839E-19
3.80189E+00  2.54127E-19
3.98107E+00  1.76863E-19
4.16869E+00  2.25133E-19
4.36516E+00  3.84806E-19
4.57088E+00  4.08871E-19
4.78630E+00  3.32774E-19
5.01187E+00  3.09233E-19
5.24807E+00  3.15504E-19
5.49541E+00  3.36265E-19
5.75440E+00  3.64616E-19
6.02560E+00  3.95328E-19
6.30957E+00  4.18363E-19
6.60693E+00  4.08239E-19
6.91831E+00  4.73620E-19
7.24436E+00  5.67329E-19
7.58578E+00  6.41966E-19
7.94328E+00  7.14457E-19
8.31764E+00  7.90599E-19
8.70964E+00  8.74128E-19
9.12011E+00  9.67203E-19
9.54992E+00  1.07539E-18
1.00000E+01  1.21734E-18
1.04713E+01  1.45939E-18
1.09648E+01  2.25544E-18
1.14815E+01  3.32480E-17
1.20226E+01  4.00539E-18
1.25893E+01  2.32555E-18
1.31826E+01  2.23131E-18
1.38038E+01  2.37111E-18
1.44544E+01  2.62185E-18
1.51356E+01  2.97026E-18
1.58489E+01  3.44283E-18
1.65959E+01  4.11391E-18
1.73780E+01  5.22957E-18
1.81970E+01  9.44126E-18
1.90546E+01  1.06373E-17
1.99526E+01  2.36013E-17
2.08930E+01  2.74177E-17
2.18776E+01  1.51720E-16
2.29087E+01  4.73754E-17
2.39883E+01  5.34088E-17
2.51189E+01  7.72742E-17
2.63027E+01  1.97629E-16
2.75423E+01  2.47942E-16
2.88403E+01  1.13700E-16
3.01995E+01  1.40559E-16
3.16228E+01  6.14743E-17
3.31131E+01  5.08990E-17
3.46737E+01  5.17609E-17
3.63078E+01  5.88933E-17
3.80189E+01  8.58765E-17
3.98107E+01  3.10236E-16
4.16869E+01  1.65148E-16
4.36516E+01  1.93817E-16
4.57088E+01  1.44277E-16
4.78630E+01  1.38713E-16
5.01187E+01  1.28937E-16
5.24807E+01  1.27901E-16
5.49541E+01  1.46541E-16
5.75440E+01  2.21636E-16
6.02560E+01  2.34407E-16
6.30957E+01  2.19087E-16
6.60693E+01  2.33329E-16
6.91831E+01  2.38733E-16
7.24436E+01  2.55508E-16
7.58578E+01  2.77773E-16
7.94328E+01  3.06121E-16
8.31764E+01  3.43102E-16
8.70963E+01  3.91686E-16
9.12011E+01  4.55900E-16
9.54992E+01  5.41203E-16
1.00000E+02  6.53644E-16
1.04713E+02  7.98028E-16
1.09648E+02  9.73347E-16
1.14815E+02  1.17528E-15
1.20226E+02  1.39448E-15
1.25893E+02  1.62330E-15
1.31826E+02  1.85437E-15
1.38038E+02  2.08689E-15
1.44544E+02  2.32392E-15
1.51356E+02  2.56766E-15
1.58489E+02  2.82089E-15
1.65959E+02  3.08630E-15
1.73780E+02  3.36206E-15
1.81970E+02  3.64708E-15
1.90546E+02  3.93536E-15
1.99526E+02  4.22527E-15
2.08930E+02  4.50940E-15
2.18776E+02  4.77961E-15
2.29087E+02  5.03184E-15
2.39883E+02  5.25889E-15
2.51189E+02  5.45743E-15
2.63027E+02  5.61870E-15
2.75423E+02  5.73971E-15
2.88403E+02  5.81753E-15
3.01995E+02  5.85544E-15
3.16228E+02  5.85145E-15
3.31131E+02  5.80631E-15
3.46737E+02  5.72168E-15
3.63078E+02  5.60404E-15
3.80189E+02  5.45046E-15
3.98107E+02  5.28378E-15
4.16869E+02  5.10339E-15
4.36516E+02  4.92059E-15
4.57088E+02  4.75292E-15
4.78630E+02  4.57816E-15
5.01187E+02  4.29727E-15
5.24807E+02  3.93890E-15
5.49541E+02  3.59179E-15
5.75440E+02  3.27568E-15
6.02560E+02  2.98436E-15
6.30957E+02  2.70951E-15
6.60693E+02  2.45345E-15
6.91831E+02  2.21328E-15
7.24436E+02  1.98908E-15
7.58577E+02  1.78236E-15
7.94328E+02  1.59056E-15
8.31763E+02  1.41528E-15
8.70963E+02  1.25203E-15
9.12011E+02  1.09640E-15
9.54993E+02  9.56578E-16
1.00000E+03  8.33545E-16
1.04713E+03  7.24736E-16
1.09648E+03  6.29608E-16
1.14815E+03  5.46296E-16
1.20226E+03  4.73370E-16
1.25893E+03  4.09496E-16
1.31826E+03  3.54242E-16
1.38038E+03  3.06138E-16
1.44544E+03  2.64325E-16
1.51356E+03  2.28240E-16
1.58489E+03  1.97027E-16
1.65959E+03  1.69979E-16
1.73780E+03  1.46667E-16
1.81970E+03  1.26530E-16
1.90546E+03  1.09162E-16
1.99526E+03  9.42164E-17
2.08930E+03  8.13143E-17
2.18776E+03  7.02090E-17
2.29087E+03  6.06515E-17
2.39883E+03  5.24931E-17
2.51189E+03  4.54050E-17
2.63027E+03  3.93141E-17
2.75423E+03  3.40731E-17
2.88403E+03  2.95551E-17
3.01995E+03  2.56570E-17
3.16228E+03  2.22892E-17
3.31131E+03  1.93912E-17
3.46737E+03  1.68991E-17
3.63078E+03  1.47783E-17
3.80189E+03  1.29179E-17
3.98107E+03  1.13674E-17
4.16869E+03  1.00089E-17
4.36516E+03  8.85999E-18
4.57088E+03  7.87863E-18
4.78630E+03  7.04208E-18
5.01187E+03  6.32236E-18
5.24807E+03  5.71759E-18
5.49541E+03  5.19569E-18
5.75440E+03  4.75594E-18
6.02560E+03  4.38560E-18
6.30957E+03  4.06947E-18
6.60693E+03  3.80479E-18
6.91831E+03  3.58132E-18
7.24436E+03  3.39418E-18
7.58577E+03  3.23930E-18
7.94328E+03  3.11020E-18
8.31763E+03  3.00476E-18
8.70963E+03  2.91913E-18
9.12010E+03  2.85076E-18
9.54993E+03  2.79730E-18
