#column 1 : lambda in microns
#column 2 : snu_eff in Jy / Lsun (in the cosmo of Planck 2013 XXX)
1.00000E+00  4.23627E-20
1.04713E+00  1.32271E-19
1.09648E+00  4.13031E-19
1.14815E+00  1.28986E-18
1.20226E+00  4.02845E-18
1.25893E+00  1.25827E-17
1.31826E+00  4.45155E-17
1.38038E+00  2.53609E-17
1.44544E+00  2.14313E-17
1.51356E+00  3.03079E-17
1.58489E+00  4.96233E-17
1.65959E+00  4.57449E-17
1.73780E+00  3.84164E-17
1.81970E+00  3.69534E-17
1.90546E+00  3.83064E-17
1.99526E+00  4.11142E-17
2.08930E+00  4.46478E-17
2.18776E+00  4.83391E-17
2.29087E+00  5.04594E-17
2.39883E+00  4.94578E-17
2.51189E+00  6.01046E-17
2.63027E+00  7.03731E-17
2.75423E+00  7.90212E-17
2.88403E+00  8.76581E-17
3.01995E+00  9.68253E-17
3.16228E+00  1.06909E-16
3.31131E+00  1.18192E-16
3.46737E+00  1.31529E-16
3.63078E+00  1.49681E-16
3.80189E+00  1.83983E-16
3.98107E+00  3.36710E-16
4.16869E+00  7.75602E-15
4.36516E+00  3.58217E-16
4.57088E+00  2.61570E-16
4.78630E+00  2.58527E-16
5.01187E+00  2.75248E-16
5.24807E+00  3.02511E-16
5.49541E+00  3.40059E-16
5.75440E+00  3.91668E-16
6.02560E+00  4.67672E-16
6.30957E+00  6.11516E-16
6.60693E+00  1.37101E-15
6.91831E+00  1.24045E-15
7.24436E+00  2.57406E-15
7.58578E+00  4.24031E-15
7.94328E+00  1.12311E-14
8.31764E+00  5.45711E-15
8.70964E+00  5.98682E-15
9.12011E+00  1.02135E-14
9.54992E+00  2.78755E-14
1.00000E+01  2.33281E-14
1.04713E+01  1.17619E-14
1.09648E+01  1.28544E-14
1.14815E+01  5.86561E-15
1.20226E+01  5.15169E-15
1.25893E+01  5.30953E-15
1.31826E+01  6.25849E-15
1.38038E+01  1.12931E-14
1.44544E+01  2.25340E-14
1.51356E+01  1.83824E-14
1.58489E+01  2.37962E-14
1.65959E+01  1.37201E-14
1.73780E+01  1.24714E-14
1.81970E+01  1.17897E-14
1.90546E+01  1.22489E-14
1.99526E+01  1.42011E-14
2.08930E+01  1.95995E-14
2.18776E+01  2.17775E-14
2.29087E+01  1.86978E-14
2.39883E+01  1.98618E-14
2.51189E+01  2.00151E-14
2.63027E+01  2.11300E-14
2.75423E+01  2.26361E-14
2.88403E+01  2.45404E-14
3.01995E+01  2.70562E-14
3.16228E+01  3.02711E-14
3.31131E+01  3.43699E-14
3.46737E+01  3.95367E-14
3.63078E+01  4.58797E-14
3.80189E+01  5.33945E-14
3.98107E+01  6.18832E-14
4.16869E+01  7.10021E-14
4.36516E+01  8.05368E-14
4.57088E+01  9.04079E-14
4.78630E+01  1.00804E-13
5.01187E+01  1.12004E-13
5.24807E+01  1.24381E-13
5.49541E+01  1.38398E-13
5.75440E+01  1.54277E-13
6.02560E+01  1.72396E-13
6.30957E+01  1.92815E-13
6.60693E+01  2.15686E-13
6.91831E+01  2.40900E-13
7.24436E+01  2.68356E-13
7.58578E+01  2.97713E-13
7.94328E+01  3.28728E-13
8.31764E+01  3.60984E-13
8.70963E+01  3.93854E-13
9.12011E+01  4.26758E-13
9.54992E+01  4.58924E-13
1.00000E+02  4.89767E-13
1.04713E+02  5.18492E-13
1.09648E+02  5.44990E-13
1.14815E+02  5.68460E-13
1.20226E+02  5.88449E-13
1.25893E+02  6.04743E-13
1.31826E+02  6.16877E-13
1.38038E+02  6.25339E-13
1.44544E+02  6.30958E-13
1.51356E+02  6.34657E-13
1.58489E+02  6.37496E-13
1.65959E+02  6.40958E-13
1.73780E+02  6.39245E-13
1.81970E+02  6.16065E-13
1.90546E+02  5.81800E-13
1.99526E+02  5.47158E-13
2.08930E+02  5.14083E-13
2.18776E+02  4.81563E-13
2.29087E+02  4.49586E-13
2.39883E+02  4.17551E-13
2.51189E+02  3.86406E-13
2.63027E+02  3.55879E-13
2.75423E+02  3.26257E-13
2.88403E+02  2.97779E-13
3.01995E+02  2.70521E-13
3.16228E+02  2.43833E-13
3.31131E+02  2.17381E-13
3.46737E+02  1.93245E-13
3.63078E+02  1.71407E-13
3.80189E+02  1.51616E-13
3.98107E+02  1.33742E-13
4.16869E+02  1.17749E-13
4.36516E+02  1.03455E-13
4.57088E+02  9.07802E-14
4.78630E+02  7.94871E-14
5.01187E+02  6.94955E-14
5.24807E+02  6.07112E-14
5.49541E+02  5.29557E-14
5.75440E+02  4.61508E-14
6.02560E+02  4.01709E-14
6.30957E+02  3.49587E-14
6.60693E+02  3.03835E-14
6.91831E+02  2.63908E-14
7.24436E+02  2.29205E-14
7.58577E+02  1.99044E-14
7.94328E+02  1.72799E-14
8.31763E+02  1.49909E-14
8.70963E+02  1.30114E-14
9.12011E+02  1.12867E-14
9.54993E+02  9.79433E-15
1.00000E+03  8.49331E-15
1.04713E+03  7.36570E-15
1.09648E+03  6.38199E-15
1.14815E+03  5.52829E-15
1.20226E+03  4.78784E-15
1.25893E+03  4.14887E-15
1.31826E+03  3.59471E-15
1.38038E+03  3.11640E-15
1.44544E+03  2.70717E-15
1.51356E+03  2.35295E-15
1.58489E+03  2.04940E-15
1.65959E+03  1.78511E-15
1.73780E+03  1.55921E-15
1.81970E+03  1.36541E-15
1.90546E+03  1.20120E-15
1.99526E+03  1.05787E-15
2.08930E+03  9.36103E-16
2.18776E+03  8.31021E-16
2.29087E+03  7.41506E-16
2.39883E+03  6.64275E-16
2.51189E+03  5.99119E-16
2.63027E+03  5.43302E-16
2.75423E+03  4.95996E-16
2.88403E+03  4.55508E-16
3.01995E+03  4.21124E-16
3.16228E+03  3.91972E-16
3.31131E+03  3.67360E-16
3.46737E+03  3.46739E-16
3.63078E+03  3.29473E-16
3.80189E+03  3.15077E-16
3.98107E+03  3.03090E-16
4.16869E+03  2.93291E-16
4.36516E+03  2.85373E-16
4.57088E+03  2.79120E-16
4.78630E+03  2.74250E-16
5.01187E+03  2.70608E-16
5.24807E+03  2.68047E-16
5.49541E+03  2.66413E-16
5.75440E+03  2.65622E-16
6.02560E+03  2.65574E-16
6.30957E+03  2.66186E-16
6.60693E+03  2.67382E-16
6.91831E+03  2.69106E-16
7.24436E+03  2.71313E-16
7.58577E+03  2.73967E-16
7.94328E+03  2.77022E-16
8.31763E+03  2.80452E-16
8.70963E+03  2.84234E-16
9.12010E+03  2.88349E-16
9.54993E+03  2.92782E-16
