#column 1 : lambda in microns
#column 2 : snu_eff in Jy / Lsun (in the cosmo of Planck 2013 XXX)
1.00000E+00  2.80801E-21
1.04713E+00  8.76712E-21
1.09648E+00  2.73756E-20
1.14815E+00  8.54904E-20
1.20226E+00  2.67004E-19
1.25893E+00  8.34004E-19
1.31826E+00  2.60534E-18
1.38038E+00  8.17974E-18
1.44544E+00  2.17205E-17
1.51356E+00  1.11384E-17
1.58489E+00  1.09356E-17
1.65959E+00  1.69486E-17
1.73780E+00  2.49292E-17
1.81970E+00  2.10463E-17
1.90546E+00  1.83277E-17
1.99526E+00  1.80569E-17
2.08930E+00  1.89287E-17
2.18776E+00  2.04086E-17
2.29087E+00  2.21912E-17
2.39883E+00  2.39067E-17
2.51189E+00  2.44451E-17
2.63027E+00  2.48748E-17
2.75423E+00  3.06074E-17
2.88403E+00  3.53045E-17
3.01995E+00  3.94994E-17
3.16228E+00  4.37491E-17
3.31131E+00  4.83139E-17
3.46737E+00  5.33370E-17
3.63078E+00  5.89931E-17
3.80189E+00  6.59091E-17
3.98107E+00  7.58453E-17
4.16869E+00  9.76280E-17
4.36516E+00  2.45322E-16
4.57088E+00  8.36042E-16
4.78630E+00  1.51379E-16
5.01187E+00  1.25566E-16
5.24807E+00  1.27533E-16
5.49541E+00  1.37210E-16
5.75440E+00  1.51825E-16
6.02560E+00  1.71725E-16
6.30957E+00  1.99387E-16
6.60693E+00  2.41473E-16
6.91831E+00  3.35449E-16
7.24436E+00  6.71521E-16
7.58578E+00  7.32897E-16
7.94328E+00  1.14229E-15
8.31764E+00  3.53798E-15
8.70964E+00  3.43999E-15
9.12011E+00  2.82430E-15
9.54992E+00  3.15479E-15
1.00000E+01  6.18330E-15
1.04713E+01  1.40321E-14
1.09648E+01  8.75536E-15
1.14815E+01  5.95398E-15
1.20226E+01  4.63594E-15
1.25893E+01  2.71737E-15
1.31826E+01  2.52524E-15
1.38038E+01  2.68574E-15
1.44544E+01  3.33654E-15
1.51356E+01  8.74410E-15
1.58489E+01  8.24542E-15
1.65959E+01  8.50031E-15
1.73780E+01  1.06427E-14
1.81970E+01  7.03723E-15
1.90546E+01  5.99341E-15
1.99526E+01  5.75545E-15
2.08930E+01  6.20834E-15
2.18776E+01  7.37647E-15
2.29087E+01  9.77279E-15
2.39883E+01  9.84179E-15
2.51189E+01  9.30217E-15
2.63027E+01  9.73083E-15
2.75423E+01  1.00825E-14
2.88403E+01  1.07054E-14
3.01995E+01  1.15321E-14
3.16228E+01  1.25700E-14
3.31131E+01  1.39297E-14
3.46737E+01  1.56604E-14
3.63078E+01  1.78657E-14
3.80189E+01  2.06513E-14
3.98107E+01  2.40488E-14
4.16869E+01  2.80437E-14
4.36516E+01  3.24923E-14
4.57088E+01  3.72597E-14
4.78630E+01  4.22410E-14
5.01187E+01  4.74050E-14
5.24807E+01  5.28312E-14
5.49541E+01  5.87032E-14
5.75440E+01  6.52223E-14
6.02560E+01  7.25337E-14
6.30957E+01  8.08448E-14
6.60693E+01  9.02122E-14
6.91831E+01  1.00768E-13
7.24436E+01  1.12414E-13
7.58578E+01  1.25196E-13
7.94328E+01  1.38971E-13
8.31764E+01  1.53660E-13
8.70963E+01  1.68960E-13
9.12011E+01  1.84706E-13
9.54992E+01  2.00590E-13
1.00000E+02  2.16338E-13
1.04713E+02  2.31552E-13
1.09648E+02  2.45898E-13
1.14815E+02  2.59139E-13
1.20226E+02  2.71109E-13
1.25893E+02  2.81485E-13
1.31826E+02  2.90094E-13
1.38038E+02  2.96788E-13
1.44544E+02  3.01419E-13
1.51356E+02  3.04385E-13
1.58489E+02  3.06188E-13
1.65959E+02  3.07042E-13
1.73780E+02  3.07759E-13
1.81970E+02  3.08655E-13
1.90546E+02  3.05116E-13
1.99526E+02  2.91272E-13
2.08930E+02  2.74055E-13
2.18776E+02  2.57292E-13
2.29087E+02  2.41095E-13
2.39883E+02  2.25374E-13
2.51189E+02  2.09896E-13
2.63027E+02  1.94493E-13
2.75423E+02  1.79489E-13
2.88403E+02  1.64903E-13
3.01995E+02  1.50727E-13
3.16228E+02  1.37227E-13
3.31131E+02  1.24347E-13
3.46737E+02  1.11639E-13
3.63078E+02  9.93851E-14
3.80189E+02  8.81829E-14
3.98107E+02  7.80916E-14
4.16869E+02  6.89564E-14
4.36516E+02  6.07736E-14
4.57088E+02  5.34229E-14
4.78630E+02  4.68681E-14
5.01187E+02  4.10625E-14
5.24807E+02  3.59304E-14
5.49541E+02  3.13897E-14
5.75440E+02  2.73848E-14
6.02560E+02  2.38780E-14
6.30957E+02  2.07922E-14
6.60693E+02  1.80915E-14
6.91831E+02  1.57259E-14
7.24436E+02  1.36682E-14
7.58577E+02  1.18673E-14
7.94328E+02  1.03001E-14
8.31763E+02  8.93900E-15
8.70963E+02  7.75674E-15
9.12011E+02  6.72945E-15
9.54993E+02  5.83847E-15
1.00000E+03  5.06349E-15
1.04713E+03  4.39277E-15
1.09648E+03  3.80956E-15
1.14815E+03  3.30202E-15
1.20226E+03  2.86075E-15
1.25893E+03  2.47814E-15
1.31826E+03  2.14678E-15
1.38038E+03  1.86011E-15
1.44544E+03  1.61463E-15
1.51356E+03  1.40168E-15
1.58489E+03  1.21658E-15
1.65959E+03  1.05767E-15
1.73780E+03  9.22329E-16
1.81970E+03  8.04050E-16
1.90546E+03  7.03674E-16
1.99526E+03  6.17504E-16
2.08930E+03  5.43729E-16
2.18776E+03  4.80029E-16
2.29087E+03  4.25350E-16
2.39883E+03  3.78855E-16
2.51189E+03  3.39207E-16
2.63027E+03  3.04953E-16
2.75423E+03  2.75975E-16
2.88403E+03  2.51210E-16
3.01995E+03  2.30068E-16
3.16228E+03  2.12124E-16
3.31131E+03  1.96978E-16
3.46737E+03  1.84141E-16
3.63078E+03  1.73379E-16
3.80189E+03  1.64299E-16
3.98107E+03  1.56745E-16
4.16869E+03  1.50450E-16
4.36516E+03  1.45281E-16
4.57088E+03  1.41058E-16
4.78630E+03  1.37679E-16
5.01187E+03  1.35042E-16
5.24807E+03  1.33049E-16
5.49541E+03  1.31603E-16
5.75440E+03  1.30633E-16
6.02560E+03  1.30101E-16
6.30957E+03  1.29936E-16
6.60693E+03  1.30115E-16
6.91831E+03  1.30589E-16
7.24436E+03  1.31334E-16
7.58577E+03  1.32318E-16
7.94328E+03  1.33529E-16
8.31763E+03  1.34941E-16
8.70963E+03  1.36543E-16
9.12010E+03  1.38320E-16
9.54993E+03  1.40263E-16
