#column 1 : lambda in microns
#column 2 : snu_eff in Jy / Lsun (in the cosmo of Planck 2013 XXX)
1.00000E+00  7.19878E-26
1.04713E+00  2.25749E-25
1.09648E+00  7.08094E-25
1.14815E+00  2.22154E-24
1.20226E+00  6.97121E-24
1.25893E+00  2.18805E-23
1.31826E+00  6.86903E-23
1.38038E+00  2.15687E-22
1.44544E+00  6.77393E-22
1.51356E+00  2.12786E-21
1.58489E+00  6.68544E-21
1.65959E+00  2.10089E-20
1.73780E+00  6.60326E-20
1.81970E+00  2.07585E-19
1.90546E+00  6.52701E-19
1.99526E+00  2.33707E-18
2.08930E+00  2.08314E-18
2.18776E+00  1.45979E-18
2.29087E+00  1.85496E-18
2.39883E+00  3.15490E-18
2.51189E+00  3.35387E-18
2.63027E+00  2.74144E-18
2.75423E+00  2.55554E-18
2.88403E+00  2.61151E-18
3.01995E+00  2.78579E-18
3.16228E+00  3.02150E-18
3.31131E+00  3.27723E-18
3.46737E+00  3.47087E-18
3.63078E+00  3.39489E-18
3.80189E+00  3.93147E-18
3.98107E+00  4.69964E-18
4.16869E+00  5.31313E-18
4.36516E+00  5.90857E-18
4.57088E+00  6.53312E-18
4.78630E+00  7.21776E-18
5.01187E+00  7.97676E-18
5.24807E+00  8.85881E-18
5.49541E+00  1.00073E-17
5.75440E+00  1.19645E-17
6.02560E+00  1.84027E-17
6.30957E+00  2.69569E-16
6.60693E+00  3.25125E-17
6.91831E+00  1.88344E-17
7.24436E+00  1.79736E-17
7.58578E+00  1.89654E-17
7.94328E+00  2.08019E-17
8.31764E+00  2.33581E-17
8.70964E+00  2.68387E-17
9.12011E+00  3.18213E-17
9.54992E+00  4.02757E-17
1.00000E+01  7.34857E-17
1.04713E+01  8.22741E-17
1.09648E+01  1.85310E-16
1.14815E+01  2.14579E-16
1.20226E+01  1.20698E-15
1.25893E+01  3.70638E-16
1.31826E+01  4.16525E-16
1.38038E+01  6.03525E-16
1.44544E+01  1.55339E-15
1.51356E+01  1.94507E-15
1.58489E+01  8.82574E-16
1.65959E+01  1.09196E-15
1.73780E+01  4.66457E-16
1.81970E+01  3.80184E-16
1.90546E+01  3.82382E-16
1.99526E+01  4.33348E-16
2.08930E+01  6.40099E-16
2.18776E+01  2.39322E-15
2.29087E+01  1.24558E-15
2.39883E+01  1.45716E-15
2.51189E+01  1.06166E-15
2.63027E+01  1.00683E-15
2.75423E+01  9.18977E-16
2.88403E+01  8.95584E-16
3.01995E+01  1.01492E-15
3.16228E+01  1.53969E-15
3.31131E+01  1.60262E-15
3.46737E+01  1.46338E-15
3.63078E+01  1.53662E-15
3.80189E+01  1.54870E-15
3.98107E+01  1.63841E-15
4.16869E+01  1.76132E-15
4.36516E+01  1.91764E-15
4.57088E+01  2.12114E-15
4.78630E+01  2.38314E-15
5.01187E+01  2.71947E-15
5.24807E+01  3.14950E-15
5.49541E+01  3.69095E-15
5.75440E+01  4.35347E-15
6.02560E+01  5.12104E-15
6.30957E+01  5.97066E-15
6.60693E+01  6.87314E-15
6.91831E+01  7.81436E-15
7.24436E+01  8.78556E-15
7.58578E+01  9.80273E-15
7.94328E+01  1.08970E-14
8.31764E+01  1.20874E-14
8.70963E+01  1.33999E-14
9.12011E+01  1.48558E-14
9.54992E+01  1.64530E-14
1.00000E+02  1.82014E-14
1.04713E+02  2.00813E-14
1.09648E+02  2.20765E-14
1.14815E+02  2.41713E-14
1.20226E+02  2.63149E-14
1.25893E+02  2.84862E-14
1.31826E+02  3.06302E-14
1.38038E+02  3.27073E-14
1.44544E+02  3.46877E-14
1.51356E+02  3.64877E-14
1.58489E+02  3.80855E-14
1.65959E+02  3.94719E-14
1.73780E+02  4.06071E-14
1.81970E+02  4.14757E-14
1.90546E+02  4.20458E-14
1.99526E+02  4.23432E-14
2.08930E+02  4.23656E-14
2.18776E+02  4.21860E-14
2.29087E+02  4.18760E-14
2.39883E+02  4.14865E-14
2.51189E+02  4.11478E-14
2.63027E+02  4.06818E-14
2.75423E+02  3.91077E-14
2.88403E+02  3.66154E-14
3.01995E+02  3.40784E-14
3.16228E+02  3.17058E-14
3.31131E+02  2.94529E-14
3.46737E+02  2.72533E-14
3.63078E+02  2.51357E-14
3.80189E+02  2.30790E-14
3.98107E+02  2.10976E-14
4.16869E+02  1.92154E-14
4.36516E+02  1.74156E-14
4.57088E+02  1.57292E-14
4.78630E+02  1.41143E-14
5.01187E+02  1.25301E-14
5.24807E+02  1.10749E-14
5.49541E+02  9.77053E-15
5.75440E+02  8.59517E-15
6.02560E+02  7.54914E-15
6.30957E+02  6.61791E-15
6.60693E+02  5.79103E-15
6.91831E+02  5.05664E-15
7.24436E+02  4.41240E-15
7.58577E+02  3.84463E-15
7.94328E+02  3.34516E-15
8.31763E+02  2.90924E-15
8.70963E+02  2.52840E-15
9.12011E+02  2.19470E-15
9.54993E+02  1.90472E-15
1.00000E+03  1.65178E-15
1.04713E+03  1.43182E-15
1.09648E+03  1.24115E-15
1.14815E+03  1.07521E-15
1.20226E+03  9.31768E-16
1.25893E+03  8.07106E-16
1.31826E+03  6.99807E-16
1.38038E+03  6.06413E-16
1.44544E+03  5.25482E-16
1.51356E+03  4.55511E-16
1.58489E+03  3.94849E-16
1.65959E+03  3.42217E-16
1.73780E+03  2.96494E-16
1.81970E+03  2.56999E-16
1.90546E+03  2.22860E-16
1.99526E+03  1.93662E-16
2.08930E+03  1.67936E-16
2.18776E+03  1.46412E-16
2.29087E+03  1.27437E-16
2.39883E+03  1.11308E-16
2.51189E+03  9.74725E-17
2.63027E+03  8.56318E-17
2.75423E+03  7.53781E-17
2.88403E+03  6.66909E-17
3.01995E+03  5.91610E-17
3.16228E+03  5.27642E-17
3.31131E+03  4.73297E-17
3.46737E+03  4.26507E-17
3.63078E+03  3.86833E-17
3.80189E+03  3.52928E-17
3.98107E+03  3.24064E-17
4.16869E+03  2.99702E-17
4.36516E+03  2.78957E-17
4.57088E+03  2.61484E-17
4.78630E+03  2.46777E-17
5.01187E+03  2.34459E-17
5.24807E+03  2.24231E-17
5.49541E+03  2.15782E-17
5.75440E+03  2.08831E-17
6.02560E+03  2.03204E-17
6.30957E+03  1.98733E-17
6.60693E+03  1.95264E-17
6.91831E+03  1.92643E-17
7.24436E+03  1.90811E-17
7.58577E+03  1.89642E-17
7.94328E+03  1.89046E-17
8.31763E+03  1.88976E-17
8.70963E+03  1.89368E-17
9.12010E+03  1.90169E-17
9.54993E+03  1.91344E-17
