#column 1 : lambda in microns
#column 2 : snu_eff in Jy / Lsun (in the cosmo of Planck 2013 XXX)
1.00000E+00  2.80644E-25
1.04713E+00  8.78907E-25
1.09648E+00  2.75307E-24
1.14815E+00  8.62544E-24
1.20226E+00  2.70289E-23
1.25893E+00  8.47156E-23
1.31826E+00  2.65571E-22
1.38038E+00  8.32685E-22
1.44544E+00  2.61134E-21
1.51356E+00  8.19080E-21
1.58489E+00  2.56962E-20
1.65959E+00  8.06296E-20
1.73780E+00  2.53045E-19
1.81970E+00  7.94292E-19
1.90546E+00  2.83976E-18
1.99526E+00  2.53178E-18
2.08930E+00  1.77527E-18
2.18776E+00  2.25550E-18
2.29087E+00  3.83431E-18
2.39883E+00  4.07633E-18
2.51189E+00  3.33320E-18
2.63027E+00  3.10804E-18
2.75423E+00  3.17659E-18
2.88403E+00  3.38880E-18
3.01995E+00  3.67557E-18
3.16228E+00  3.98674E-18
3.31131E+00  4.22249E-18
3.46737E+00  4.13094E-18
3.63078E+00  4.78313E-18
3.80189E+00  5.71660E-18
3.98107E+00  6.46221E-18
4.16869E+00  7.18600E-18
4.36516E+00  7.94493E-18
4.57088E+00  8.77689E-18
4.78630E+00  9.69889E-18
5.01187E+00  1.07706E-17
5.24807E+00  1.21654E-17
5.49541E+00  1.45415E-17
5.75440E+00  2.23574E-17
6.02560E+00  3.27278E-16
6.30957E+00  3.94847E-17
6.60693E+00  2.28773E-17
6.91831E+00  2.18289E-17
7.24436E+00  2.30273E-17
7.58578E+00  2.52493E-17
7.94328E+00  2.83417E-17
8.31764E+00  3.25527E-17
8.70964E+00  3.85828E-17
9.12011E+00  4.88215E-17
9.54992E+00  8.90973E-17
1.00000E+01  9.97253E-17
1.04713E+01  2.24717E-16
1.09648E+01  2.60176E-16
1.14815E+01  1.46422E-15
1.20226E+01  4.49388E-16
1.25893E+01  5.04968E-16
1.31826E+01  7.31717E-16
1.38038E+01  1.88378E-15
1.44544E+01  2.35873E-15
1.51356E+01  1.07005E-15
1.58489E+01  1.32406E-15
1.65959E+01  5.65488E-16
1.73780E+01  4.60874E-16
1.81970E+01  4.63332E-16
1.90546E+01  5.24907E-16
1.99526E+01  7.75420E-16
2.08930E+01  2.90185E-15
2.18776E+01  1.50925E-15
2.29087E+01  1.76543E-15
2.39883E+01  1.28529E-15
2.51189E+01  1.21837E-15
2.63027E+01  1.11136E-15
2.75423E+01  1.08240E-15
2.88403E+01  1.22622E-15
3.01995E+01  1.86082E-15
3.16228E+01  1.93580E-15
3.31131E+01  1.76589E-15
3.46737E+01  1.85326E-15
3.63078E+01  1.86663E-15
3.80189E+01  1.97384E-15
3.98107E+01  2.12096E-15
4.16869E+01  2.30809E-15
4.36516E+01  2.55169E-15
4.57088E+01  2.86508E-15
4.78630E+01  3.26687E-15
5.01187E+01  3.77971E-15
5.24807E+01  4.42421E-15
5.49541E+01  5.21089E-15
5.75440E+01  6.11999E-15
6.02560E+01  7.12425E-15
6.30957E+01  8.18954E-15
6.60693E+01  9.30076E-15
6.91831E+01  1.04488E-14
7.24436E+01  1.16543E-14
7.58578E+01  1.29552E-14
7.94328E+01  1.43754E-14
8.31764E+01  1.59464E-14
8.70963E+01  1.76944E-14
9.12011E+01  1.96184E-14
9.54992E+01  2.17306E-14
1.00000E+02  2.40090E-14
1.04713E+02  2.64343E-14
1.09648E+02  2.89890E-14
1.14815E+02  3.16130E-14
1.20226E+02  3.42804E-14
1.25893E+02  3.69246E-14
1.31826E+02  3.94981E-14
1.38038E+02  4.19642E-14
1.44544E+02  4.42199E-14
1.51356E+02  4.62371E-14
1.58489E+02  4.80042E-14
1.65959E+02  4.94695E-14
1.73780E+02  5.06129E-14
1.81970E+02  5.13947E-14
1.90546E+02  5.18422E-14
1.99526E+02  5.19539E-14
2.08930E+02  5.18145E-14
2.18776E+02  5.15139E-14
2.29087E+02  5.11124E-14
2.39883E+02  5.07709E-14
2.51189E+02  5.02683E-14
2.63027E+02  4.83899E-14
2.75423E+02  4.53632E-14
2.88403E+02  4.22720E-14
3.01995E+02  3.93748E-14
3.16228E+02  3.66177E-14
3.31131E+02  3.39203E-14
3.46737E+02  3.13169E-14
3.63078E+02  2.87833E-14
3.80189E+02  2.63374E-14
3.98107E+02  2.40097E-14
4.16869E+02  2.17798E-14
4.36516E+02  1.96876E-14
4.57088E+02  1.76805E-14
4.78630E+02  1.57081E-14
5.01187E+02  1.38940E-14
5.24807E+02  1.22664E-14
5.49541E+02  1.07982E-14
5.75440E+02  9.48984E-15
6.02560E+02  8.32404E-15
6.30957E+02  7.28806E-15
6.60693E+02  6.36712E-15
6.91831E+02  5.55870E-15
7.24436E+02  4.84564E-15
7.58577E+02  4.21797E-15
7.94328E+02  3.66980E-15
8.31763E+02  3.19062E-15
8.70963E+02  2.77049E-15
9.12011E+02  2.40520E-15
9.54993E+02  2.08645E-15
1.00000E+03  1.80908E-15
1.04713E+03  1.56855E-15
1.09648E+03  1.35919E-15
1.14815E+03  1.17810E-15
1.20226E+03  1.02063E-15
1.25893E+03  8.85087E-16
1.31826E+03  7.67057E-16
1.38038E+03  6.64746E-16
1.44544E+03  5.76267E-16
1.51356E+03  4.99531E-16
1.58489E+03  4.32942E-16
1.65959E+03  3.75072E-16
1.73780E+03  3.25075E-16
1.81970E+03  2.81849E-16
1.90546E+03  2.44869E-16
1.99526E+03  2.12275E-16
2.08930E+03  1.85006E-16
2.18776E+03  1.60955E-16
2.29087E+03  1.40509E-16
2.39883E+03  1.22966E-16
2.51189E+03  1.07952E-16
2.63027E+03  9.49438E-17
2.75423E+03  8.39206E-17
2.88403E+03  7.43634E-17
3.01995E+03  6.62421E-17
3.16228E+03  5.93402E-17
3.31131E+03  5.33955E-17
3.46737E+03  4.83533E-17
3.63078E+03  4.40420E-17
3.80189E+03  4.03697E-17
3.98107E+03  3.72685E-17
4.16869E+03  3.46257E-17
4.36516E+03  3.23979E-17
4.57088E+03  3.05200E-17
4.78630E+03  2.89460E-17
5.01187E+03  2.76364E-17
5.24807E+03  2.65523E-17
5.49541E+03  2.56579E-17
5.75440E+03  2.49313E-17
6.02560E+03  2.43511E-17
6.30957E+03  2.38977E-17
6.60693E+03  2.35514E-17
6.91831E+03  2.33050E-17
7.24436E+03  2.31423E-17
7.58577E+03  2.30519E-17
7.94328E+03  2.30278E-17
8.31763E+03  2.30619E-17
8.70963E+03  2.31473E-17
9.12010E+03  2.32797E-17
9.54993E+03  2.34539E-17
