#column 1 : lambda in microns
#column 2 : snu_eff in Jy / Lsun (in the cosmo of Planck 2013 XXX)
1.00000E+00  3.45723E-27
1.04713E+00  1.08324E-26
1.09648E+00  3.39516E-26
1.14815E+00  1.06446E-25
1.20226E+00  3.33834E-25
1.25893E+00  1.04728E-24
1.31826E+00  3.28645E-24
1.38038E+00  1.03162E-23
1.44544E+00  3.23921E-23
1.51356E+00  1.01738E-22
1.58489E+00  3.19635E-22
1.65959E+00  1.00450E-21
1.73780E+00  3.15768E-21
1.81970E+00  9.92908E-21
1.90546E+00  3.12300E-20
1.99526E+00  9.82551E-20
2.08930E+00  3.09214E-19
2.18776E+00  1.02907E-18
2.29087E+00  1.63716E-18
2.39883E+00  9.39595E-19
2.51189E+00  1.06018E-18
2.63027E+00  1.74878E-18
2.75423E+00  2.21121E-18
2.88403E+00  1.80091E-18
3.01995E+00  1.62312E-18
3.16228E+00  1.63081E-18
3.31131E+00  1.72514E-18
3.46737E+00  1.86707E-18
3.63078E+00  2.02859E-18
3.80189E+00  2.17010E-18
3.98107E+00  2.16409E-18
4.16869E+00  2.34300E-18
4.36516E+00  2.85845E-18
4.57088E+00  3.26007E-18
4.78630E+00  3.63574E-18
5.01187E+00  4.02341E-18
5.24807E+00  4.44496E-18
5.49541E+00  4.90906E-18
5.75440E+00  5.44339E-18
6.02560E+00  6.11695E-18
6.30957E+00  7.15384E-18
6.60693E+00  9.87937E-18
6.91831E+00  4.56257E-17
7.24436E+00  3.23995E-17
7.58578E+00  1.25873E-17
7.94328E+00  1.13695E-17
8.31764E+00  1.18323E-17
8.70964E+00  1.29022E-17
9.12011E+00  1.44416E-17
9.54992E+00  1.65294E-17
1.00000E+01  1.94435E-17
1.04713E+01  2.40801E-17
1.09648E+01  3.69219E-17
1.14815E+01  5.45882E-17
1.20226E+01  9.10139E-17
1.25893E+01  1.12186E-16
1.31826E+01  6.05535E-16
1.38038E+01  2.50531E-16
1.44544E+01  2.66398E-16
1.51356E+01  3.30129E-16
1.58489E+01  7.37601E-16
1.65959E+01  1.27737E-15
1.73780E+01  6.48138E-16
1.81970E+01  6.34952E-16
1.90546E+01  3.48232E-16
1.99526E+01  2.51285E-16
2.08930E+01  2.45387E-16
2.18776E+01  2.69847E-16
2.29087E+01  3.58738E-16
2.39883E+01  1.56563E-15
2.51189E+01  7.34901E-16
2.63027E+01  8.10476E-16
2.75423E+01  8.05068E-16
2.88403E+01  6.99756E-16
3.01995E+01  6.06977E-16
3.16228E+01  5.75658E-16
3.31131E+01  6.40192E-16
3.46737E+01  8.13824E-16
3.63078E+01  1.03131E-15
3.80189E+01  9.85561E-16
3.98107E+01  9.81165E-16
4.16869E+01  1.02416E-15
4.36516E+01  1.08092E-15
4.57088E+01  1.16192E-15
4.78630E+01  1.26596E-15
5.01187E+01  1.39840E-15
5.24807E+01  1.56994E-15
5.49541E+01  1.78964E-15
5.75440E+01  2.07414E-15
6.02560E+01  2.43687E-15
6.30957E+01  2.88223E-15
6.60693E+01  3.41268E-15
6.91831E+01  4.01174E-15
7.24436E+01  4.65660E-15
7.58578E+01  5.32966E-15
7.94328E+01  6.02738E-15
8.31764E+01  6.75206E-15
8.70963E+01  7.51681E-15
9.12011E+01  8.34441E-15
9.54992E+01  9.24506E-15
1.00000E+02  1.02309E-14
1.04713E+02  1.13134E-14
1.09648E+02  1.24856E-14
1.14815E+02  1.37378E-14
1.20226E+02  1.50620E-14
1.25893E+02  1.64405E-14
1.31826E+02  1.78489E-14
1.38038E+02  1.92594E-14
1.44544E+02  2.06467E-14
1.51356E+02  2.19772E-14
1.58489E+02  2.32320E-14
1.65959E+02  2.43629E-14
1.73780E+02  2.53519E-14
1.81970E+02  2.61884E-14
1.90546E+02  2.68547E-14
1.99526E+02  2.73409E-14
2.08930E+02  2.76323E-14
2.18776E+02  2.77387E-14
2.29087E+02  2.76591E-14
2.39883E+02  2.74383E-14
2.51189E+02  2.71291E-14
2.63027E+02  2.67593E-14
2.75423E+02  2.64045E-14
2.88403E+02  2.60418E-14
3.01995E+02  2.51598E-14
3.16228E+02  2.35569E-14
3.31131E+02  2.18756E-14
3.46737E+02  2.02817E-14
3.63078E+02  1.87816E-14
3.80189E+02  1.73409E-14
3.98107E+02  1.59657E-14
4.16869E+02  1.46265E-14
4.36516E+02  1.33424E-14
4.57088E+02  1.21292E-14
4.78630E+02  1.09748E-14
5.01187E+02  9.89594E-15
5.24807E+02  8.87618E-15
5.49541E+02  7.88613E-15
5.75440E+02  6.95700E-15
6.02560E+02  6.12392E-15
6.30957E+02  5.38593E-15
6.60693E+02  4.72292E-15
6.91831E+02  4.13349E-15
7.24436E+02  3.61217E-15
7.58577E+02  3.15237E-15
7.94328E+02  2.74624E-15
8.31763E+02  2.38984E-15
8.70963E+02  2.07814E-15
9.12011E+02  1.80466E-15
9.54993E+02  1.56664E-15
1.00000E+03  1.35943E-15
1.04713E+03  1.17824E-15
1.09648E+03  1.02108E-15
1.14815E+03  8.84569E-16
1.20226E+03  7.66058E-16
1.25893E+03  6.63296E-16
1.31826E+03  5.74308E-16
1.38038E+03  4.97282E-16
1.44544E+03  4.30919E-16
1.51356E+03  3.73245E-16
1.58489E+03  3.23334E-16
1.65959E+03  2.80247E-16
1.73780E+03  2.42898E-16
1.81970E+03  2.10493E-16
1.90546E+03  1.82452E-16
1.99526E+03  1.58164E-16
2.08930E+03  1.37151E-16
2.18776E+03  1.19199E-16
2.29087E+03  1.03564E-16
2.39883E+03  9.01868E-17
2.51189E+03  7.85883E-17
2.63027E+03  6.88186E-17
2.75423E+03  6.02527E-17
2.88403E+03  5.30032E-17
3.01995E+03  4.67545E-17
3.16228E+03  4.14059E-17
3.31131E+03  3.68565E-17
3.46737E+03  3.29259E-17
3.63078E+03  2.95961E-17
3.80189E+03  2.67504E-17
3.98107E+03  2.43491E-17
4.16869E+03  2.22792E-17
4.36516E+03  2.05219E-17
4.57088E+03  1.90420E-17
4.78630E+03  1.77848E-17
5.01187E+03  1.67288E-17
5.24807E+03  1.58427E-17
5.49541E+03  1.51053E-17
5.75440E+03  1.44906E-17
6.02560E+03  1.39850E-17
6.30957E+03  1.35772E-17
6.60693E+03  1.32462E-17
6.91831E+03  1.29852E-17
7.24436E+03  1.27862E-17
7.58577E+03  1.26415E-17
7.94328E+03  1.25426E-17
8.31763E+03  1.24853E-17
8.70963E+03  1.24643E-17
9.12010E+03  1.24745E-17
9.54993E+03  1.25137E-17
