#column 1 : lambda in microns
#column 2 : snu_eff in Jy / Lsun (in the cosmo of Planck 2013 XXX)
1.00000E+00  1.60288E-38
1.04713E+00  4.96373E-38
1.09648E+00  1.53994E-37
1.14815E+00  4.78602E-37
1.20226E+00  1.49006E-36
1.25893E+00  4.64701E-36
1.31826E+00  1.45165E-35
1.38038E+00  4.54200E-35
1.44544E+00  1.42333E-34
1.51356E+00  4.46691E-34
1.58489E+00  1.40389E-33
1.65959E+00  4.41827E-33
1.73780E+00  1.39232E-32
1.81970E+00  4.39307E-32
1.90546E+00  1.38774E-31
1.99526E+00  4.38869E-31
2.08930E+00  1.38938E-30
2.18776E+00  4.40293E-30
2.29087E+00  1.39660E-29
2.39883E+00  4.43387E-29
2.51189E+00  1.40882E-28
2.63027E+00  4.47985E-28
2.75423E+00  1.42557E-27
2.88403E+00  4.53951E-27
3.01995E+00  1.44645E-26
3.16228E+00  4.61163E-26
3.31131E+00  1.47110E-25
3.46737E+00  4.69518E-25
3.63078E+00  1.49923E-24
3.80189E+00  4.78934E-24
3.98107E+00  1.53059E-23
4.16869E+00  4.89337E-23
4.36516E+00  1.56497E-22
4.57088E+00  5.00664E-22
4.78630E+00  1.60220E-21
5.01187E+00  5.12871E-21
5.24807E+00  1.64213E-20
5.49541E+00  5.28450E-20
5.75440E+00  1.42005E-19
6.02560E+00  7.19720E-20
6.30957E+00  7.03693E-20
6.60693E+00  1.09825E-19
6.91831E+00  1.62155E-19
7.24436E+00  1.36255E-19
7.58578E+00  1.18012E-19
7.94328E+00  1.15858E-19
8.31764E+00  1.21286E-19
8.70964E+00  1.30693E-19
9.12011E+00  1.42020E-19
9.54992E+00  1.52886E-19
1.00000E+01  1.56138E-19
1.04713E+01  1.58447E-19
1.09648E+01  1.95958E-19
1.14815E+01  2.26365E-19
1.20226E+01  2.53780E-19
1.25893E+01  2.81429E-19
1.31826E+01  3.11058E-19
1.38038E+01  3.43925E-19
1.44544E+01  3.81815E-19
1.51356E+01  4.27525E-19
1.58489E+01  4.94165E-19
1.65959E+01  6.40179E-19
1.73780E+01  1.62209E-18
1.81970E+01  5.54799E-18
1.90546E+01  1.01063E-18
1.99526E+01  8.48871E-19
2.08930E+01  8.75680E-19
2.18776E+01  9.59558E-19
2.29087E+01  1.08323E-18
2.39883E+01  1.25013E-18
2.51189E+01  1.48000E-18
2.63027E+01  1.81876E-18
2.75423E+01  2.52227E-18
2.88403E+01  4.88103E-18
3.01995E+01  5.40840E-18
3.16228E+01  8.32379E-18
3.31131E+01  2.48863E-17
3.46737E+01  2.44462E-17
3.63078E+01  2.04412E-17
3.80189E+01  2.30056E-17
3.98107E+01  4.44628E-17
4.16869E+01  1.00070E-16
4.36516E+01  6.34927E-17
4.57088E+01  4.39773E-17
4.78630E+01  3.50664E-17
5.01187E+01  2.18422E-17
5.24807E+01  2.09822E-17
5.49541E+01  2.26807E-17
5.75440E+01  2.78494E-17
6.02560E+01  6.66605E-17
6.30957E+01  6.40148E-17
6.60693E+01  6.68022E-17
6.91831E+01  8.35040E-17
7.24436E+01  5.85043E-17
7.58578E+01  5.20416E-17
7.94328E+01  5.18420E-17
8.31764E+01  5.73822E-17
8.70963E+01  6.92575E-17
9.12011E+01  9.19761E-17
9.54992E+01  9.62953E-17
1.00000E+02  9.55469E-17
1.04713E+02  1.02905E-16
1.09648E+02  1.09338E-16
1.14815E+02  1.18802E-16
1.20226E+02  1.31038E-16
1.25893E+02  1.46633E-16
1.31826E+02  1.67443E-16
1.38038E+02  1.95256E-16
1.44544E+02  2.32955E-16
1.51356E+02  2.84183E-16
1.58489E+02  3.52109E-16
1.65959E+02  4.38660E-16
1.73780E+02  5.41048E-16
1.81970E+02  6.55373E-16
1.90546E+02  7.74280E-16
1.99526E+02  8.90377E-16
2.08930E+02  1.00193E-15
2.18776E+02  1.10784E-15
2.29087E+02  1.20934E-15
2.39883E+02  1.30813E-15
2.51189E+02  1.40617E-15
2.63027E+02  1.50326E-15
2.75423E+02  1.59907E-15
2.88403E+02  1.69167E-15
3.01995E+02  1.77749E-15
3.16228E+02  1.85860E-15
3.31131E+02  1.93336E-15
3.46737E+02  1.99379E-15
3.63078E+02  2.04229E-15
3.80189E+02  2.07551E-15
3.98107E+02  2.09773E-15
4.16869E+02  2.10265E-15
4.36516E+02  2.09504E-15
4.57088E+02  2.06856E-15
4.78630E+02  2.02843E-15
5.01187E+02  1.97788E-15
5.24807E+02  1.91749E-15
5.49541E+02  1.84467E-15
5.75440E+02  1.76745E-15
6.02560E+02  1.68330E-15
6.30957E+02  1.59956E-15
6.60693E+02  1.51468E-15
6.91831E+02  1.43642E-15
7.24436E+02  1.36333E-15
7.58577E+02  1.27956E-15
7.94328E+02  1.16547E-15
8.31763E+02  1.05115E-15
8.70963E+02  9.46595E-16
9.12011E+02  8.51610E-16
9.54993E+02  7.65320E-16
1.00000E+03  6.86319E-16
1.04713E+03  6.12882E-16
1.09648E+03  5.46266E-16
1.14815E+03  4.85348E-16
1.20226E+03  4.29497E-16
1.25893E+03  3.79316E-16
1.31826E+03  3.33856E-16
1.38038E+03  2.91434E-16
1.44544E+03  2.52551E-16
1.51356E+03  2.18577E-16
1.58489E+03  1.88956E-16
1.65959E+03  1.62962E-16
1.73780E+03  1.40695E-16
1.81970E+03  1.21243E-16
1.90546E+03  1.04388E-16
1.99526E+03  8.98355E-17
2.08930E+03  7.73284E-17
2.18776E+03  6.65060E-17
2.29087E+03  5.71808E-17
2.39883E+03  4.91890E-17
2.51189E+03  4.22947E-17
2.63027E+03  3.63997E-17
2.75423E+03  3.13108E-17
2.88403E+03  2.69507E-17
3.01995E+03  2.32033E-17
3.16228E+03  1.99997E-17
3.31131E+03  1.72585E-17
3.46737E+03  1.48765E-17
3.63078E+03  1.28671E-17
3.80189E+03  1.11368E-17
3.98107E+03  9.64999E-18
4.16869E+03  8.37609E-18
4.36516E+03  7.27972E-18
4.57088E+03  6.33881E-18
4.78630E+03  5.52730E-18
5.01187E+03  4.83129E-18
5.24807E+03  4.23405E-18
5.49541E+03  3.72073E-18
5.75440E+03  3.28932E-18
6.02560E+03  2.91547E-18
6.30957E+03  2.59531E-18
6.60693E+03  2.32235E-18
6.91831E+03  2.09431E-18
7.24436E+03  1.89843E-18
7.58577E+03  1.73364E-18
7.94328E+03  1.59311E-18
8.31763E+03  1.47607E-18
8.70963E+03  1.37703E-18
9.12010E+03  1.29409E-18
9.54993E+03  1.22603E-18
