#column 1 : lambda in microns
#column 2 : snu_eff in Jy / Lsun (in the cosmo of Planck 2013 XXX)
1.00000E+00  7.34059E-23
1.04713E+00  2.29674E-22
1.09648E+00  7.18703E-22
1.14815E+00  2.24929E-21
1.20226E+00  7.04040E-21
1.25893E+00  2.20397E-20
1.31826E+00  6.90033E-20
1.38038E+00  2.16067E-19
1.44544E+00  6.76648E-19
1.51356E+00  2.11929E-18
1.58489E+00  7.56207E-18
1.65959E+00  6.74443E-18
1.73780E+00  4.73300E-18
1.81970E+00  6.01213E-18
1.90546E+00  1.02143E-17
1.99526E+00  1.08604E-17
2.08930E+00  8.88500E-18
2.18776E+00  8.28771E-18
2.29087E+00  8.47211E-18
2.39883E+00  9.03902E-18
2.51189E+00  9.80369E-18
2.63027E+00  1.06342E-17
2.75423E+00  1.12634E-17
2.88403E+00  1.10218E-17
3.01995E+00  1.27597E-17
3.16228E+00  1.52461E-17
3.31131E+00  1.72319E-17
3.46737E+00  1.91600E-17
3.63078E+00  2.11810E-17
3.80189E+00  2.33940E-17
3.98107E+00  2.58468E-17
4.16869E+00  2.86941E-17
4.36516E+00  3.23973E-17
4.57088E+00  3.87053E-17
4.78630E+00  5.94684E-17
5.01187E+00  8.70163E-16
5.24807E+00  1.04928E-16
5.49541E+00  6.07039E-17
5.75440E+00  5.78175E-17
6.02560E+00  6.08648E-17
6.30957E+00  6.65805E-17
6.60693E+00  7.45472E-17
6.91831E+00  8.54035E-17
7.24436E+00  1.01003E-16
7.58578E+00  1.27653E-16
7.94328E+00  2.33860E-16
8.31764E+00  2.61251E-16
8.70964E+00  5.91614E-16
9.12011E+00  6.84296E-16
9.54992E+00  3.87139E-15
1.00000E+01  1.18200E-15
1.04713E+01  1.32695E-15
1.09648E+01  1.92380E-15
1.14815E+01  4.96346E-15
1.20226E+01  6.21156E-15
1.25893E+01  2.80775E-15
1.31826E+01  3.47519E-15
1.38038E+01  1.47027E-15
1.44544E+01  1.19011E-15
1.51356E+01  1.19216E-15
1.58489E+01  1.34991E-15
1.65959E+01  2.00681E-15
1.73780E+01  7.61248E-15
1.81970E+01  3.93072E-15
1.90546E+01  4.59694E-15
1.99526E+01  3.32462E-15
2.08930E+01  3.13971E-15
2.18776E+01  2.84789E-15
2.29087E+01  2.75726E-15
2.39883E+01  3.11337E-15
2.51189E+01  4.73946E-15
2.63027E+01  4.90335E-15
2.75423E+01  4.43076E-15
2.88403E+01  4.62515E-15
3.01995E+01  4.63060E-15
3.16228E+01  4.87656E-15
3.31131E+01  5.21930E-15
3.46737E+01  5.65711E-15
3.63078E+01  6.22809E-15
3.80189E+01  6.96220E-15
3.98107E+01  7.90021E-15
4.16869E+01  9.09139E-15
4.36516E+01  1.05772E-14
4.57088E+01  1.23751E-14
4.78630E+01  1.44331E-14
5.01187E+01  1.66867E-14
5.24807E+01  1.90637E-14
5.49541E+01  2.15411E-14
5.75440E+01  2.41121E-14
6.02560E+01  2.68370E-14
6.30957E+01  2.98150E-14
6.60693E+01  3.31122E-14
6.91831E+01  3.68108E-14
7.24436E+01  4.09833E-14
7.58578E+01  4.56371E-14
7.94328E+01  5.08165E-14
8.31764E+01  5.64799E-14
8.70963E+01  6.25911E-14
9.12011E+01  6.91205E-14
9.54992E+01  7.59304E-14
1.00000E+02  8.29649E-14
1.04713E+02  9.00522E-14
1.09648E+02  9.70834E-14
1.14815E+02  1.03964E-13
1.20226E+02  1.10416E-13
1.25893E+02  1.16353E-13
1.31826E+02  1.21738E-13
1.38038E+02  1.26413E-13
1.44544E+02  1.30309E-13
1.51356E+02  1.33301E-13
1.58489E+02  1.35428E-13
1.65959E+02  1.36700E-13
1.73780E+02  1.37269E-13
1.81970E+02  1.37415E-13
1.90546E+02  1.37264E-13
1.99526E+02  1.37258E-13
2.08930E+02  1.36774E-13
2.18776E+02  1.32447E-13
2.29087E+02  1.24812E-13
2.39883E+02  1.16896E-13
2.51189E+02  1.09416E-13
2.63027E+02  1.02237E-13
2.75423E+02  9.51433E-14
2.88403E+02  8.82307E-14
3.01995E+02  8.14389E-14
3.16228E+02  7.48196E-14
3.31131E+02  6.84749E-14
3.46737E+02  6.23418E-14
3.63078E+02  5.65530E-14
3.80189E+02  5.09579E-14
3.98107E+02  4.54218E-14
4.16869E+02  4.02967E-14
4.36516E+02  3.56800E-14
4.57088E+02  3.14960E-14
4.78630E+02  2.77505E-14
5.01187E+02  2.44008E-14
5.24807E+02  2.14129E-14
5.49541E+02  1.87472E-14
5.75440E+02  1.64002E-14
6.02560E+02  1.43233E-14
6.30957E+02  1.24904E-14
6.60693E+02  1.08855E-14
6.91831E+02  9.47909E-15
7.24436E+02  8.24239E-15
7.58577E+02  7.16562E-15
7.94328E+02  6.22401E-15
8.31763E+02  5.40242E-15
8.70963E+02  4.68922E-15
9.12011E+02  4.06726E-15
9.54993E+02  3.52837E-15
1.00000E+03  3.05915E-15
1.04713E+03  2.65458E-15
1.09648E+03  2.30190E-15
1.14815E+03  1.99571E-15
1.20226E+03  1.73058E-15
1.25893E+03  1.50038E-15
1.31826E+03  1.30043E-15
1.38038E+03  1.12640E-15
1.44544E+03  9.75939E-16
1.51356E+03  8.45761E-16
1.58489E+03  7.34201E-16
1.65959E+03  6.35840E-16
1.73780E+03  5.53432E-16
1.81970E+03  4.80700E-16
1.90546E+03  4.18807E-16
1.99526E+03  3.65678E-16
2.08930E+03  3.20155E-16
2.18776E+03  2.80679E-16
2.29087E+03  2.47190E-16
2.39883E+03  2.18129E-16
2.51189E+03  1.93403E-16
2.63027E+03  1.72364E-16
2.75423E+03  1.54217E-16
2.88403E+03  1.38807E-16
3.01995E+03  1.25603E-16
3.16228E+03  1.14337E-16
3.31131E+03  1.04803E-16
3.46737E+03  9.66518E-17
3.63078E+03  8.97633E-17
3.80189E+03  8.39316E-17
3.98107E+03  7.90201E-17
4.16869E+03  7.49110E-17
4.36516E+03  7.14821E-17
4.57088E+03  6.86268E-17
4.78630E+03  6.62779E-17
5.01187E+03  6.43701E-17
5.24807E+03  6.28442E-17
5.49541E+03  6.16398E-17
5.75440E+03  6.07343E-17
6.02560E+03  6.00791E-17
6.30957E+03  5.96393E-17
6.60693E+03  5.93959E-17
6.91831E+03  5.93241E-17
7.24436E+03  5.94034E-17
7.58577E+03  5.96197E-17
7.94328E+03  5.99574E-17
8.31763E+03  6.04058E-17
8.70963E+03  6.09548E-17
9.12010E+03  6.15955E-17
9.54993E+03  6.23224E-17
