#column 1 : lambda in microns
#column 2 : snu_eff in Jy / Lsun (in the cosmo of Planck 2013 XXX)
1.00000E+00  2.14719E-22
1.04713E+00  6.71456E-22
1.09648E+00  2.10000E-21
1.14815E+00  6.56859E-21
1.20226E+00  2.05484E-20
1.25893E+00  6.42888E-20
1.31826E+00  2.01161E-19
1.38038E+00  6.29512E-19
1.44544E+00  1.97022E-18
1.51356E+00  6.52149E-18
1.58489E+00  1.03661E-17
1.65959E+00  5.96453E-18
1.73780E+00  6.73080E-18
1.81970E+00  1.10851E-17
1.90546E+00  1.40118E-17
1.99526E+00  1.14260E-17
2.08930E+00  1.03087E-17
2.18776E+00  1.03634E-17
2.29087E+00  1.09658E-17
2.39883E+00  1.18688E-17
2.51189E+00  1.28968E-17
2.63027E+00  1.37979E-17
2.75423E+00  1.37663E-17
2.88403E+00  1.49041E-17
3.01995E+00  1.81682E-17
3.16228E+00  2.07129E-17
3.31131E+00  2.30936E-17
3.46737E+00  2.55480E-17
3.63078E+00  2.82151E-17
3.80189E+00  3.11464E-17
3.98107E+00  3.45169E-17
4.16869E+00  3.87574E-17
4.36516E+00  4.52765E-17
4.57088E+00  6.24340E-17
4.78630E+00  2.87861E-16
5.01187E+00  2.04302E-16
5.24807E+00  7.91842E-17
5.49541E+00  7.12780E-17
5.75440E+00  7.38729E-17
6.02560E+00  8.01755E-17
6.30957E+00  8.92740E-17
6.60693E+00  1.01651E-16
6.91831E+00  1.18999E-16
7.24436E+00  1.46893E-16
7.58578E+00  2.26009E-16
7.94328E+00  3.34984E-16
8.31764E+00  5.61017E-16
8.70964E+00  6.90816E-16
9.12011E+00  3.77446E-15
9.54992E+00  1.54834E-15
1.00000E+01  1.64221E-15
1.04713E+01  2.03353E-15
1.09648E+01  4.56286E-15
1.14815E+01  7.90647E-15
1.20226E+01  3.98726E-15
1.25893E+01  3.89989E-15
1.31826E+01  2.11108E-15
1.38038E+01  1.50017E-15
1.44544E+01  1.45255E-15
1.51356E+01  1.59255E-15
1.58489E+01  2.13338E-15
1.65959E+01  9.61740E-15
1.73780E+01  4.43931E-15
1.81970E+01  4.88757E-15
1.90546E+01  4.83097E-15
1.99526E+01  4.15813E-15
2.08930E+01  3.56199E-15
2.18776E+01  3.33582E-15
2.29087E+01  3.68341E-15
2.39883E+01  4.67448E-15
2.51189E+01  5.90912E-15
2.63027E+01  5.55584E-15
2.75423E+01  5.45280E-15
2.88403E+01  5.63403E-15
3.01995E+01  5.89740E-15
3.16228E+01  6.29001E-15
3.31131E+01  6.79934E-15
3.46737E+01  7.45027E-15
3.63078E+01  8.29232E-15
3.80189E+01  9.36427E-15
3.98107E+01  1.07383E-14
4.16869E+01  1.24635E-14
4.36516E+01  1.45436E-14
4.57088E+01  1.69718E-14
4.78630E+01  1.96630E-14
5.01187E+01  2.25183E-14
5.24807E+01  2.54846E-14
5.49541E+01  2.85770E-14
5.75440E+01  3.18413E-14
6.02560E+01  3.53682E-14
6.30957E+01  3.92945E-14
6.60693E+01  4.36901E-14
6.91831E+01  4.86368E-14
7.24436E+01  5.42194E-14
7.58578E+01  6.04333E-14
7.94328E+01  6.72566E-14
8.31764E+01  7.46790E-14
8.70963E+01  8.26308E-14
9.12011E+01  9.10124E-14
9.54992E+01  9.96853E-14
1.00000E+02  1.08524E-13
1.04713E+02  1.17333E-13
1.09648E+02  1.26015E-13
1.14815E+02  1.34257E-13
1.20226E+02  1.41929E-13
1.25893E+02  1.48940E-13
1.31826E+02  1.55126E-13
1.38038E+02  1.60366E-13
1.44544E+02  1.64562E-13
1.51356E+02  1.67655E-13
1.58489E+02  1.69641E-13
1.65959E+02  1.70722E-13
1.73780E+02  1.71215E-13
1.81970E+02  1.71229E-13
1.90546E+02  1.71341E-13
1.99526E+02  1.71289E-13
2.08930E+02  1.67591E-13
2.18776E+02  1.58690E-13
2.29087E+02  1.48910E-13
2.39883E+02  1.39499E-13
2.51189E+02  1.30472E-13
2.63027E+02  1.21640E-13
2.75423E+02  1.13040E-13
2.88403E+02  1.04501E-13
3.01995E+02  9.61598E-14
3.16228E+02  8.81316E-14
3.31131E+02  8.03804E-14
3.46737E+02  7.30263E-14
3.63078E+02  6.59698E-14
3.80189E+02  5.90220E-14
3.98107E+02  5.24028E-14
4.16869E+02  4.64209E-14
4.36516E+02  4.10641E-14
4.57088E+02  3.62107E-14
4.78630E+02  3.18568E-14
5.01187E+02  2.79762E-14
5.24807E+02  2.45279E-14
5.49541E+02  2.14626E-14
5.75440E+02  1.87532E-14
6.02560E+02  1.63709E-14
6.30957E+02  1.42675E-14
6.60693E+02  1.24278E-14
6.91831E+02  1.08183E-14
7.24436E+02  9.40356E-15
7.58577E+02  8.17242E-15
7.94328E+02  7.09642E-15
8.31763E+02  6.16049E-15
8.70963E+02  5.34467E-15
9.12011E+02  4.63672E-15
9.54993E+02  4.02159E-15
1.00000E+03  3.48960E-15
1.04713E+03  3.02643E-15
1.09648E+03  2.62412E-15
1.14815E+03  2.27607E-15
1.20226E+03  1.97345E-15
1.25893E+03  1.71029E-15
1.31826E+03  1.48199E-15
1.38038E+03  1.28389E-15
1.44544E+03  1.11204E-15
1.51356E+03  9.64947E-16
1.58489E+03  8.36541E-16
1.65959E+03  7.26468E-16
1.73780E+03  6.30862E-16
1.81970E+03  5.50211E-16
1.90546E+03  4.79266E-16
1.99526E+03  4.19165E-16
2.08930E+03  3.67229E-16
2.18776E+03  3.22692E-16
2.29087E+03  2.84718E-16
2.39883E+03  2.51834E-16
2.51189E+03  2.23899E-16
2.63027E+03  1.99957E-16
2.75423E+03  1.79689E-16
2.88403E+03  1.62149E-16
3.01995E+03  1.47205E-16
3.16228E+03  1.34545E-16
3.31131E+03  1.23731E-16
3.46737E+03  1.14580E-16
3.63078E+03  1.06834E-16
3.80189E+03  1.00321E-16
3.98107E+03  9.48273E-17
4.16869E+03  9.02241E-17
4.36516E+03  8.64294E-17
4.57088E+03  8.32666E-17
4.78630E+03  8.06760E-17
5.01187E+03  7.85915E-17
5.24807E+03  7.69491E-17
5.49541E+03  7.56756E-17
5.75440E+03  7.47377E-17
6.02560E+03  7.40894E-17
6.30957E+03  7.36871E-17
6.60693E+03  7.35126E-17
6.91831E+03  7.35401E-17
7.24436E+03  7.37386E-17
7.58577E+03  7.40984E-17
7.94328E+03  7.46006E-17
8.31763E+03  7.52320E-17
8.70963E+03  7.59819E-17
9.12010E+03  7.68413E-17
9.54993E+03  7.78025E-17
