#column 1 : lambda in microns
#column 2 : snu_eff in Jy / Lsun (in the cosmo of Planck 2013 XXX)
1.00000E+00  3.67365E-36
1.04713E+00  1.15420E-35
1.09648E+00  3.63120E-35
1.14815E+00  1.14387E-34
1.20226E+00  3.60774E-34
1.25893E+00  1.13920E-33
1.31826E+00  3.60119E-33
1.38038E+00  1.13959E-32
1.44544E+00  3.60980E-32
1.51356E+00  1.14452E-31
1.58489E+00  3.63199E-31
1.65959E+00  1.15353E-30
1.73780E+00  3.66650E-30
1.81970E+00  1.16625E-29
1.90546E+00  3.71220E-29
1.99526E+00  1.18235E-28
2.08930E+00  3.76812E-28
2.18776E+00  1.20156E-27
2.29087E+00  3.83349E-27
2.39883E+00  1.22364E-26
2.51189E+00  3.90759E-26
2.63027E+00  1.24839E-25
2.75423E+00  3.98990E-25
2.88403E+00  1.27565E-24
3.01995E+00  4.07989E-24
3.16228E+00  1.30528E-23
3.31131E+00  4.17721E-23
3.46737E+00  1.33717E-22
3.63078E+00  4.28153E-22
3.80189E+00  1.37123E-21
3.98107E+00  4.39258E-21
4.16869E+00  1.40740E-20
4.36516E+00  4.51018E-20
4.57088E+00  1.64347E-19
4.78630E+00  1.46074E-19
5.01187E+00  1.01573E-19
5.24807E+00  1.29310E-19
5.49541E+00  2.21112E-19
5.75440E+00  2.35016E-19
6.02560E+00  1.91145E-19
6.30957E+00  1.77530E-19
6.60693E+00  1.81108E-19
6.91831E+00  1.92996E-19
7.24436E+00  2.09255E-19
7.58578E+00  2.26835E-19
7.94328E+00  2.39975E-19
8.31764E+00  2.34124E-19
8.70964E+00  2.71819E-19
9.12011E+00  3.25718E-19
9.54992E+00  3.68455E-19
1.00000E+01  4.10276E-19
1.04713E+01  4.54039E-19
1.09648E+01  5.01927E-19
1.14815E+01  5.55783E-19
1.20226E+01  6.17918E-19
1.25893E+01  7.00088E-19
1.31826E+01  8.39858E-19
1.38038E+01  1.29883E-18
1.44544E+01  1.91472E-17
1.51356E+01  2.30931E-18
1.58489E+01  1.34369E-18
1.65959E+01  1.29241E-18
1.73780E+01  1.37710E-18
1.81970E+01  1.52720E-18
1.90546E+01  1.73592E-18
1.99526E+01  2.01781E-18
2.08930E+01  2.41755E-18
2.18776E+01  3.07620E-18
2.29087E+01  5.52944E-18
2.39883E+01  6.24410E-18
2.51189E+01  1.37707E-17
2.63027E+01  1.60149E-17
2.75423E+01  8.80438E-17
2.88403E+01  2.76749E-17
3.01995E+01  3.12261E-17
3.16228E+01  4.51478E-17
3.31131E+01  1.15182E-16
3.46737E+01  1.44605E-16
3.63078E+01  6.65947E-17
3.80189E+01  8.23300E-17
3.98107E+01  3.64044E-17
4.16869E+01  3.03772E-17
4.36516E+01  3.10032E-17
4.57088E+01  3.52888E-17
4.78630E+01  5.11202E-17
5.01187E+01  1.81973E-16
5.24807E+01  9.77151E-17
5.49541E+01  1.14746E-16
5.75440E+01  8.60729E-17
6.02560E+01  8.31427E-17
6.30957E+01  7.77675E-17
6.60693E+01  7.76036E-17
6.91831E+01  8.92390E-17
7.24436E+01  1.34766E-16
7.58578E+01  1.43206E-16
7.94328E+01  1.34906E-16
8.31764E+01  1.44217E-16
8.70963E+01  1.48192E-16
9.12011E+01  1.59043E-16
9.54992E+01  1.73416E-16
1.00000E+02  1.91913E-16
1.04713E+02  2.16057E-16
1.09648E+02  2.48300E-16
1.14815E+02  2.91560E-16
1.20226E+02  3.50125E-16
1.25893E+02  4.28796E-16
1.31826E+02  5.31487E-16
1.38038E+02  6.57727E-16
1.44544E+02  8.04122E-16
1.51356E+02  9.62372E-16
1.58489E+02  1.12531E-15
1.65959E+02  1.28600E-15
1.73780E+02  1.44276E-15
1.81970E+02  1.59687E-15
1.90546E+02  1.75045E-15
1.99526E+02  1.90457E-15
2.08930E+02  2.06111E-15
2.18776E+02  2.21907E-15
2.29087E+02  2.37741E-15
2.39883E+02  2.53156E-15
2.51189E+02  2.68321E-15
2.63027E+02  2.82468E-15
2.75423E+02  2.95345E-15
2.88403E+02  3.06653E-15
3.01995E+02  3.16003E-15
3.16228E+02  3.23683E-15
3.31131E+02  3.28516E-15
3.46737E+02  3.31170E-15
3.63078E+02  3.31115E-15
3.80189E+02  3.29004E-15
3.98107E+02  3.24615E-15
4.16869E+02  3.18046E-15
4.36516E+02  3.09699E-15
4.57088E+02  2.99784E-15
4.78630E+02  2.88053E-15
5.01187E+02  2.76227E-15
5.24807E+02  2.63736E-15
5.49541E+02  2.51461E-15
5.75440E+02  2.40392E-15
6.02560E+02  2.29189E-15
6.30957E+02  2.13061E-15
6.60693E+02  1.93554E-15
6.91831E+02  1.75048E-15
7.24436E+02  1.58383E-15
7.58577E+02  1.43197E-15
7.94328E+02  1.29053E-15
8.31763E+02  1.16019E-15
8.70963E+02  1.03949E-15
9.12011E+02  9.28158E-16
9.54993E+02  8.26607E-16
1.00000E+03  7.33150E-16
1.04713E+03  6.48630E-16
1.09648E+03  5.70776E-16
1.14815E+03  4.97253E-16
1.20226E+03  4.31717E-16
1.25893E+03  3.74451E-16
1.31826E+03  3.24056E-16
1.38038E+03  2.80375E-16
1.44544E+03  2.42421E-16
1.51356E+03  2.09302E-16
1.58489E+03  1.80408E-16
1.65959E+03  1.55589E-16
1.73780E+03  1.34050E-16
1.81970E+03  1.15417E-16
1.90546E+03  9.94113E-17
1.99526E+03  8.56184E-17
2.08930E+03  7.36989E-17
2.18776E+03  6.34795E-17
2.29087E+03  5.46737E-17
2.39883E+03  4.71013E-17
2.51189E+03  4.06097E-17
2.63027E+03  3.50113E-17
2.75423E+03  3.01869E-17
2.88403E+03  2.60733E-17
3.01995E+03  2.25800E-17
3.16228E+03  1.95228E-17
3.31131E+03  1.69166E-17
3.46737E+03  1.46755E-17
3.63078E+03  1.27477E-17
3.80189E+03  1.10893E-17
3.98107E+03  9.66005E-18
4.16869E+03  8.43119E-18
4.36516E+03  7.37683E-18
4.57088E+03  6.48046E-18
4.78630E+03  5.69718E-18
5.01187E+03  5.04506E-18
5.24807E+03  4.47514E-18
5.49541E+03  3.99642E-18
5.75440E+03  3.58639E-18
6.02560E+03  3.23867E-18
6.30957E+03  2.94135E-18
6.60693E+03  2.69300E-18
6.91831E+03  2.47947E-18
7.24436E+03  2.30085E-18
7.58577E+03  2.15164E-18
7.94328E+03  2.02515E-18
8.31763E+03  1.92101E-18
8.70963E+03  1.83384E-18
9.12010E+03  1.76245E-18
9.54993E+03  1.70460E-18
