#column 1 : lambda in microns
#column 2 : snu_eff in Jy / Lsun (in the cosmo of Planck 2013 XXX)
1.00000E+00  7.79122E-43
1.04713E+00  2.38501E-42
1.09648E+00  7.28815E-42
1.14815E+00  2.22975E-41
1.20226E+00  6.83792E-41
1.25893E+00  2.10084E-40
1.31826E+00  6.46657E-40
1.38038E+00  1.99422E-39
1.44544E+00  6.16147E-39
1.51356E+00  1.90720E-38
1.58489E+00  5.91428E-38
1.65959E+00  1.83733E-37
1.73780E+00  5.71789E-37
1.81970E+00  1.78250E-36
1.90546E+00  5.56604E-36
1.99526E+00  1.74086E-35
2.08930E+00  5.45332E-35
2.18776E+00  1.71085E-34
2.29087E+00  5.37516E-34
2.39883E+00  1.69111E-33
2.51189E+00  5.32753E-33
2.63027E+00  1.68045E-32
2.75423E+00  5.30701E-32
2.88403E+00  1.67789E-31
3.01995E+00  5.31061E-31
3.16228E+00  1.68254E-30
3.31131E+00  5.33581E-30
3.46737E+00  1.69365E-29
3.63078E+00  5.38043E-29
3.80189E+00  1.71061E-28
3.98107E+00  5.44259E-28
4.16869E+00  1.73285E-27
4.36516E+00  5.52069E-27
4.57088E+00  1.75990E-26
4.78630E+00  5.61341E-26
5.01187E+00  1.79139E-25
5.24807E+00  5.71953E-25
5.49541E+00  1.82696E-24
5.75440E+00  5.83818E-24
6.02560E+00  1.86634E-23
6.30957E+00  5.96843E-23
6.60693E+00  1.90930E-22
6.91831E+00  6.10968E-22
7.24436E+00  1.95562E-21
7.58578E+00  6.26134E-21
7.94328E+00  2.00518E-20
8.31764E+00  7.23618E-20
8.70964E+00  4.07849E-20
9.12011E+00  3.42090E-20
9.54992E+00  4.86378E-20
1.00000E+01  8.00710E-20
1.04713E+01  7.36117E-20
1.09648E+01  6.14613E-20
1.14815E+01  5.88925E-20
1.20226E+01  6.09166E-20
1.25893E+01  6.53208E-20
1.31826E+01  7.09122E-20
1.38038E+01  7.67927E-20
1.44544E+01  8.00590E-20
1.51356E+01  7.82221E-20
1.58489E+01  9.52758E-20
1.65959E+01  1.12045E-19
1.73780E+01  1.26010E-19
1.81970E+01  1.39840E-19
1.90546E+01  1.54714E-19
1.99526E+01  1.71059E-19
2.08930E+01  1.89631E-19
2.18776E+01  2.11682E-19
2.29087E+01  2.41897E-19
2.39883E+01  2.99186E-19
2.51189E+01  5.51634E-19
2.63027E+01  1.27713E-17
2.75423E+01  5.92512E-19
2.88403E+01  4.37966E-19
3.01995E+01  4.39653E-19
3.16228E+01  4.76767E-19
3.31131E+01  5.34694E-19
3.46737E+01  6.13658E-19
3.63078E+01  7.21981E-19
3.80189E+01  8.76637E-19
3.98107E+01  1.15151E-18
4.16869E+01  2.47028E-18
4.36516E+01  2.30603E-18
4.57088E+01  4.62574E-18
4.78630E+01  7.53374E-18
5.01187E+01  1.95836E-17
5.24807E+01  9.84854E-18
5.49541E+01  1.08947E-17
5.75440E+01  1.83757E-17
6.02560E+01  4.94169E-17
6.30957E+01  4.18002E-17
6.60693E+01  2.16558E-17
6.91831E+01  2.37606E-17
7.24436E+01  1.16618E-17
7.58578E+01  1.06620E-17
7.94328E+01  1.12261E-17
8.31764E+01  1.31972E-17
8.70963E+01  2.23486E-17
9.12011E+01  4.27788E-17
9.54992E+01  3.57731E-17
1.00000E+02  4.61274E-17
1.04713E+02  2.85578E-17
1.09648E+02  2.68991E-17
1.14815E+02  2.64236E-17
1.20226E+02  2.83501E-17
1.25893E+02  3.34754E-17
1.31826E+02  4.60103E-17
1.38038E+02  5.25575E-17
1.44544E+02  4.81550E-17
1.51356E+02  5.26709E-17
1.58489E+02  5.48060E-17
1.65959E+02  5.93135E-17
1.73780E+02  6.51241E-17
1.81970E+02  7.24790E-17
1.90546E+02  8.24003E-17
1.99526E+02  9.56403E-17
2.08930E+02  1.13491E-16
2.18776E+02  1.37787E-16
2.29087E+02  1.70159E-16
2.39883E+02  2.11977E-16
2.51189E+02  2.62600E-16
2.63027E+02  3.19633E-16
2.75423E+02  3.79912E-16
2.88403E+02  4.39689E-16
3.01995E+02  4.97131E-16
3.16228E+02  5.51820E-16
3.31131E+02  6.04097E-16
3.46737E+02  6.54726E-16
3.63078E+02  7.05034E-16
3.80189E+02  7.54593E-16
3.98107E+02  8.03488E-16
4.16869E+02  8.51148E-16
4.36516E+02  8.96968E-16
4.57088E+02  9.38530E-16
4.78630E+02  9.75692E-16
5.01187E+02  1.01044E-15
5.24807E+02  1.03595E-15
5.49541E+02  1.05613E-15
5.75440E+02  1.06984E-15
6.02560E+02  1.07352E-15
6.30957E+02  1.06853E-15
6.60693E+02  1.05861E-15
6.91831E+02  1.04012E-15
7.24436E+02  1.01694E-15
7.58577E+02  9.85280E-16
7.94328E+02  9.50916E-16
8.31763E+02  9.11744E-16
8.70963E+02  8.68802E-16
9.12011E+02  8.25523E-16
9.54993E+02  7.83074E-16
1.00000E+03  7.41606E-16
1.04713E+03  7.04359E-16
1.09648E+03  6.63696E-16
1.14815E+03  6.09512E-16
1.20226E+03  5.49878E-16
1.25893E+03  4.95548E-16
1.31826E+03  4.46433E-16
1.38038E+03  4.01168E-16
1.44544E+03  3.59841E-16
1.51356E+03  3.21444E-16
1.58489E+03  2.86758E-16
1.65959E+03  2.54846E-16
1.73780E+03  2.25973E-16
1.81970E+03  1.99755E-16
1.90546E+03  1.75948E-16
1.99526E+03  1.53919E-16
2.08930E+03  1.33454E-16
2.18776E+03  1.15508E-16
2.29087E+03  9.99295E-17
2.39883E+03  8.63621E-17
2.51189E+03  7.44755E-17
2.63027E+03  6.41679E-17
2.75423E+03  5.52080E-17
2.88403E+03  4.75933E-17
3.01995E+03  4.09562E-17
3.16228E+03  3.52127E-17
3.31131E+03  3.02974E-17
3.46737E+03  2.60550E-17
3.63078E+03  2.24092E-17
3.80189E+03  1.92793E-17
3.98107E+03  1.65766E-17
4.16869E+03  1.42657E-17
4.36516E+03  1.22787E-17
4.57088E+03  1.05811E-17
4.78630E+03  9.12453E-18
5.01187E+03  7.87609E-18
5.24807E+03  6.80305E-18
5.49541E+03  5.88715E-18
5.75440E+03  5.10436E-18
6.02560E+03  4.42600E-18
6.30957E+03  3.84403E-18
6.60693E+03  3.34664E-18
6.91831E+03  2.91740E-18
7.24436E+03  2.54739E-18
7.58577E+03  2.23076E-18
7.94328E+03  1.96062E-18
8.31763E+03  1.72841E-18
8.70963E+03  1.52983E-18
9.12010E+03  1.36163E-18
9.54993E+03  1.21725E-18
