#column 1 : lambda in microns
#column 2 : snu_eff in Jy / Lsun (in the cosmo of Planck 2013 XXX)
1.00000E+00  4.16674E-30
1.04713E+00  1.31331E-29
1.09648E+00  4.14137E-29
1.14815E+00  1.30653E-28
1.20226E+00  4.12367E-28
1.25893E+00  1.30207E-27
1.31826E+00  4.11303E-27
1.38038E+00  1.29976E-26
1.44544E+00  4.10895E-26
1.51356E+00  1.29945E-25
1.58489E+00  4.11097E-25
1.65959E+00  1.30101E-24
1.73780E+00  4.11875E-24
1.81970E+00  1.30434E-23
1.90546E+00  4.13196E-23
1.99526E+00  1.30935E-22
2.08930E+00  4.15033E-22
2.18776E+00  1.31595E-21
2.29087E+00  4.17367E-21
2.39883E+00  1.32409E-20
2.51189E+00  4.20178E-20
2.63027E+00  1.33372E-19
2.75423E+00  4.47566E-19
2.88403E+00  7.13079E-19
3.01995E+00  4.07628E-19
3.16228E+00  4.59906E-19
3.31131E+00  7.60472E-19
3.46737E+00  9.62134E-19
3.63078E+00  7.82122E-19
3.80189E+00  7.03771E-19
3.98107E+00  7.06455E-19
4.16869E+00  7.46999E-19
4.36516E+00  8.08302E-19
4.57088E+00  8.78151E-19
4.78630E+00  9.39190E-19
5.01187E+00  9.35721E-19
5.24807E+00  1.01309E-18
5.49541E+00  1.23752E-18
5.75440E+00  1.41218E-18
6.02560E+00  1.57545E-18
6.30957E+00  1.74412E-18
6.60693E+00  1.92760E-18
6.91831E+00  2.12972E-18
7.24436E+00  2.36273E-18
7.58578E+00  2.65692E-18
7.94328E+00  3.11044E-18
8.31764E+00  4.30328E-18
8.70964E+00  1.99417E-17
9.12011E+00  1.41593E-17
9.54992E+00  5.49769E-18
1.00000E+01  4.97227E-18
1.04713E+01  5.18584E-18
1.09648E+01  5.66957E-18
1.14815E+01  6.36480E-18
1.20226E+01  7.30653E-18
1.25893E+01  8.61891E-18
1.31826E+01  1.06960E-17
1.38038E+01  1.63825E-17
1.44544E+01  2.42003E-17
1.51356E+01  4.02699E-17
1.58489E+01  4.96676E-17
1.65959E+01  2.66519E-16
1.73780E+01  1.10737E-16
1.81970E+01  1.17909E-16
1.90546E+01  1.46178E-16
1.99526E+01  3.25943E-16
2.08930E+01  5.64303E-16
2.18776E+01  2.87099E-16
2.29087E+01  2.81369E-16
2.39883E+01  1.54993E-16
2.51189E+01  1.12317E-16
2.63027E+01  1.10094E-16
2.75423E+01  1.21360E-16
2.88403E+01  1.61120E-16
3.01995E+01  6.94681E-16
3.16228E+01  3.28657E-16
3.31131E+01  3.63037E-16
3.46737E+01  3.61734E-16
3.63078E+01  3.16081E-16
3.80189E+01  2.75936E-16
3.98107E+01  2.63273E-16
4.16869E+01  2.93854E-16
4.36516E+01  3.74158E-16
4.57088E+01  4.75109E-16
4.78630E+01  4.57151E-16
5.01187E+01  4.57783E-16
5.24807E+01  4.80003E-16
5.49541E+01  5.08621E-16
5.75440E+01  5.48784E-16
6.02560E+01  6.00230E-16
6.30957E+01  6.65843E-16
6.60693E+01  7.51209E-16
6.91831E+01  8.61484E-16
7.24436E+01  1.00607E-15
7.58578E+01  1.19318E-15
7.94328E+01  1.42696E-15
8.31764E+01  1.71047E-15
8.70963E+01  2.03576E-15
9.12011E+01  2.39003E-15
9.54992E+01  2.76126E-15
1.00000E+02  3.14448E-15
1.04713E+02  3.53793E-15
1.09648E+02  3.94624E-15
1.14815E+02  4.37945E-15
1.20226E+02  4.84146E-15
1.25893E+02  5.33734E-15
1.31826E+02  5.87137E-15
1.38038E+02  6.43835E-15
1.44544E+02  7.03200E-15
1.51356E+02  7.64738E-15
1.58489E+02  8.27426E-15
1.65959E+02  8.90022E-15
1.73780E+02  9.51062E-15
1.81970E+02  1.00938E-14
1.90546E+02  1.06350E-14
1.99526E+02  1.11257E-14
2.08930E+02  1.15459E-14
2.18776E+02  1.18899E-14
2.29087E+02  1.21538E-14
2.39883E+02  1.23340E-14
2.51189E+02  1.24281E-14
2.63027E+02  1.24321E-14
2.75423E+02  1.23552E-14
2.88403E+02  1.21975E-14
3.01995E+02  1.19813E-14
3.16228E+02  1.17309E-14
3.31131E+02  1.14613E-14
3.46737E+02  1.11996E-14
3.63078E+02  1.09422E-14
3.80189E+02  1.04789E-14
3.98107E+02  9.73386E-15
4.16869E+02  8.97306E-15
4.36516E+02  8.25844E-15
4.57088E+02  7.59351E-15
4.78630E+02  6.96280E-15
5.01187E+02  6.36827E-15
5.24807E+02  5.79652E-15
5.49541E+02  5.25491E-15
5.75440E+02  4.74886E-15
6.02560E+02  4.27249E-15
6.30957E+02  3.83167E-15
6.60693E+02  3.41913E-15
6.91831E+02  3.02249E-15
7.24436E+02  2.65377E-15
7.58577E+02  2.32542E-15
7.94328E+02  2.03647E-15
8.31763E+02  1.77863E-15
8.70963E+02  1.55073E-15
9.12011E+02  1.35025E-15
9.54993E+02  1.17437E-15
1.00000E+03  1.01978E-15
1.04713E+03  8.84777E-16
1.09648E+03  7.67191E-16
1.14815E+03  6.64474E-16
1.20226E+03  5.75413E-16
1.25893E+03  4.98160E-16
1.31826E+03  4.30841E-16
1.38038E+03  3.72635E-16
1.44544E+03  3.22244E-16
1.51356E+03  2.78600E-16
1.58489E+03  2.40889E-16
1.65959E+03  2.08305E-16
1.73780E+03  1.80164E-16
1.81970E+03  1.55976E-16
1.90546E+03  1.35000E-16
1.99526E+03  1.16891E-16
2.08930E+03  1.01286E-16
2.18776E+03  8.77885E-17
2.29087E+03  7.60999E-17
2.39883E+03  6.60036E-17
2.51189E+03  5.72733E-17
2.63027E+03  4.97328E-17
2.75423E+03  4.32997E-17
2.88403E+03  3.77092E-17
3.01995E+03  3.29303E-17
3.16228E+03  2.87961E-17
3.31131E+03  2.53177E-17
3.46737E+03  2.22746E-17
3.63078E+03  1.97027E-17
3.80189E+03  1.74893E-17
3.98107E+03  1.55989E-17
4.16869E+03  1.39941E-17
4.36516E+03  1.26104E-17
4.57088E+03  1.14415E-17
4.78630E+03  1.04452E-17
5.01187E+03  9.60704E-18
5.24807E+03  8.88736E-18
5.49541E+03  8.27899E-18
5.75440E+03  7.76962E-18
6.02560E+03  7.33929E-18
6.30957E+03  6.98072E-18
6.60693E+03  6.68278E-18
6.91831E+03  6.43766E-18
7.24436E+03  6.23638E-18
7.58577E+03  6.07422E-18
7.94328E+03  5.94705E-18
8.31763E+03  5.84743E-18
8.70963E+03  5.77306E-18
9.12010E+03  5.72103E-18
9.54993E+03  5.68870E-18
