#column 1 : lambda in microns
#column 2 : snu_eff in Jy / Lsun (in the cosmo of Planck 2013 XXX)
1.00000E+00  2.80260E-45
1.04713E+00  7.00649E-45
1.09648E+00  3.22299E-44
1.14815E+00  1.07900E-43
1.20226E+00  3.22299E-43
1.25893E+00  9.78106E-43
1.31826E+00  2.99037E-42
1.38038E+00  9.15468E-42
1.44544E+00  2.80470E-41
1.51356E+00  8.60804E-41
1.58489E+00  2.64705E-40
1.65959E+00  8.15528E-40
1.73780E+00  2.51728E-39
1.81970E+00  7.78453E-39
1.90546E+00  2.41175E-38
1.99526E+00  7.48542E-38
2.08930E+00  2.32740E-37
2.18776E+00  7.24907E-37
2.29087E+00  2.26166E-36
2.39883E+00  7.06783E-36
2.51189E+00  2.21225E-35
2.63027E+00  6.93502E-35
2.75423E+00  2.17723E-34
2.88403E+00  6.84501E-34
3.01995E+00  2.15493E-33
3.16228E+00  6.79284E-33
3.31131E+00  2.14389E-32
3.46737E+00  6.77423E-32
3.63078E+00  2.14289E-31
3.80189E+00  6.78561E-31
3.98107E+00  2.15084E-30
4.16869E+00  6.82383E-30
4.36516E+00  2.16683E-29
4.57088E+00  6.88615E-29
4.78630E+00  2.19009E-28
5.01187E+00  6.97038E-28
5.24807E+00  2.21992E-27
5.49541E+00  7.07446E-27
5.75440E+00  2.25579E-26
6.02560E+00  7.19675E-26
6.30957E+00  2.29717E-25
6.60693E+00  7.33588E-25
6.91831E+00  2.34367E-24
7.24436E+00  7.49058E-24
7.58578E+00  2.39496E-23
7.94328E+00  7.65997E-23
8.31764E+00  2.45071E-22
8.70964E+00  7.84307E-22
9.12011E+00  2.51072E-21
9.54992E+00  8.03932E-21
1.00000E+01  2.72160E-20
1.04713E+01  4.34379E-20
1.09648E+01  2.47080E-20
1.14815E+01  2.78676E-20
1.20226E+01  4.62189E-20
1.25893E+01  5.85254E-20
1.31826E+01  4.74554E-20
1.38038E+01  4.26053E-20
1.44544E+01  4.27219E-20
1.51356E+01  4.51549E-20
1.58489E+01  4.88534E-20
1.65959E+01  5.30565E-20
1.73780E+01  5.67020E-20
1.81970E+01  5.64200E-20
1.90546E+01  6.11242E-20
1.99526E+01  7.47769E-20
2.08930E+01  8.54131E-20
2.18776E+01  9.53043E-20
2.29087E+01  1.05583E-19
2.39883E+01  1.16771E-19
2.51189E+01  1.29187E-19
2.63027E+01  1.43518E-19
2.75423E+01  1.61648E-19
2.88403E+01  1.89742E-19
3.01995E+01  2.63253E-19
3.16228E+01  1.22294E-18
3.31131E+01  8.69684E-19
3.46737E+01  3.40145E-19
3.63078E+01  3.10174E-19
3.80189E+01  3.26721E-19
3.98107E+01  3.60954E-19
4.16869E+01  4.10048E-19
4.36516E+01  4.76119E-19
4.57088E+01  5.67637E-19
4.78630E+01  7.09160E-19
5.01187E+01  1.07831E-18
5.24807E+01  1.58285E-18
5.49541E+01  2.60783E-18
5.75440E+01  3.22190E-18
6.02560E+01  1.68140E-17
6.30957E+01  7.12456E-18
6.60693E+01  7.62847E-18
6.91831E+01  9.47126E-18
7.24436E+01  2.09220E-17
7.58578E+01  3.61723E-17
7.94328E+01  1.86580E-17
8.31764E+01  1.83607E-17
8.70963E+01  1.04091E-17
9.12011E+01  7.78528E-18
9.54992E+01  7.75834E-18
1.00000E+02  8.59454E-18
1.04713E+02  1.12356E-17
1.09648E+02  4.53450E-17
1.14815E+02  2.22267E-17
1.20226E+02  2.46471E-17
1.25893E+02  2.48192E-17
1.31826E+02  2.21175E-17
1.38038E+02  1.97741E-17
1.44544E+02  1.92957E-17
1.51356E+02  2.18079E-17
1.58489E+02  2.78593E-17
1.65959E+02  3.55294E-17
1.73780E+02  3.50454E-17
1.81970E+02  3.58176E-17
1.90546E+02  3.80720E-17
1.99526E+02  4.07976E-17
2.08930E+02  4.44944E-17
2.18776E+02  4.92299E-17
2.29087E+02  5.53723E-17
2.39883E+02  6.35623E-17
2.51189E+02  7.45217E-17
2.63027E+02  8.94831E-17
2.75423E+02  1.09722E-16
2.88403E+02  1.36138E-16
3.01995E+02  1.69390E-16
3.16228E+02  2.08360E-16
3.31131E+02  2.50693E-16
3.46737E+02  2.94048E-16
3.63078E+02  3.36194E-16
3.80189E+02  3.76445E-16
3.98107E+02  4.14696E-16
4.16869E+02  4.51732E-16
4.36516E+02  4.87788E-16
4.57088E+02  5.23510E-16
4.78630E+02  5.59090E-16
5.01187E+02  5.93771E-16
5.24807E+02  6.26888E-16
5.49541E+02  6.58406E-16
5.75440E+02  6.87231E-16
6.02560E+02  7.13529E-16
6.30957E+02  7.35023E-16
6.60693E+02  7.51340E-16
6.91831E+02  7.62070E-16
7.24436E+02  7.69099E-16
7.58577E+02  7.68595E-16
7.94328E+02  7.64623E-16
8.31763E+02  7.53195E-16
8.70963E+02  7.38232E-16
9.12011E+02  7.18573E-16
9.54993E+02  6.95881E-16
1.00000E+03  6.68567E-16
1.04713E+03  6.39115E-16
1.09648E+03  6.08040E-16
1.14815E+03  5.77063E-16
1.20226E+03  5.47544E-16
1.25893E+03  5.18487E-16
1.31826E+03  4.92062E-16
1.38038E+03  4.58625E-16
1.44544E+03  4.15387E-16
1.51356E+03  3.74672E-16
1.58489E+03  3.37162E-16
1.65959E+03  3.03420E-16
1.73780E+03  2.72462E-16
1.81970E+03  2.44272E-16
1.90546E+03  2.18059E-16
1.99526E+03  1.94034E-16
2.08930E+03  1.72291E-16
2.18776E+03  1.52389E-16
2.29087E+03  1.34516E-16
2.39883E+03  1.18193E-16
2.51189E+03  1.02922E-16
2.63027E+03  8.91649E-17
2.75423E+03  7.70294E-17
2.88403E+03  6.66684E-17
3.01995E+03  5.74683E-17
3.16228E+03  4.96521E-17
3.31131E+03  4.27549E-17
3.46737E+03  3.68137E-17
3.63078E+03  3.16762E-17
3.80189E+03  2.72495E-17
3.98107E+03  2.34438E-17
4.16869E+03  2.01493E-17
4.36516E+03  1.73285E-17
4.57088E+03  1.49092E-17
4.78630E+03  1.28221E-17
5.01187E+03  1.10288E-17
5.24807E+03  9.50163E-18
5.49541E+03  8.18185E-18
5.75440E+03  7.05157E-18
6.02560E+03  6.08291E-18
6.30957E+03  5.25239E-18
6.60693E+03  4.54306E-18
6.91831E+03  3.93434E-18
7.24436E+03  3.40799E-18
7.58577E+03  2.95900E-18
7.94328E+03  2.57307E-18
8.31763E+03  2.24064E-18
8.70963E+03  1.95583E-18
9.12010E+03  1.71051E-18
9.54993E+03  1.50003E-18
