#column 1 : lambda in microns
#column 2 : snu_eff in Jy / Lsun (in the cosmo of Planck 2013 XXX)
1.00000E+00  1.40130E-45
1.04713E+00  2.80260E-45
1.09648E+00  1.54143E-44
1.14815E+00  4.48416E-44
1.20226E+00  1.31722E-43
1.25893E+00  4.02173E-43
1.31826E+00  1.22894E-42
1.38038E+00  3.75268E-42
1.44544E+00  1.14794E-41
1.51356E+00  3.51838E-41
1.58489E+00  1.08042E-40
1.65959E+00  3.32392E-40
1.73780E+00  1.02455E-39
1.81970E+00  3.16395E-39
1.90546E+00  9.78883E-39
1.99526E+00  3.03408E-38
2.08930E+00  9.42117E-38
2.18776E+00  2.93057E-37
2.29087E+00  9.13162E-37
2.39883E+00  2.85019E-36
2.51189E+00  8.91057E-36
2.63027E+00  2.79011E-35
2.75423E+00  8.74985E-35
2.88403E+00  2.74797E-34
3.01995E+00  8.64234E-34
3.16228E+00  2.72165E-33
3.31131E+00  8.58194E-33
3.46737E+00  2.70936E-32
3.63078E+00  8.56344E-32
3.80189E+00  2.70957E-31
3.98107E+00  8.58225E-31
4.16869E+00  2.72096E-30
4.36516E+00  8.63452E-30
4.57088E+00  2.74237E-29
4.78630E+00  8.71696E-29
5.01187E+00  2.77286E-28
5.24807E+00  8.82662E-28
5.49541E+00  2.81157E-27
5.75440E+00  8.96123E-27
6.02560E+00  2.85780E-26
6.30957E+00  9.11855E-26
6.60693E+00  2.91096E-25
6.91831E+00  9.29698E-25
7.24436E+00  2.97051E-24
7.58578E+00  9.49497E-24
7.94328E+00  3.03608E-23
8.31764E+00  9.71125E-23
8.70964E+00  3.10724E-22
9.12011E+00  9.94488E-22
9.54992E+00  3.18376E-21
1.00000E+01  1.01950E-20
1.04713E+01  3.71320E-20
1.09648E+01  3.30053E-20
1.14815E+01  2.29516E-20
1.20226E+01  2.92155E-20
1.25893E+01  4.99443E-20
1.31826E+01  5.31024E-20
1.38038E+01  4.31867E-20
1.44544E+01  4.01071E-20
1.51356E+01  4.09197E-20
1.58489E+01  4.36048E-20
1.65959E+01  4.72782E-20
1.73780E+01  5.12441E-20
1.81970E+01  5.42036E-20
1.90546E+01  5.28908E-20
1.99526E+01  6.14325E-20
2.08930E+01  7.36219E-20
2.18776E+01  8.32515E-20
2.29087E+01  9.27405E-20
2.39883E+01  1.02640E-19
2.51189E+01  1.13453E-19
2.63027E+01  1.25714E-19
2.75423E+01  1.39776E-19
2.88403E+01  1.58504E-19
3.01995E+01  1.90279E-19
3.16228E+01  2.94305E-19
3.31131E+01  4.33112E-18
3.46737E+01  5.23867E-19
3.63078E+01  3.06208E-19
3.80189E+01  2.95758E-19
3.98107E+01  3.16502E-19
4.16869E+01  3.52626E-19
4.36516E+01  4.02811E-19
4.57088E+01  4.70303E-19
4.78630E+01  5.65668E-19
5.01187E+01  7.20856E-19
5.24807E+01  1.28560E-18
5.49541E+01  1.45699E-18
5.75440E+01  3.18085E-18
6.02560E+01  3.70554E-18
6.30957E+01  2.01498E-17
6.60693E+01  6.40147E-18
6.91831E+01  7.23336E-18
7.24436E+01  1.04438E-17
7.58578E+01  2.65254E-17
7.94328E+01  3.33276E-17
8.31764E+01  1.54596E-17
8.70963E+01  1.91067E-17
9.12011E+01  8.61407E-18
9.54992E+01  7.28505E-18
1.00000E+02  7.47264E-18
1.04713E+02  8.50026E-18
1.09648E+02  1.21601E-17
1.14815E+02  4.21525E-17
1.20226E+02  2.29262E-17
1.25893E+02  2.68916E-17
1.31826E+02  2.03786E-17
1.38038E+02  1.97759E-17
1.44544E+02  1.86321E-17
1.51356E+02  1.87305E-17
1.58489E+02  2.16048E-17
1.65959E+02  3.23888E-17
1.73780E+02  3.46168E-17
1.81970E+02  3.30094E-17
1.90546E+02  3.54641E-17
1.99526E+02  3.66658E-17
2.08930E+02  3.94682E-17
2.18776E+02  4.31699E-17
2.29087E+02  4.79556E-17
2.39883E+02  5.41853E-17
2.51189E+02  6.25476E-17
2.63027E+02  7.37922E-17
2.75423E+02  8.90636E-17
2.88403E+02  1.09620E-16
3.01995E+02  1.36455E-16
3.16228E+02  1.69363E-16
3.31131E+02  2.07317E-16
3.46737E+02  2.47870E-16
3.63078E+02  2.88929E-16
3.80189E+02  3.28516E-16
3.98107E+02  3.66118E-16
4.16869E+02  4.02002E-16
4.36516E+02  4.36916E-16
4.57088E+02  4.71030E-16
4.78630E+02  5.04864E-16
5.01187E+02  5.38258E-16
5.24807E+02  5.70964E-16
5.49541E+02  6.01786E-16
5.75440E+02  6.31672E-16
6.02560E+02  6.58289E-16
6.30957E+02  6.81575E-16
6.60693E+02  7.00726E-16
6.91831E+02  7.14926E-16
7.24436E+02  7.25779E-16
7.58577E+02  7.29344E-16
7.94328E+02  7.28686E-16
8.31763E+02  7.21836E-16
8.70963E+02  7.11127E-16
9.12011E+02  6.95765E-16
9.54993E+02  6.76010E-16
1.00000E+03  6.53221E-16
1.04713E+03  6.27540E-16
1.09648E+03  5.98314E-16
1.14815E+03  5.69865E-16
1.20226E+03  5.40112E-16
1.25893E+03  5.11389E-16
1.31826E+03  4.85806E-16
1.38038E+03  4.60296E-16
1.44544E+03  4.25357E-16
1.51356E+03  3.84246E-16
1.58489E+03  3.45747E-16
1.65959E+03  3.11332E-16
1.73780E+03  2.80185E-16
1.81970E+03  2.51400E-16
1.90546E+03  2.25043E-16
1.99526E+03  2.00816E-16
2.08930E+03  1.78631E-16
2.18776E+03  1.58522E-16
2.29087E+03  1.40088E-16
2.39883E+03  1.23525E-16
2.51189E+03  1.08369E-16
2.63027E+03  9.41286E-17
2.75423E+03  8.14970E-17
2.88403E+03  7.04976E-17
3.01995E+03  6.08398E-17
3.16228E+03  5.25183E-17
3.31131E+03  4.53260E-17
3.46737E+03  3.90554E-17
3.63078E+03  3.35939E-17
3.80189E+03  2.89248E-17
3.98107E+03  2.48782E-17
4.16869E+03  2.13873E-17
4.36516E+03  1.83970E-17
4.57088E+03  1.58256E-17
4.78630E+03  1.36060E-17
5.01187E+03  1.17100E-17
5.24807E+03  1.00778E-17
5.49541E+03  8.67662E-18
5.75440E+03  7.47865E-18
6.02560E+03  6.44470E-18
6.30957E+03  5.55240E-18
6.60693E+03  4.79733E-18
6.91831E+03  4.15876E-18
7.24436E+03  3.59531E-18
7.58577E+03  3.11824E-18
7.94328E+03  2.70794E-18
8.31763E+03  2.35541E-18
8.70963E+03  2.05280E-18
9.12010E+03  1.79243E-18
9.54993E+03  1.56860E-18
