#column 1 : lambda in microns
#column 2 : snu_eff in Jy / Lsun (in the cosmo of Planck 2013 XXX)
1.00000E+00  4.42811E-22
1.04713E+00  1.38414E-21
1.09648E+00  4.32706E-21
1.14815E+00  1.35287E-20
1.20226E+00  4.23027E-20
1.25893E+00  1.32291E-19
1.31826E+00  4.13755E-19
1.38038E+00  1.29421E-18
1.44544E+00  4.04869E-18
1.51356E+00  1.43397E-17
1.58489E+00  8.16474E-18
1.65959E+00  6.89700E-18
1.73780E+00  9.75635E-18
1.81970E+00  1.59799E-17
1.90546E+00  1.47281E-17
1.99526E+00  1.23646E-17
2.08930E+00  1.18915E-17
2.18776E+00  1.23256E-17
2.29087E+00  1.32283E-17
2.39883E+00  1.43658E-17
2.51189E+00  1.55531E-17
2.63027E+00  1.62347E-17
2.75423E+00  1.59105E-17
2.88403E+00  1.93393E-17
3.01995E+00  2.26470E-17
3.16228E+00  2.54318E-17
3.31131E+00  2.82143E-17
3.46737E+00  3.11679E-17
3.63078E+00  3.44179E-17
3.80189E+00  3.80557E-17
3.98107E+00  4.23566E-17
4.16869E+00  4.82127E-17
4.36516E+00  5.92791E-17
4.57088E+00  1.08536E-16
4.78630E+00  2.50105E-15
5.01187E+00  1.15527E-16
5.24807E+00  8.44085E-17
5.49541E+00  8.34904E-17
5.75440E+00  8.89732E-17
6.02560E+00  9.78885E-17
6.30957E+00  1.10167E-16
6.60693E+00  1.27019E-16
6.91831E+00  1.51817E-16
7.24436E+00  1.98574E-16
7.58578E+00  4.44154E-16
7.94328E+00  4.02521E-16
8.31764E+00  8.33779E-16
8.70964E+00  1.37269E-15
9.12011E+00  3.63202E-15
9.54992E+00  1.76793E-15
1.00000E+01  1.94044E-15
1.04713E+01  3.30826E-15
1.09648E+01  9.02160E-15
1.14815E+01  7.55387E-15
1.20226E+01  3.81381E-15
1.25893E+01  4.16862E-15
1.31826E+01  1.91004E-15
1.38038E+01  1.68168E-15
1.44544E+01  1.73553E-15
1.51356E+01  2.04528E-15
1.58489E+01  3.67535E-15
1.65959E+01  7.31449E-15
1.73780E+01  5.97458E-15
1.81970E+01  7.73064E-15
1.90546E+01  4.47585E-15
1.99526E+01  4.07673E-15
2.08930E+01  3.86293E-15
2.18776E+01  4.02157E-15
2.29087E+01  4.66777E-15
2.39883E+01  6.43764E-15
2.51189E+01  7.16602E-15
2.63027E+01  6.18554E-15
2.75423E+01  6.58505E-15
2.88403E+01  6.65383E-15
3.01995E+01  7.03796E-15
3.16228E+01  7.55415E-15
3.31131E+01  8.20535E-15
3.46737E+01  9.06530E-15
3.63078E+01  1.01651E-14
3.80189E+01  1.15698E-14
3.98107E+01  1.33464E-14
4.16869E+01  1.55365E-14
4.36516E+01  1.81440E-14
4.57088E+01  2.11053E-14
4.78630E+01  2.43010E-14
5.01187E+01  2.76511E-14
5.24807E+01  3.11169E-14
5.49541E+01  3.47541E-14
5.75440E+01  3.86470E-14
6.02560E+01  4.29137E-14
6.30957E+01  4.77063E-14
6.60693E+01  5.30895E-14
6.91831E+01  5.91856E-14
7.24436E+01  6.60028E-14
7.58578E+01  7.35764E-14
7.94328E+01  8.18630E-14
8.31764E+01  9.08162E-14
8.70963E+01  1.00313E-13
9.12011E+01  1.10264E-13
9.54992E+01  1.20525E-13
1.00000E+02  1.30886E-13
1.04713E+02  1.41148E-13
1.09648E+02  1.51082E-13
1.14815E+02  1.60482E-13
1.20226E+02  1.69112E-13
1.25893E+02  1.76942E-13
1.31826E+02  1.83749E-13
1.38038E+02  1.89383E-13
1.44544E+02  1.93798E-13
1.51356E+02  1.96858E-13
1.58489E+02  1.98741E-13
1.65959E+02  1.99735E-13
1.73780E+02  2.00124E-13
1.81970E+02  2.00253E-13
1.90546E+02  2.00582E-13
1.99526E+02  1.99323E-13
2.08930E+02  1.91468E-13
2.18776E+02  1.80271E-13
2.29087E+02  1.69045E-13
2.39883E+02  1.58389E-13
2.51189E+02  1.47971E-13
2.63027E+02  1.37785E-13
2.75423E+02  1.27646E-13
2.88403E+02  1.17842E-13
3.01995E+02  1.08278E-13
3.16228E+02  9.90581E-14
3.31131E+02  9.02171E-14
3.46737E+02  8.18038E-14
3.63078E+02  7.35893E-14
3.80189E+02  6.54888E-14
3.98107E+02  5.81134E-14
4.16869E+02  5.14628E-14
4.36516E+02  4.54517E-14
4.57088E+02  4.00357E-14
4.78630E+02  3.51998E-14
5.01187E+02  3.08874E-14
5.24807E+02  2.70703E-14
5.49541E+02  2.36758E-14
5.75440E+02  2.06775E-14
6.02560E+02  1.80459E-14
6.30957E+02  1.57254E-14
6.60693E+02  1.36933E-14
6.91831E+02  1.19096E-14
7.24436E+02  1.03557E-14
7.58577E+02  8.99459E-15
7.94328E+02  7.80781E-15
8.31763E+02  6.77711E-15
8.70963E+02  5.88239E-15
9.12011E+02  5.10370E-15
9.54993E+02  4.42580E-15
1.00000E+03  3.83995E-15
1.04713E+03  3.32993E-15
1.09648E+03  2.88883E-15
1.14815E+03  2.50462E-15
1.20226E+03  2.17181E-15
1.25893E+03  1.88172E-15
1.31826E+03  1.63006E-15
1.38038E+03  1.41198E-15
1.44544E+03  1.22379E-15
1.51356E+03  1.06077E-15
1.58489E+03  9.20039E-16
1.65959E+03  7.99753E-16
1.73780E+03  6.95642E-16
1.81970E+03  6.06485E-16
1.90546E+03  5.28926E-16
1.99526E+03  4.62644E-16
2.08930E+03  4.05810E-16
2.18776E+03  3.57679E-16
2.29087E+03  3.15689E-16
2.39883E+03  2.80035E-16
2.51189E+03  2.49286E-16
2.63027E+03  2.23109E-16
2.75423E+03  2.00539E-16
2.88403E+03  1.81516E-16
3.01995E+03  1.65232E-16
3.16228E+03  1.51449E-16
3.31131E+03  1.39666E-16
3.46737E+03  1.29674E-16
3.63078E+03  1.21223E-16
3.80189E+03  1.14098E-16
3.98107E+03  1.08144E-16
4.16869E+03  1.03178E-16
4.36516E+03  9.90549E-17
4.57088E+03  9.56394E-17
4.78630E+03  9.28687E-17
5.01187E+03  9.06515E-17
5.24807E+03  8.89257E-17
5.49541E+03  8.76068E-17
5.75440E+03  8.66526E-17
6.02560E+03  8.60183E-17
6.30957E+03  8.56591E-17
6.60693E+03  8.55516E-17
6.91831E+03  8.56646E-17
7.24436E+03  8.59757E-17
7.58577E+03  8.64622E-17
7.94328E+03  8.71081E-17
8.31763E+03  8.79000E-17
8.70963E+03  8.88277E-17
9.12010E+03  8.98777E-17
9.54993E+03  9.10427E-17
