#column 1 : lambda in microns
#column 2 : snu_eff in Jy / Lsun (in the cosmo of Planck 2013 XXX)
1.00000E+00  1.71021E-40
1.04713E+00  5.25914E-40
1.09648E+00  1.62032E-39
1.14815E+00  5.00149E-39
1.20226E+00  1.54670E-38
1.25893E+00  4.79193E-38
1.31826E+00  1.48731E-37
1.38038E+00  4.62450E-37
1.44544E+00  1.44040E-36
1.51356E+00  4.49399E-36
1.58489E+00  1.40442E-35
1.65959E+00  4.39593E-35
1.73780E+00  1.37807E-34
1.81970E+00  4.32648E-34
1.90546E+00  1.36023E-33
1.99526E+00  4.28228E-33
2.08930E+00  1.34989E-32
2.18776E+00  4.26047E-32
2.29087E+00  1.34624E-31
2.39883E+00  4.25860E-31
2.51189E+00  1.34854E-30
2.63027E+00  4.27453E-30
2.75423E+00  1.35618E-29
2.88403E+00  4.30646E-29
3.01995E+00  1.36861E-28
3.16228E+00  4.35281E-28
3.31131E+00  1.38538E-27
3.46737E+00  4.41224E-27
3.63078E+00  1.40612E-26
3.80189E+00  4.48365E-26
3.98107E+00  1.43047E-25
4.16869E+00  4.56606E-25
4.36516E+00  1.45816E-24
4.57088E+00  4.65862E-24
4.78630E+00  1.48897E-23
5.01187E+00  4.76072E-23
5.24807E+00  1.52267E-22
5.49541E+00  4.87171E-22
5.75440E+00  1.55913E-21
6.02560E+00  4.99114E-21
6.30957E+00  1.59818E-20
6.60693E+00  5.41045E-20
6.91831E+00  8.63538E-20
7.24436E+00  4.91190E-20
7.58578E+00  5.54003E-20
7.94328E+00  9.18829E-20
8.31764E+00  1.16348E-19
8.70964E+00  9.43406E-20
9.12011E+00  8.46986E-20
9.54992E+00  8.49304E-20
1.00000E+01  8.97673E-20
1.04713E+01  9.71197E-20
1.09648E+01  1.05475E-19
1.14815E+01  1.12723E-19
1.20226E+01  1.12162E-19
1.25893E+01  1.21514E-19
1.31826E+01  1.48655E-19
1.38038E+01  1.69800E-19
1.44544E+01  1.89464E-19
1.51356E+01  2.09898E-19
1.58489E+01  2.32138E-19
1.65959E+01  2.56821E-19
1.73780E+01  2.85313E-19
1.81970E+01  3.21354E-19
1.90546E+01  3.77204E-19
1.99526E+01  5.23342E-19
2.08930E+01  2.43114E-18
2.18776E+01  1.72894E-18
2.29087E+01  6.76202E-19
2.39883E+01  6.16621E-19
2.51189E+01  6.49517E-19
2.63027E+01  7.17571E-19
2.75423E+01  8.15168E-19
2.88403E+01  9.46516E-19
3.01995E+01  1.12845E-18
3.16228E+01  1.40980E-18
3.31131E+01  2.14365E-18
3.46737E+01  3.14668E-18
3.63078E+01  5.18424E-18
3.80189E+01  6.40503E-18
3.98107E+01  3.34257E-17
4.16869E+01  1.41635E-17
4.36516E+01  1.51653E-17
4.57088E+01  1.88287E-17
4.78630E+01  4.15922E-17
5.01187E+01  7.19100E-17
5.24807E+01  3.70921E-17
5.49541E+01  3.65010E-17
5.75440E+01  2.06930E-17
6.02560E+01  1.54770E-17
6.30957E+01  1.54235E-17
6.60693E+01  1.70858E-17
6.91831E+01  2.23361E-17
7.24436E+01  9.01452E-17
7.58578E+01  4.41863E-17
7.94328E+01  4.89981E-17
8.31764E+01  4.93406E-17
8.70963E+01  4.39693E-17
9.12011E+01  3.93106E-17
9.54992E+01  3.83596E-17
1.00000E+02  4.33538E-17
1.04713E+02  5.53838E-17
1.09648E+02  7.06318E-17
1.14815E+02  6.96696E-17
1.20226E+02  7.12047E-17
1.25893E+02  7.56865E-17
1.31826E+02  8.11050E-17
1.38038E+02  8.84543E-17
1.44544E+02  9.78683E-17
1.51356E+02  1.10079E-16
1.58489E+02  1.26361E-16
1.65959E+02  1.48148E-16
1.73780E+02  1.77891E-16
1.81970E+02  2.18126E-16
1.90546E+02  2.70641E-16
1.99526E+02  3.36746E-16
2.08930E+02  4.14217E-16
2.18776E+02  4.98374E-16
2.29087E+02  5.84562E-16
2.39883E+02  6.68349E-16
2.51189E+02  7.48365E-16
2.63027E+02  8.24409E-16
2.75423E+02  8.98036E-16
2.88403E+02  9.69715E-16
3.01995E+02  1.04073E-15
3.16228E+02  1.11146E-15
3.31131E+02  1.18041E-15
3.46737E+02  1.24624E-15
3.63078E+02  1.30890E-15
3.80189E+02  1.36620E-15
3.98107E+02  1.41848E-15
4.16869E+02  1.46121E-15
4.36516E+02  1.49365E-15
4.57088E+02  1.51498E-15
4.78630E+02  1.52896E-15
5.01187E+02  1.52795E-15
5.24807E+02  1.52006E-15
5.49541E+02  1.49734E-15
5.75440E+02  1.46759E-15
6.02560E+02  1.42851E-15
6.30957E+02  1.38340E-15
6.60693E+02  1.32910E-15
6.91831E+02  1.27055E-15
7.24436E+02  1.20878E-15
7.58577E+02  1.14719E-15
7.94328E+02  1.08851E-15
8.31763E+02  1.03074E-15
8.70963E+02  9.78211E-16
9.12011E+02  9.11739E-16
9.54993E+02  8.25781E-16
1.00000E+03  7.44842E-16
1.04713E+03  6.70273E-16
1.09648E+03  6.03195E-16
1.14815E+03  5.41651E-16
1.20226E+03  4.85609E-16
1.25893E+03  4.33498E-16
1.31826E+03  3.85736E-16
1.38038E+03  3.42513E-16
1.44544E+03  3.02947E-16
1.51356E+03  2.67415E-16
1.58489E+03  2.34965E-16
1.65959E+03  2.04606E-16
1.73780E+03  1.77258E-16
1.81970E+03  1.53133E-16
1.90546E+03  1.32536E-16
1.99526E+03  1.14246E-16
2.08930E+03  9.87077E-17
2.18776E+03  8.49962E-17
2.29087E+03  7.31850E-17
2.39883E+03  6.29719E-17
2.51189E+03  5.41717E-17
2.63027E+03  4.66059E-17
2.75423E+03  4.00566E-17
2.88403E+03  3.44488E-17
3.01995E+03  2.96392E-17
3.16228E+03  2.54902E-17
3.31131E+03  2.19251E-17
3.46737E+03  1.88891E-17
3.63078E+03  1.62654E-17
3.80189E+03  1.40184E-17
3.98107E+03  1.20928E-17
4.16869E+03  1.04417E-17
4.36516E+03  9.03151E-18
4.57088E+03  7.82142E-18
4.78630E+03  6.77503E-18
5.01187E+03  5.88245E-18
5.24807E+03  5.11521E-18
5.49541E+03  4.45436E-18
5.75440E+03  3.88816E-18
6.02560E+03  3.40045E-18
6.30957E+03  2.98202E-18
6.60693E+03  2.62549E-18
6.91831E+03  2.31939E-18
7.24436E+03  2.05746E-18
7.58577E+03  1.83474E-18
7.94328E+03  1.64711E-18
8.31763E+03  1.48469E-18
8.70963E+03  1.34922E-18
9.12010E+03  1.23315E-18
9.54993E+03  1.13594E-18
