#column 1 : lambda in microns
#column 2 : snu_eff in Jy / Lsun (in the cosmo of Planck 2013 XXX)
1.00000E+00  7.36258E-38
1.04713E+00  2.28519E-37
1.09648E+00  7.10533E-37
1.14815E+00  2.21309E-36
1.20226E+00  6.90481E-36
1.25893E+00  2.15783E-35
1.31826E+00  6.75415E-35
1.38038E+00  2.11735E-34
1.44544E+00  6.64744E-34
1.51356E+00  2.08992E-33
1.58489E+00  6.57951E-33
1.65959E+00  2.07405E-32
1.73780E+00  6.54603E-32
1.81970E+00  2.06843E-31
1.90546E+00  6.54315E-31
1.99526E+00  2.07197E-30
2.08930E+00  6.56763E-30
2.18776E+00  2.08370E-29
2.29087E+00  6.61668E-29
2.39883E+00  2.10280E-28
2.51189E+00  6.68788E-28
2.63027E+00  2.12858E-27
2.75423E+00  6.77923E-27
2.88403E+00  2.16043E-26
3.01995E+00  6.88893E-26
3.16228E+00  2.19785E-25
3.31131E+00  7.01553E-25
3.46737E+00  2.24039E-24
3.63078E+00  7.15778E-24
3.80189E+00  2.28773E-23
3.98107E+00  7.31461E-23
4.16869E+00  2.33952E-22
4.36516E+00  7.48514E-22
4.57088E+00  2.39552E-21
4.78630E+00  7.66867E-21
5.01187E+00  2.45555E-20
5.24807E+00  8.31287E-20
5.49541E+00  1.32678E-19
5.75440E+00  7.54690E-20
6.02560E+00  8.51199E-20
6.30957E+00  1.41173E-19
6.60693E+00  1.78762E-19
6.91831E+00  1.44950E-19
7.24436E+00  1.30135E-19
7.58578E+00  1.30492E-19
7.94328E+00  1.37923E-19
8.31764E+00  1.49220E-19
8.70964E+00  1.62058E-19
9.12011E+00  1.73193E-19
9.54992E+00  1.72332E-19
1.00000E+01  1.86700E-19
1.04713E+01  2.28402E-19
1.09648E+01  2.60889E-19
1.14815E+01  2.91102E-19
1.20226E+01  3.22498E-19
1.25893E+01  3.56669E-19
1.31826E+01  3.94593E-19
1.38038E+01  4.38369E-19
1.44544E+01  4.93745E-19
1.51356E+01  5.79556E-19
1.58489E+01  8.04092E-19
1.65959E+01  3.73544E-18
1.73780E+01  2.65637E-18
1.81970E+01  1.03895E-18
1.90546E+01  9.47408E-19
1.99526E+01  9.97952E-19
2.08930E+01  1.10251E-18
2.18776E+01  1.25247E-18
2.29087E+01  1.45428E-18
2.39883E+01  1.73382E-18
2.51189E+01  2.16608E-18
2.63027E+01  3.29363E-18
2.75423E+01  4.83471E-18
2.88403E+01  7.96534E-18
3.01995E+01  9.84107E-18
3.16228E+01  5.13577E-17
3.31131E+01  2.17615E-17
3.46737E+01  2.33007E-17
3.63078E+01  2.89294E-17
3.80189E+01  6.39044E-17
3.98107E+01  1.10486E-16
4.16869E+01  5.69898E-17
4.36516E+01  5.60818E-17
4.57088E+01  3.17939E-17
4.78630E+01  2.37797E-17
5.01187E+01  2.36974E-17
5.24807E+01  2.62515E-17
5.49541E+01  3.43186E-17
5.75440E+01  1.38504E-16
6.02560E+01  6.78901E-17
6.30957E+01  7.52831E-17
6.60693E+01  7.58092E-17
6.91831E+01  6.75567E-17
7.24436E+01  6.03990E-17
7.58578E+01  5.89377E-17
7.94328E+01  6.66110E-17
8.31764E+01  8.50948E-17
8.70963E+01  1.08522E-16
9.12011E+01  1.07044E-16
9.54992E+01  1.09403E-16
1.00000E+02  1.16289E-16
1.04713E+02  1.24614E-16
1.09648E+02  1.35906E-16
1.14815E+02  1.50370E-16
1.20226E+02  1.69131E-16
1.25893E+02  1.94147E-16
1.31826E+02  2.27623E-16
1.38038E+02  2.73321E-16
1.44544E+02  3.35140E-16
1.51356E+02  4.15827E-16
1.58489E+02  5.17393E-16
1.65959E+02  6.36426E-16
1.73780E+02  7.65728E-16
1.81970E+02  8.98152E-16
1.90546E+02  1.02689E-15
1.99526E+02  1.14983E-15
2.08930E+02  1.26667E-15
2.18776E+02  1.37979E-15
2.29087E+02  1.48992E-15
2.39883E+02  1.59903E-15
2.51189E+02  1.70771E-15
2.63027E+02  1.81364E-15
2.75423E+02  1.91479E-15
2.88403E+02  2.01106E-15
3.01995E+02  2.09911E-15
3.16228E+02  2.17943E-15
3.31131E+02  2.24509E-15
3.46737E+02  2.29492E-15
3.63078E+02  2.32770E-15
3.80189E+02  2.34917E-15
3.98107E+02  2.34763E-15
4.16869E+02  2.33550E-15
4.36516E+02  2.30059E-15
4.57088E+02  2.25489E-15
4.78630E+02  2.19484E-15
5.01187E+02  2.12553E-15
5.24807E+02  2.04210E-15
5.49541E+02  1.95214E-15
5.75440E+02  1.85722E-15
6.02560E+02  1.76261E-15
6.30957E+02  1.67244E-15
6.60693E+02  1.58369E-15
6.91831E+02  1.50297E-15
7.24436E+02  1.40084E-15
7.58577E+02  1.26877E-15
7.94328E+02  1.14442E-15
8.31763E+02  1.02984E-15
8.70963E+02  9.26781E-16
9.12011E+02  8.32221E-16
9.54993E+02  7.46114E-16
1.00000E+03  6.66047E-16
1.04713E+03  5.92665E-16
1.09648E+03  5.26253E-16
1.14815E+03  4.65463E-16
1.20226E+03  4.10871E-16
1.25893E+03  3.61012E-16
1.31826E+03  3.14368E-16
1.38038E+03  2.72349E-16
1.44544E+03  2.35282E-16
1.51356E+03  2.03635E-16
1.58489E+03  1.75534E-16
1.65959E+03  1.51659E-16
1.73780E+03  1.30593E-16
1.81970E+03  1.12445E-16
1.90546E+03  9.67533E-17
1.99526E+03  8.32320E-17
2.08930E+03  7.16077E-17
2.18776E+03  6.15448E-17
2.29087E+03  5.29290E-17
2.39883E+03  4.55393E-17
2.51189E+03  3.91645E-17
2.63027E+03  3.36869E-17
2.75423E+03  2.90222E-17
2.88403E+03  2.49910E-17
3.01995E+03  2.15386E-17
3.16228E+03  1.85799E-17
3.31131E+03  1.60431E-17
3.46737E+03  1.38765E-17
3.63078E+03  1.20172E-17
3.80189E+03  1.04095E-17
3.98107E+03  9.03811E-18
4.16869E+03  7.85930E-18
4.36516E+03  6.84392E-18
4.57088E+03  5.97397E-18
4.78630E+03  5.22465E-18
5.01187E+03  4.58174E-18
5.24807E+03  4.03393E-18
5.49541E+03  3.56362E-18
5.75440E+03  3.16120E-18
6.02560E+03  2.81899E-18
6.30957E+03  2.53070E-18
6.60693E+03  2.28116E-18
6.91831E+03  2.07301E-18
7.24436E+03  1.89467E-18
7.58577E+03  1.74532E-18
7.94328E+03  1.62015E-18
8.31763E+03  1.51392E-18
8.70963E+03  1.42609E-18
9.12010E+03  1.35321E-18
9.54993E+03  1.29346E-18
