#column 1 : lambda in microns
#column 2 : snu_eff in Jy / Lsun (in the cosmo of Planck 2013 XXX)
1.00000E+00  1.45931E-32
1.04713E+00  4.61074E-32
1.09648E+00  1.45787E-31
1.14815E+00  4.61295E-31
1.20226E+00  1.46062E-30
1.25893E+00  4.62786E-30
1.31826E+00  1.46721E-29
1.38038E+00  4.65443E-29
1.44544E+00  1.47736E-28
1.51356E+00  4.69178E-28
1.58489E+00  1.49078E-27
1.65959E+00  4.73919E-27
1.73780E+00  1.50728E-26
1.81970E+00  4.79599E-26
1.90546E+00  1.52667E-25
1.99526E+00  4.86168E-25
2.08930E+00  1.54879E-24
2.18776E+00  4.93580E-24
2.29087E+00  1.57352E-23
2.39883E+00  5.01800E-23
2.51189E+00  1.60075E-22
2.63027E+00  5.10796E-22
2.75423E+00  1.63041E-21
2.88403E+00  5.20548E-21
3.01995E+00  1.66241E-20
3.16228E+00  5.31037E-20
3.31131E+00  1.70486E-19
3.46737E+00  4.57655E-19
3.63078E+00  2.32235E-19
3.80189E+00  2.27257E-19
3.98107E+00  3.54267E-19
4.16869E+00  5.22923E-19
4.36516E+00  4.39579E-19
4.57088E+00  3.81030E-19
4.78630E+00  3.74304E-19
5.01187E+00  3.91877E-19
5.24807E+00  4.22237E-19
5.49541E+00  4.59007E-19
5.75440E+00  4.94290E-19
6.02560E+00  5.04623E-19
6.30957E+00  5.12490E-19
6.60693E+00  6.32934E-19
6.91831E+00  7.31358E-19
7.24436E+00  8.19258E-19
7.58578E+00  9.08149E-19
7.94328E+00  1.00397E-18
8.31764E+00  1.10975E-18
8.70964E+00  1.22951E-18
9.12011E+00  1.37632E-18
9.54992E+00  1.58845E-18
1.00000E+01  2.05418E-18
1.04713E+01  5.20182E-18
1.09648E+01  1.77885E-17
1.14815E+01  3.22038E-18
1.20226E+01  2.68707E-18
1.25893E+01  2.75250E-18
1.31826E+01  2.99182E-18
1.38038E+01  3.34914E-18
1.44544E+01  3.83286E-18
1.51356E+01  4.50212E-18
1.58489E+01  5.50116E-18
1.65959E+01  7.63989E-18
1.73780E+01  1.50217E-17
1.81970E+01  1.65342E-17
1.90546E+01  2.55982E-17
1.99526E+01  7.77618E-17
2.08930E+01  7.60608E-17
2.18776E+01  6.31136E-17
2.29087E+01  7.08181E-17
2.39883E+01  1.37729E-16
2.51189E+01  3.11124E-16
2.63027E+01  1.95937E-16
2.75423E+01  1.34478E-16
2.88403E+01  1.05983E-16
3.01995E+01  6.40630E-17
3.16228E+01  6.06502E-17
3.31131E+01  6.52063E-17
3.46737E+01  8.06581E-17
3.63078E+01  2.01413E-16
3.80189E+01  1.92042E-16
3.98107E+01  1.99571E-16
4.16869E+01  2.49975E-16
4.36516E+01  1.71106E-16
4.57088E+01  1.49661E-16
4.78630E+01  1.47062E-16
5.01187E+01  1.61325E-16
5.24807E+01  1.93738E-16
5.49541E+01  2.57500E-16
5.75440E+01  2.65978E-16
6.02560E+01  2.59304E-16
6.30957E+01  2.76578E-16
6.60693E+01  2.91715E-16
6.91831E+01  3.14748E-16
7.24436E+01  3.44588E-16
7.58578E+01  3.82094E-16
7.94328E+01  4.31574E-16
8.31764E+01  4.96075E-16
8.70963E+01  5.81297E-16
9.12011E+01  6.94103E-16
9.54992E+01  8.39577E-16
1.00000E+02  1.02101E-15
1.04713E+02  1.23419E-15
1.09648E+02  1.47270E-15
1.14815E+02  1.72599E-15
1.20226E+02  1.98548E-15
1.25893E+02  2.24805E-15
1.31826E+02  2.51558E-15
1.38038E+02  2.79178E-15
1.44544E+02  3.07935E-15
1.51356E+02  3.38322E-15
1.58489E+02  3.70217E-15
1.65959E+02  4.03683E-15
1.73780E+02  4.38055E-15
1.81970E+02  4.73008E-15
1.90546E+02  5.07971E-15
1.99526E+02  5.42375E-15
2.08930E+02  5.74963E-15
2.18776E+02  6.05305E-15
2.29087E+02  6.32555E-15
2.39883E+02  6.56215E-15
2.51189E+02  6.75520E-15
2.63027E+02  6.89975E-15
2.75423E+02  6.99262E-15
2.88403E+02  7.03762E-15
3.01995E+02  7.03219E-15
3.16228E+02  6.97761E-15
3.31131E+02  6.87689E-15
3.46737E+02  6.73437E-15
3.63078E+02  6.55985E-15
3.80189E+02  6.36676E-15
3.98107E+02  6.16219E-15
4.16869E+02  5.96549E-15
4.36516E+02  5.77711E-15
4.57088E+02  5.52754E-15
4.78630E+02  5.12458E-15
5.01187E+02  4.69387E-15
5.24807E+02  4.29168E-15
5.49541E+02  3.91914E-15
5.75440E+02  3.57283E-15
6.02560E+02  3.24822E-15
6.30957E+02  2.93974E-15
6.60693E+02  2.65309E-15
6.91831E+02  2.38554E-15
7.24436E+02  2.13585E-15
7.58577E+02  1.90668E-15
7.94328E+02  1.69570E-15
8.31763E+02  1.49520E-15
8.70963E+02  1.30826E-15
9.12011E+02  1.14185E-15
9.54993E+02  9.95711E-16
1.00000E+03  8.66352E-16
1.04713E+03  7.53103E-16
1.09648E+03  6.53473E-16
1.14815E+03  5.66322E-16
1.20226E+03  4.90389E-16
1.25893E+03  4.24465E-16
1.31826E+03  3.67035E-16
1.38038E+03  3.17163E-16
1.44544E+03  2.74102E-16
1.51356E+03  2.36663E-16
1.58489E+03  2.04368E-16
1.65959E+03  1.76359E-16
1.73780E+03  1.52262E-16
1.81970E+03  1.31401E-16
1.90546E+03  1.13464E-16
1.99526E+03  9.79952E-17
2.08930E+03  8.46695E-17
2.18776E+03  7.32026E-17
2.29087E+03  6.33407E-17
2.39883E+03  5.48135E-17
2.51189E+03  4.74920E-17
2.63027E+03  4.11703E-17
2.75423E+03  3.57090E-17
2.88403E+03  3.09897E-17
3.01995E+03  2.69223E-17
3.16228E+03  2.34212E-17
3.31131E+03  2.04105E-17
3.46737E+03  1.78495E-17
3.63078E+03  1.56353E-17
3.80189E+03  1.37260E-17
3.98107E+03  1.20933E-17
4.16869E+03  1.07128E-17
4.36516E+03  9.51332E-18
4.57088E+03  8.50117E-18
4.78630E+03  7.63705E-18
5.01187E+03  6.90330E-18
5.24807E+03  6.27445E-18
5.49541E+03  5.73917E-18
5.75440E+03  5.28843E-18
6.02560E+03  4.90822E-18
6.30957E+03  4.58385E-18
6.60693E+03  4.31340E-18
6.91831E+03  4.08664E-18
7.24436E+03  3.89662E-18
7.58577E+03  3.73992E-18
7.94328E+03  3.61144E-18
8.31763E+03  3.50704E-18
8.70963E+03  3.42369E-18
9.12010E+03  3.35818E-18
9.54993E+03  3.30852E-18
