#column 1 : lambda in microns
#column 2 : snu_eff in Jy / Lsun (in the cosmo of Planck 2013 XXX)
1.00000E+00  4.22410E-40
1.04713E+00  1.30081E-39
1.09648E+00  4.01337E-39
1.14815E+00  1.24055E-38
1.20226E+00  3.84167E-38
1.25893E+00  1.19184E-37
1.31826E+00  3.70414E-37
1.38038E+00  1.15323E-36
1.44544E+00  3.59656E-36
1.51356E+00  1.12350E-35
1.58489E+00  3.51527E-35
1.65959E+00  1.10158E-34
1.73780E+00  3.45716E-34
1.81970E+00  1.08654E-33
1.90546E+00  3.41952E-33
1.99526E+00  1.07759E-32
2.08930E+00  3.40001E-32
2.18776E+00  1.07404E-31
2.29087E+00  3.39663E-31
2.39883E+00  1.07531E-30
2.51189E+00  3.40764E-30
2.63027E+00  1.08089E-29
2.75423E+00  3.43159E-29
2.88403E+00  1.09035E-28
3.01995E+00  3.46719E-28
3.16228E+00  1.10332E-27
3.31131E+00  3.51335E-27
3.46737E+00  1.11948E-26
3.63078E+00  3.56917E-26
3.80189E+00  1.13856E-25
3.98107E+00  3.63384E-25
4.16869E+00  1.16033E-24
4.36516E+00  3.70671E-24
4.57088E+00  1.18460E-23
4.78630E+00  3.78723E-23
5.01187E+00  1.21122E-22
5.24807E+00  3.87489E-22
5.49541E+00  1.24003E-21
5.75440E+00  3.96937E-21
6.02560E+00  1.27093E-20
6.30957E+00  4.08993E-20
6.60693E+00  1.09905E-19
6.91831E+00  5.57028E-20
7.24436E+00  5.44624E-20
7.58578E+00  8.49994E-20
7.94328E+00  1.25500E-19
8.31764E+00  1.05455E-19
8.70964E+00  9.13356E-20
9.12011E+00  8.96681E-20
9.54992E+00  9.38694E-20
1.00000E+01  1.01150E-19
1.04713E+01  1.09916E-19
1.09648E+01  1.18327E-19
1.14815E+01  1.20843E-19
1.20226E+01  1.22630E-19
1.25893E+01  1.51662E-19
1.31826E+01  1.75195E-19
1.38038E+01  1.96413E-19
1.44544E+01  2.17812E-19
1.51356E+01  2.40744E-19
1.58489E+01  2.66181E-19
1.65959E+01  2.95506E-19
1.73780E+01  3.30884E-19
1.81970E+01  3.82460E-19
1.90546E+01  4.95466E-19
1.99526E+01  1.25542E-18
2.08930E+01  4.29390E-18
2.18776E+01  7.82182E-19
2.29087E+01  6.56984E-19
2.39883E+01  6.77734E-19
2.51189E+01  7.42651E-19
2.63027E+01  8.38365E-19
2.75423E+01  9.67542E-19
2.88403E+01  1.14545E-18
3.01995E+01  1.40764E-18
3.16228E+01  1.95212E-18
3.31131E+01  3.77767E-18
3.46737E+01  4.18582E-18
3.63078E+01  6.44221E-18
3.80189E+01  1.92607E-17
3.98107E+01  1.89202E-17
4.16869E+01  1.58205E-17
4.36516E+01  1.78052E-17
4.57088E+01  3.44121E-17
4.78630E+01  7.74490E-17
5.01187E+01  4.91405E-17
5.24807E+01  3.40362E-17
5.49541E+01  2.71395E-17
5.75440E+01  1.69047E-17
6.02560E+01  1.62392E-17
6.30957E+01  1.75537E-17
6.60693E+01  2.15541E-17
6.91831E+01  5.15916E-17
7.24436E+01  4.95440E-17
7.58578E+01  5.17016E-17
7.94328E+01  6.46274E-17
8.31764E+01  4.52794E-17
8.70963E+01  4.02777E-17
9.12011E+01  4.01232E-17
9.54992E+01  4.44110E-17
1.00000E+02  5.36021E-17
1.04713E+02  7.11850E-17
1.09648E+02  7.45278E-17
1.14815E+02  7.39486E-17
1.20226E+02  7.96431E-17
1.25893E+02  8.46220E-17
1.31826E+02  9.19466E-17
1.38038E+02  1.01417E-16
1.44544E+02  1.13487E-16
1.51356E+02  1.29593E-16
1.58489E+02  1.51119E-16
1.65959E+02  1.80296E-16
1.73780E+02  2.19944E-16
1.81970E+02  2.72515E-16
1.90546E+02  3.39501E-16
1.99526E+02  4.18744E-16
2.08930E+02  5.07227E-16
2.18776E+02  5.99255E-16
2.29087E+02  6.89108E-16
2.39883E+02  7.75447E-16
2.51189E+02  8.57416E-16
2.63027E+02  9.35968E-16
2.75423E+02  1.01243E-15
2.88403E+02  1.08831E-15
3.01995E+02  1.16345E-15
3.16228E+02  1.23760E-15
3.31131E+02  1.30927E-15
3.46737E+02  1.37569E-15
3.63078E+02  1.43846E-15
3.80189E+02  1.49632E-15
3.98107E+02  1.54310E-15
4.16869E+02  1.58063E-15
4.36516E+02  1.60634E-15
4.57088E+02  1.62354E-15
4.78630E+02  1.62735E-15
5.01187E+02  1.62146E-15
5.24807E+02  1.60097E-15
5.49541E+02  1.56991E-15
5.75440E+02  1.53078E-15
6.02560E+02  1.48404E-15
6.30957E+02  1.42768E-15
6.60693E+02  1.36792E-15
6.91831E+02  1.30279E-15
7.24436E+02  1.23799E-15
7.58577E+02  1.17229E-15
7.94328E+02  1.11172E-15
8.31763E+02  1.05515E-15
8.70963E+02  9.90315E-16
9.12011E+02  9.02017E-16
9.54993E+02  8.13536E-16
1.00000E+03  7.32617E-16
1.04713E+03  6.59105E-16
1.09648E+03  5.92319E-16
1.14815E+03  5.31177E-16
1.20226E+03  4.74341E-16
1.25893E+03  4.22784E-16
1.31826E+03  3.75635E-16
1.38038E+03  3.32410E-16
1.44544E+03  2.93572E-16
1.51356E+03  2.58388E-16
1.58489E+03  2.25555E-16
1.65959E+03  1.95462E-16
1.73780E+03  1.69168E-16
1.81970E+03  1.46242E-16
1.90546E+03  1.26125E-16
1.99526E+03  1.08891E-16
2.08930E+03  9.38365E-17
2.18776E+03  8.07911E-17
2.29087E+03  6.95283E-17
2.39883E+03  5.98484E-17
2.51189E+03  5.14724E-17
2.63027E+03  4.42552E-17
2.75423E+03  3.80699E-17
2.88403E+03  3.27339E-17
3.01995E+03  2.81716E-17
3.16228E+03  2.42329E-17
3.31131E+03  2.08585E-17
3.46737E+03  1.79582E-17
3.63078E+03  1.54788E-17
3.80189E+03  1.33572E-17
3.98107E+03  1.15137E-17
4.16869E+03  9.95850E-18
4.36516E+03  8.61931E-18
4.57088E+03  7.46862E-18
4.78630E+03  6.48269E-18
5.01187E+03  5.63415E-18
5.24807E+03  4.90591E-18
5.49541E+03  4.27785E-18
5.75440E+03  3.73918E-18
6.02560E+03  3.27694E-18
6.30957E+03  2.87967E-18
6.60693E+03  2.54577E-18
6.91831E+03  2.25643E-18
7.24436E+03  2.00864E-18
7.58577E+03  1.79738E-18
7.94328E+03  1.62089E-18
8.31763E+03  1.46929E-18
8.70963E+03  1.34175E-18
9.12010E+03  1.23299E-18
9.54993E+03  1.14240E-18
