#column 1 : lambda in microns
#column 2 : snu_eff in Jy / Lsun (in the cosmo of Planck 2013 XXX)
1.00000E+00  1.00205E-17
1.04713E+00  3.12875E-17
1.09648E+00  9.76971E-17
1.14815E+00  3.45570E-16
1.20226E+00  1.96900E-16
1.25893E+00  1.66401E-16
1.31826E+00  2.35315E-16
1.38038E+00  3.85266E-16
1.44544E+00  3.55173E-16
1.51356E+00  2.98282E-16
1.58489E+00  2.86929E-16
1.65959E+00  2.97440E-16
1.73780E+00  3.19253E-16
1.81970E+00  3.46665E-16
1.90546E+00  3.75339E-16
1.99526E+00  3.91787E-16
2.08930E+00  3.83995E-16
2.18776E+00  4.66655E-16
2.29087E+00  5.46358E-16
2.39883E+00  6.13492E-16
2.51189E+00  6.80498E-16
2.63027E+00  7.51623E-16
2.75423E+00  8.29845E-16
2.88403E+00  9.17350E-16
3.01995E+00  1.02072E-15
3.16228E+00  1.16141E-15
3.31131E+00  1.42728E-15
3.46737E+00  2.61191E-15
3.63078E+00  6.01749E-14
3.80189E+00  2.77712E-15
3.98107E+00  2.02583E-15
4.16869E+00  2.00027E-15
4.36516E+00  2.12739E-15
4.57088E+00  2.33527E-15
4.78630E+00  2.62164E-15
5.01187E+00  3.01598E-15
5.24807E+00  3.59740E-15
5.49541E+00  4.70268E-15
5.75440E+00  1.05764E-14
6.02560E+00  9.54975E-15
6.30957E+00  1.98629E-14
6.60693E+00  3.27449E-14
6.91831E+00  8.68418E-14
7.24436E+00  4.21032E-14
7.58578E+00  4.61641E-14
7.94328E+00  7.88166E-14
8.31764E+00  2.15330E-13
8.70964E+00  1.80077E-13
9.12011E+00  9.06184E-14
9.54992E+00  9.90011E-14
1.00000E+01  4.49029E-14
1.04713E+01  3.92989E-14
1.09648E+01  4.04429E-14
1.14815E+01  4.77015E-14
1.20226E+01  8.65667E-14
1.25893E+01  1.73342E-13
1.31826E+01  1.41180E-13
1.38038E+01  1.82876E-13
1.44544E+01  1.04901E-13
1.51356E+01  9.51204E-14
1.58489E+01  8.96639E-14
1.65959E+01  9.29226E-14
1.73780E+01  1.07577E-13
1.81970E+01  1.48594E-13
1.90546E+01  1.64738E-13
1.99526E+01  1.40522E-13
2.08930E+01  1.48867E-13
2.18776E+01  1.49522E-13
2.29087E+01  1.57484E-13
2.39883E+01  1.68319E-13
2.51189E+01  1.82058E-13
2.63027E+01  2.00238E-13
2.75423E+01  2.23461E-13
2.88403E+01  2.53028E-13
3.01995E+01  2.90218E-13
3.16228E+01  3.35693E-13
3.31131E+01  3.89332E-13
3.46737E+01  4.49624E-13
3.63078E+01  5.14129E-13
3.80189E+01  5.81397E-13
3.98107E+01  6.51104E-13
4.16869E+01  7.24776E-13
4.36516E+01  8.04661E-13
4.57088E+01  8.93630E-13
4.78630E+01  9.95213E-13
5.01187E+01  1.11119E-12
5.24807E+01  1.24453E-12
5.49541E+01  1.39592E-12
5.75440E+01  1.56678E-12
6.02560E+01  1.75645E-12
6.30957E+01  1.96453E-12
6.60693E+01  2.18869E-12
6.91831E+01  2.42733E-12
7.24436E+01  2.67740E-12
7.58578E+01  2.93444E-12
7.94328E+01  3.19416E-12
8.31764E+01  3.45034E-12
8.70963E+01  3.69875E-12
9.12011E+01  3.93307E-12
9.54992E+01  4.15219E-12
1.00000E+02  4.34919E-12
1.04713E+02  4.52079E-12
1.09648E+02  4.66484E-12
1.14815E+02  4.77738E-12
1.20226E+02  4.86173E-12
1.25893E+02  4.92373E-12
1.31826E+02  4.97082E-12
1.38038E+02  5.01112E-12
1.44544E+02  5.05627E-12
1.51356E+02  5.06000E-12
1.58489E+02  4.89132E-12
1.65959E+02  4.63212E-12
1.73780E+02  4.36794E-12
1.81970E+02  4.11431E-12
1.90546E+02  3.86363E-12
1.99526E+02  3.61579E-12
2.08930E+02  3.36600E-12
2.18776E+02  3.12177E-12
2.29087E+02  2.88142E-12
2.39883E+02  2.64665E-12
2.51189E+02  2.42044E-12
2.63027E+02  2.20267E-12
2.75423E+02  1.98892E-12
2.88403E+02  1.77607E-12
3.01995E+02  1.58149E-12
3.16228E+02  1.40478E-12
3.31131E+02  1.24431E-12
3.46737E+02  1.09908E-12
3.63078E+02  9.68850E-13
3.80189E+02  8.52227E-13
3.98107E+02  7.48637E-13
4.16869E+02  6.56186E-13
4.36516E+02  5.74266E-13
4.57088E+02  5.02133E-13
4.78630E+02  4.38375E-13
5.01187E+02  3.82337E-13
5.24807E+02  3.33035E-13
5.49541E+02  2.90044E-13
5.75440E+02  2.52233E-13
6.02560E+02  2.19209E-13
6.30957E+02  1.90489E-13
6.60693E+02  1.65490E-13
6.91831E+02  1.43750E-13
7.24436E+02  1.24761E-13
7.58577E+02  1.08325E-13
7.94328E+02  9.39937E-14
8.31763E+02  8.15875E-14
8.70963E+02  7.07633E-14
9.12011E+02  6.13767E-14
9.54993E+02  5.31820E-14
1.00000E+03  4.60677E-14
1.04713E+03  3.98921E-14
1.09648E+03  3.45631E-14
1.14815E+03  2.99360E-14
1.20226E+03  2.59433E-14
1.25893E+03  2.25239E-14
1.31826E+03  1.95645E-14
1.38038E+03  1.70271E-14
1.44544E+03  1.48152E-14
1.51356E+03  1.29248E-14
1.58489E+03  1.13023E-14
1.65959E+03  9.92675E-15
1.73780E+03  8.72591E-15
1.81970E+03  7.70496E-15
1.90546E+03  6.82366E-15
1.99526E+03  6.07243E-15
2.08930E+03  5.42397E-15
2.18776E+03  4.87645E-15
2.29087E+03  4.40728E-15
2.39883E+03  4.00910E-15
2.51189E+03  3.66808E-15
2.63027E+03  3.37813E-15
2.75423E+03  3.13180E-15
2.88403E+03  2.92374E-15
3.01995E+03  2.74898E-15
3.16228E+03  2.60226E-15
3.31131E+03  2.47952E-15
3.46737E+03  2.37692E-15
3.63078E+03  2.29258E-15
3.80189E+03  2.22391E-15
3.98107E+03  2.16913E-15
4.16869E+03  2.12587E-15
4.36516E+03  2.09280E-15
4.57088E+03  2.06869E-15
4.78630E+03  2.05225E-15
5.01187E+03  2.04277E-15
5.24807E+03  2.03943E-15
5.49541E+03  2.04150E-15
5.75440E+03  2.04838E-15
6.02560E+03  2.05954E-15
6.30957E+03  2.07465E-15
6.60693E+03  2.09339E-15
6.91831E+03  2.11536E-15
7.24436E+03  2.14035E-15
7.58577E+03  2.16816E-15
7.94328E+03  2.19863E-15
8.31763E+03  2.23162E-15
8.70963E+03  2.26699E-15
9.12010E+03  2.30470E-15
9.54993E+03  2.34465E-15
