#column 1 : lambda in microns
#column 2 : snu_eff in Jy / Lsun (in the cosmo of Planck 2013 XXX)
1.00000E+00  5.98270E-21
1.04713E+00  1.86770E-20
1.09648E+00  5.83128E-20
1.14815E+00  1.82082E-19
1.20226E+00  5.68615E-19
1.25893E+00  1.77589E-18
1.31826E+00  5.54703E-18
1.38038E+00  1.97450E-17
1.44544E+00  1.76169E-17
1.51356E+00  1.23747E-17
1.58489E+00  1.57154E-17
1.65959E+00  2.66790E-17
1.73780E+00  2.83691E-17
1.81970E+00  2.32226E-17
1.90546E+00  2.16706E-17
1.99526E+00  2.21580E-17
2.08930E+00  2.36431E-17
2.18776E+00  2.56427E-17
2.29087E+00  2.78162E-17
2.39883E+00  2.94629E-17
2.51189E+00  2.88399E-17
2.63027E+00  3.33794E-17
2.75423E+00  3.98715E-17
2.88403E+00  4.50565E-17
3.01995E+00  5.00927E-17
3.16228E+00  5.53683E-17
3.31131E+00  6.11436E-17
3.46737E+00  6.75426E-17
3.63078E+00  7.49708E-17
3.80189E+00  8.46263E-17
3.98107E+00  1.01063E-16
4.16869E+00  1.55174E-16
4.36516E+00  2.26819E-15
4.57088E+00  2.73607E-16
4.78630E+00  1.58289E-16
5.01187E+00  1.50689E-16
5.24807E+00  1.58518E-16
5.49541E+00  1.73263E-16
5.75440E+00  1.93817E-16
6.02560E+00  2.21831E-16
6.30957E+00  2.62136E-16
6.60693E+00  3.31112E-16
6.91831E+00  6.07160E-16
7.24436E+00  6.77793E-16
7.58578E+00  1.53708E-15
7.94328E+00  1.77729E-15
8.31764E+00  1.00713E-14
8.70964E+00  3.07004E-15
9.12011E+00  3.44555E-15
9.54992E+00  4.99631E-15
1.00000E+01  1.29002E-14
1.04713E+01  1.61431E-14
1.09648E+01  7.29096E-15
1.14815E+01  9.02636E-15
1.20226E+01  3.81180E-15
1.25893E+01  3.08162E-15
1.31826E+01  3.08305E-15
1.38038E+01  3.48914E-15
1.44544E+01  5.19396E-15
1.51356E+01  1.97789E-14
1.58489E+01  1.01905E-14
1.65959E+01  1.19174E-14
1.73780E+01  8.60066E-15
1.81970E+01  8.11286E-15
1.90546E+01  7.34583E-15
1.99526E+01  7.09863E-15
2.08930E+01  8.00779E-15
2.18776E+01  1.22060E-14
2.29087E+01  1.26062E-14
2.39883E+01  1.13539E-14
2.51189E+01  1.18313E-14
2.63027E+01  1.18209E-14
2.75423E+01  1.24319E-14
2.88403E+01  1.32884E-14
3.01995E+01  1.43836E-14
3.16228E+01  1.58127E-14
3.31131E+01  1.76482E-14
3.46737E+01  1.99882E-14
3.63078E+01  2.29500E-14
3.80189E+01  2.66302E-14
3.98107E+01  3.10595E-14
4.16869E+01  3.61002E-14
4.36516E+01  4.15940E-14
4.57088E+01  4.73687E-14
4.78630E+01  5.33888E-14
5.01187E+01  5.96543E-14
5.24807E+01  6.63376E-14
5.49541E+01  7.36978E-14
5.75440E+01  8.19166E-14
6.02560E+01  9.12107E-14
6.30957E+01  1.01775E-13
6.60693E+01  1.13653E-13
6.91831E+01  1.26966E-13
7.24436E+01  1.41634E-13
7.58578E+01  1.57578E-13
7.94328E+01  1.74745E-13
8.31764E+01  1.92800E-13
8.70963E+01  2.11605E-13
9.12011E+01  2.30715E-13
9.54992E+01  2.49859E-13
1.00000E+02  2.68798E-13
1.04713E+02  2.86774E-13
1.09648E+02  3.03549E-13
1.14815E+02  3.19011E-13
1.20226E+02  3.32703E-13
1.25893E+02  3.44425E-13
1.31826E+02  3.53820E-13
1.38038E+02  3.60933E-13
1.44544E+02  3.65810E-13
1.51356E+02  3.68763E-13
1.58489E+02  3.70595E-13
1.65959E+02  3.71585E-13
1.73780E+02  3.72957E-13
1.81970E+02  3.72962E-13
1.90546E+02  3.62400E-13
1.99526E+02  3.42569E-13
2.08930E+02  3.21809E-13
2.18776E+02  3.02076E-13
2.29087E+02  2.83025E-13
2.39883E+02  2.64094E-13
2.51189E+02  2.45528E-13
2.63027E+02  2.27186E-13
2.75423E+02  2.09199E-13
2.88403E+02  1.91892E-13
3.01995E+02  1.75072E-13
3.16228E+02  1.59145E-13
3.31131E+02  1.43675E-13
3.46737E+02  1.28310E-13
3.63078E+02  1.14030E-13
3.80189E+02  1.01141E-13
3.98107E+02  8.94281E-14
4.16869E+02  7.89096E-14
4.36516E+02  6.94830E-14
4.57088E+02  6.10561E-14
4.78630E+02  5.35217E-14
5.01187E+02  4.68774E-14
5.24807E+02  4.09853E-14
5.49541E+02  3.57785E-14
5.75440E+02  3.12121E-14
6.02560E+02  2.72046E-14
6.30957E+02  2.36746E-14
6.60693E+02  2.05983E-14
6.91831E+02  1.79053E-14
7.24436E+02  1.55511E-14
7.58577E+02  1.35065E-14
7.94328E+02  1.17222E-14
8.31763E+02  1.01741E-14
8.70963E+02  8.82479E-15
9.12011E+02  7.66087E-15
9.54993E+02  6.64531E-15
1.00000E+03  5.76288E-15
1.04713E+03  4.99821E-15
1.09648E+03  4.33385E-15
1.14815E+03  3.75653E-15
1.20226E+03  3.25360E-15
1.25893E+03  2.81856E-15
1.31826E+03  2.44209E-15
1.38038E+03  2.11911E-15
1.44544E+03  1.83425E-15
1.51356E+03  1.59547E-15
1.58489E+03  1.38460E-15
1.65959E+03  1.20505E-15
1.73780E+03  1.05093E-15
1.81970E+03  9.18793E-16
1.90546E+03  8.04126E-16
1.99526E+03  7.06797E-16
2.08930E+03  6.22296E-16
2.18776E+03  5.50352E-16
2.29087E+03  4.89098E-16
2.39883E+03  4.36227E-16
2.51189E+03  3.91308E-16
2.63027E+03  3.52775E-16
2.75423E+03  3.19873E-16
2.88403E+03  2.92001E-16
3.01995E+03  2.68136E-16
3.16228E+03  2.47950E-16
3.31131E+03  2.30815E-16
3.46737E+03  2.16364E-16
3.63078E+03  2.04241E-16
3.80189E+03  1.94086E-16
3.98107E+03  1.85596E-16
4.16869E+03  1.78573E-16
4.36516E+03  1.72827E-16
4.57088E+03  1.68185E-16
4.78630E+03  1.64472E-16
5.01187E+03  1.61620E-16
5.24807E+03  1.59489E-16
5.49541E+03  1.57978E-16
5.75440E+03  1.57029E-16
6.02560E+03  1.56570E-16
6.30957E+03  1.56543E-16
6.60693E+03  1.56904E-16
6.91831E+03  1.57610E-16
7.24436E+03  1.58629E-16
7.58577E+03  1.59930E-16
7.94328E+03  1.61487E-16
8.31763E+03  1.63285E-16
8.70963E+03  1.65302E-16
9.12010E+03  1.67528E-16
9.54993E+03  1.69947E-16
