#column 1 : lambda in microns
#column 2 : snu_eff in Jy / Lsun (in the cosmo of Planck 2013 XXX)
1.00000E+00  9.44056E-27
1.04713E+00  2.95927E-26
1.09648E+00  9.27881E-26
1.14815E+00  2.91018E-25
1.20226E+00  9.12987E-25
1.25893E+00  2.86501E-24
1.31826E+00  8.99292E-24
1.38038E+00  2.82350E-23
1.44544E+00  8.86721E-23
1.51356E+00  2.78544E-22
1.58489E+00  8.75206E-22
1.65959E+00  2.75064E-21
1.73780E+00  8.64696E-21
1.81970E+00  2.71893E-20
1.90546E+00  8.55138E-20
1.99526E+00  2.69016E-19
2.08930E+00  8.50608E-19
2.18776E+00  2.26636E-18
2.29087E+00  1.15840E-18
2.39883E+00  1.13613E-18
2.51189E+00  1.76403E-18
2.63027E+00  2.59744E-18
2.75423E+00  2.18982E-18
2.88403E+00  1.90436E-18
3.01995E+00  1.87452E-18
3.16228E+00  1.96441E-18
3.31131E+00  2.11751E-18
3.46737E+00  2.30243E-18
3.63078E+00  2.48025E-18
3.80189E+00  2.53496E-18
3.98107E+00  2.57817E-18
4.16869E+00  3.17590E-18
4.36516E+00  3.66541E-18
4.57088E+00  4.10251E-18
4.78630E+00  4.54534E-18
5.01187E+00  5.02190E-18
5.24807E+00  5.54647E-18
5.49541E+00  6.13821E-18
5.75440E+00  6.86330E-18
6.02560E+00  7.90664E-18
6.30957E+00  1.01938E-17
6.60693E+00  2.56745E-17
6.91831E+00  8.75787E-17
7.24436E+00  1.58755E-17
7.58578E+00  1.32083E-17
7.94328E+00  1.34662E-17
8.31764E+00  1.45528E-17
8.70964E+00  1.61839E-17
9.12011E+00  1.83981E-17
9.54992E+00  2.14700E-17
1.00000E+01  2.61012E-17
1.04713E+01  3.62460E-17
1.09648E+01  7.19461E-17
1.14815E+01  7.88175E-17
1.20226E+01  1.22461E-16
1.25893E+01  3.75951E-16
1.31826E+01  3.66503E-16
1.38038E+01  3.02347E-16
1.44544E+01  3.38397E-16
1.51356E+01  6.60795E-16
1.58489E+01  1.49628E-15
1.65959E+01  9.37485E-16
1.73780E+01  6.40343E-16
1.81970E+01  5.01562E-16
1.90546E+01  2.98777E-16
1.99526E+01  2.80226E-16
2.08930E+01  2.99387E-16
2.18776E+01  3.70735E-16
2.29087E+01  9.47750E-16
2.39883E+01  8.97732E-16
2.51189E+01  9.28221E-16
2.63027E+01  1.16116E-15
2.75423E+01  7.79889E-16
2.88403E+01  6.72127E-16
3.01995E+01  6.52216E-16
3.16228E+01  7.08859E-16
3.31131E+01  8.45826E-16
3.46737E+01  1.12066E-15
3.63078E+01  1.14269E-15
3.80189E+01  1.09747E-15
3.98107E+01  1.15889E-15
4.16869E+01  1.21116E-15
4.36516E+01  1.29576E-15
4.57088E+01  1.40643E-15
4.78630E+01  1.54491E-15
5.01187E+01  1.72620E-15
5.24807E+01  1.95810E-15
5.49541E+01  2.25664E-15
5.75440E+01  2.63918E-15
6.02560E+01  3.11447E-15
6.30957E+01  3.68499E-15
6.60693E+01  4.33344E-15
6.91831E+01  5.04010E-15
7.24436E+01  5.78352E-15
7.58578E+01  6.55085E-15
7.94328E+01  7.34501E-15
8.31764E+01  8.18347E-15
8.70963E+01  9.08716E-15
9.12011E+01  1.00706E-14
9.54992E+01  1.11559E-14
1.00000E+02  1.23442E-14
1.04713E+02  1.36454E-14
1.09648E+02  1.50403E-14
1.14815E+02  1.65278E-14
1.20226E+02  1.80837E-14
1.25893E+02  1.96919E-14
1.31826E+02  2.13120E-14
1.38038E+02  2.29217E-14
1.44544E+02  2.44839E-14
1.51356E+02  2.59685E-14
1.58489E+02  2.73333E-14
1.65959E+02  2.85456E-14
1.73780E+02  2.95870E-14
1.81970E+02  3.04500E-14
1.90546E+02  3.11063E-14
1.99526E+02  3.15496E-14
2.08930E+02  3.17748E-14
2.18776E+02  3.17818E-14
2.29087E+02  3.16163E-14
2.39883E+02  3.13312E-14
2.51189E+02  3.09623E-14
2.63027E+02  3.05918E-14
2.75423E+02  3.02431E-14
2.88403E+02  2.94986E-14
3.01995E+02  2.78220E-14
3.16228E+02  2.58866E-14
3.31131E+02  2.40390E-14
3.46737E+02  2.22891E-14
3.63078E+02  2.06236E-14
3.80189E+02  1.90192E-14
3.98107E+02  1.74558E-14
4.16869E+02  1.59643E-14
4.36516E+02  1.45395E-14
4.57088E+02  1.31790E-14
4.78630E+02  1.19039E-14
5.01187E+02  1.07056E-14
5.24807E+02  9.54187E-15
5.49541E+02  8.43614E-15
5.75440E+02  7.43510E-15
6.02560E+02  6.54364E-15
6.30957E+02  5.74437E-15
6.60693E+02  5.03463E-15
6.91831E+02  4.40254E-15
7.24436E+02  3.84356E-15
7.58577E+02  3.35167E-15
7.94328E+02  2.92011E-15
8.31763E+02  2.54061E-15
8.70963E+02  2.20803E-15
9.12011E+02  1.91848E-15
9.54993E+02  1.66483E-15
1.00000E+03  1.44424E-15
1.04713E+03  1.25171E-15
1.09648E+03  1.08495E-15
1.14815E+03  9.39631E-16
1.20226E+03  8.13911E-16
1.25893E+03  7.04817E-16
1.31826E+03  6.10568E-16
1.38038E+03  5.28847E-16
1.44544E+03  4.58238E-16
1.51356E+03  3.96977E-16
1.58489E+03  3.44111E-16
1.65959E+03  2.98275E-16
1.73780E+03  2.58494E-16
1.81970E+03  2.23991E-16
1.90546E+03  1.94132E-16
1.99526E+03  1.68339E-16
2.08930E+03  1.46084E-16
2.18776E+03  1.27062E-16
2.29087E+03  1.10586E-16
2.39883E+03  9.63066E-17
2.51189E+03  8.40642E-17
2.63027E+03  7.36650E-17
2.75423E+03  6.45867E-17
2.88403E+03  5.69029E-17
3.01995E+03  5.03198E-17
3.16228E+03  4.46974E-17
3.31131E+03  3.98538E-17
3.46737E+03  3.57066E-17
3.63078E+03  3.21899E-17
3.80189E+03  2.92004E-17
3.98107E+03  2.66263E-17
4.16869E+03  2.44577E-17
4.36516E+03  2.26142E-17
4.57088E+03  2.10468E-17
4.78630E+03  1.97280E-17
5.01187E+03  1.86203E-17
5.24807E+03  1.76932E-17
5.49541E+03  1.69235E-17
5.75440E+03  1.62843E-17
6.02560E+03  1.57628E-17
6.30957E+03  1.53385E-17
6.60693E+03  1.50017E-17
6.91831E+03  1.47385E-17
7.24436E+03  1.45413E-17
7.58577E+03  1.44025E-17
7.94328E+03  1.43146E-17
8.31763E+03  1.42702E-17
8.70963E+03  1.42642E-17
9.12010E+03  1.42936E-17
9.54993E+03  1.43532E-17
