#column 1 : lambda in microns
#column 2 : snu_eff in Jy / Lsun (in the cosmo of Planck 2013 XXX)
1.00000E+00  4.20390E-45
1.04713E+00  1.96182E-44
1.09648E+00  6.16571E-44
1.14815E+00  1.89175E-43
1.20226E+00  5.78736E-43
1.25893E+00  1.77264E-42
1.31826E+00  5.41882E-42
1.38038E+00  1.65858E-41
1.44544E+00  5.08573E-41
1.51356E+00  1.56241E-40
1.58489E+00  4.80931E-40
1.65959E+00  1.48313E-39
1.73780E+00  4.58236E-39
1.81970E+00  1.41842E-38
1.90546E+00  4.39855E-38
1.99526E+00  1.36645E-37
2.08930E+00  4.25247E-37
2.18776E+00  1.32567E-36
2.29087E+00  4.13953E-36
2.39883E+00  1.29470E-35
2.51189E+00  4.05571E-35
2.63027E+00  1.27238E-34
2.75423E+00  3.99759E-34
2.88403E+00  1.25770E-33
3.01995E+00  3.96216E-33
3.16228E+00  1.24978E-32
3.31131E+00  3.94689E-32
3.46737E+00  1.24787E-31
3.63078E+00  3.94958E-31
3.80189E+00  1.25133E-30
3.98107E+00  3.96832E-30
4.16869E+00  1.25960E-29
4.36516E+00  4.00149E-29
4.57088E+00  1.27220E-28
4.78630E+00  4.04773E-28
5.01187E+00  1.28874E-27
5.24807E+00  4.10581E-27
5.49541E+00  1.30887E-26
5.75440E+00  4.17478E-26
6.02560E+00  1.33228E-25
6.30957E+00  4.25371E-25
6.60693E+00  1.35874E-24
6.91831E+00  4.34193E-24
7.24436E+00  1.38802E-23
7.58578E+00  4.43883E-23
7.94328E+00  1.41998E-22
8.31764E+00  4.54385E-22
8.70964E+00  1.45443E-21
9.12011E+00  4.65665E-21
9.54992E+00  1.49128E-20
1.00000E+01  5.38165E-20
1.04713E+01  3.03322E-20
1.09648E+01  2.54418E-20
1.14815E+01  3.61726E-20
1.20226E+01  5.95499E-20
1.25893E+01  5.47460E-20
1.31826E+01  4.57096E-20
1.38038E+01  4.37992E-20
1.44544E+01  4.53045E-20
1.51356E+01  4.85800E-20
1.58489E+01  5.27384E-20
1.65959E+01  5.71119E-20
1.73780E+01  5.95410E-20
1.81970E+01  5.81749E-20
1.90546E+01  7.08580E-20
1.99526E+01  8.33291E-20
2.08930E+01  9.37155E-20
2.18776E+01  1.04001E-19
2.29087E+01  1.15063E-19
2.39883E+01  1.27219E-19
2.51189E+01  1.41031E-19
2.63027E+01  1.57431E-19
2.75423E+01  1.79902E-19
2.88403E+01  2.22509E-19
3.01995E+01  4.10261E-19
3.16228E+01  9.49787E-18
3.31131E+01  4.40659E-19
3.46737E+01  3.25721E-19
3.63078E+01  3.26976E-19
3.80189E+01  3.54578E-19
3.98107E+01  3.97659E-19
4.16869E+01  4.56387E-19
4.36516E+01  5.36948E-19
4.57088E+01  6.51968E-19
4.78630E+01  8.56394E-19
5.01187E+01  1.83718E-18
5.24807E+01  1.71502E-18
5.49541E+01  3.44022E-18
5.75440E+01  5.60303E-18
6.02560E+01  1.45646E-17
6.30957E+01  7.32450E-18
6.60693E+01  8.10253E-18
6.91831E+01  1.36663E-17
7.24436E+01  3.67521E-17
7.58578E+01  3.10871E-17
7.94328E+01  1.61057E-17
8.31764E+01  1.76711E-17
8.70963E+01  8.67303E-18
9.12011E+01  7.92945E-18
9.54992E+01  8.34904E-18
1.00000E+02  9.81500E-18
1.04713E+02  1.66212E-17
1.09648E+02  3.18152E-17
1.14815E+02  2.66050E-17
1.20226E+02  3.43054E-17
1.25893E+02  2.12389E-17
1.31826E+02  2.00053E-17
1.38038E+02  1.96516E-17
1.44544E+02  2.10844E-17
1.51356E+02  2.48961E-17
1.58489E+02  3.42185E-17
1.65959E+02  3.90878E-17
1.73780E+02  3.58135E-17
1.81970E+02  3.91721E-17
1.90546E+02  4.07600E-17
1.99526E+02  4.41122E-17
2.08930E+02  4.84337E-17
2.18776E+02  5.39036E-17
2.29087E+02  6.12823E-17
2.39883E+02  7.11291E-17
2.51189E+02  8.44047E-17
2.63027E+02  1.02474E-16
2.75423E+02  1.26550E-16
2.88403E+02  1.57651E-16
3.01995E+02  1.95300E-16
3.16228E+02  2.37716E-16
3.31131E+02  2.82546E-16
3.46737E+02  3.27003E-16
3.63078E+02  3.69723E-16
3.80189E+02  4.10397E-16
3.98107E+02  4.49275E-16
4.16869E+02  4.86929E-16
4.36516E+02  5.24344E-16
4.57088E+02  5.61201E-16
4.78630E+02  5.97565E-16
5.01187E+02  6.33011E-16
5.24807E+02  6.67088E-16
5.49541E+02  6.97998E-16
5.75440E+02  7.25637E-16
6.02560E+02  7.51481E-16
6.30957E+02  7.70454E-16
6.60693E+02  7.85462E-16
6.91831E+02  7.95653E-16
7.24436E+02  7.98392E-16
7.58577E+02  7.94681E-16
7.94328E+02  7.87302E-16
8.31763E+02  7.73551E-16
8.70963E+02  7.56309E-16
9.12011E+02  7.32767E-16
9.54993E+02  7.07210E-16
1.00000E+03  6.78076E-16
1.04713E+03  6.46140E-16
1.09648E+03  6.13954E-16
1.14815E+03  5.82383E-16
1.20226E+03  5.51543E-16
1.25893E+03  5.23842E-16
1.31826E+03  4.93600E-16
1.38038E+03  4.53303E-16
1.44544E+03  4.08953E-16
1.51356E+03  3.68546E-16
1.58489E+03  3.32019E-16
1.65959E+03  2.98354E-16
1.73780E+03  2.67619E-16
1.81970E+03  2.39062E-16
1.90546E+03  2.13266E-16
1.99526E+03  1.89533E-16
2.08930E+03  1.68059E-16
2.18776E+03  1.48561E-16
2.29087E+03  1.30855E-16
2.39883E+03  1.14472E-16
2.51189E+03  9.92515E-17
2.63027E+03  8.59053E-17
2.75423E+03  7.43191E-17
2.88403E+03  6.42286E-17
3.01995E+03  5.53884E-17
3.16228E+03  4.77226E-17
3.31131E+03  4.10589E-17
3.46737E+03  3.53959E-17
3.63078E+03  3.04596E-17
3.80189E+03  2.61882E-17
3.98107E+03  2.25326E-17
4.16869E+03  1.93775E-17
4.36516E+03  1.66660E-17
4.57088E+03  1.43383E-17
4.78630E+03  1.23283E-17
5.01187E+03  1.06096E-17
5.24807E+03  9.13182E-18
5.49541E+03  7.86930E-18
5.75440E+03  6.78604E-18
6.02560E+03  5.85756E-18
6.30957E+03  5.05952E-18
6.60693E+03  4.37836E-18
6.91831E+03  3.79618E-18
7.24436E+03  3.29168E-18
7.58577E+03  2.85887E-18
7.94328E+03  2.48894E-18
8.31763E+03  2.16971E-18
8.70963E+03  1.89454E-18
9.12010E+03  1.65905E-18
9.54993E+03  1.45814E-18
