#column 1 : lambda in microns
#column 2 : snu_eff in Jy / Lsun (in the cosmo of Planck 2013 XXX)
1.00000E+00  5.32148E-19
1.04713E+00  1.66181E-18
1.09648E+00  5.18993E-18
1.14815E+00  1.62098E-17
1.20226E+00  5.35476E-17
1.25893E+00  8.50880E-17
1.31826E+00  4.90035E-17
1.38038E+00  5.53012E-17
1.44544E+00  9.10230E-17
1.51356E+00  1.15040E-16
1.58489E+00  9.38534E-17
1.65959E+00  8.47060E-17
1.73780E+00  8.51712E-17
1.81970E+00  9.01297E-17
1.90546E+00  9.75493E-17
1.99526E+00  1.06003E-16
2.08930E+00  1.13412E-16
2.18776E+00  1.13166E-16
2.29087E+00  1.22519E-16
2.39883E+00  1.49299E-16
2.51189E+00  1.70185E-16
2.63027E+00  1.89728E-16
2.75423E+00  2.09857E-16
2.88403E+00  2.31735E-16
3.01995E+00  2.55763E-16
3.16228E+00  2.83369E-16
3.31131E+00  3.18083E-16
3.46737E+00  3.71422E-16
3.63078E+00  5.11899E-16
3.80189E+00  2.35878E-15
3.98107E+00  1.67371E-15
4.16869E+00  6.48107E-16
4.36516E+00  5.82644E-16
4.57088E+00  6.02933E-16
4.78630E+00  6.53214E-16
5.01187E+00  7.25909E-16
5.24807E+00  8.24947E-16
5.49541E+00  9.63981E-16
5.75440E+00  1.18843E-15
6.02560E+00  1.83090E-15
6.30957E+00  2.71626E-15
6.60693E+00  4.55682E-15
6.91831E+00  5.60903E-15
7.24436E+00  3.07873E-14
7.58578E+00  1.25894E-14
7.94328E+00  1.33405E-14
8.31764E+00  1.65153E-14
8.70964E+00  3.71205E-14
9.12011E+00  6.43404E-14
9.54992E+00  3.23750E-14
1.00000E+01  3.16495E-14
1.04713E+01  1.70465E-14
1.09648E+01  1.20388E-14
1.14815E+01  1.16164E-14
1.20226E+01  1.27216E-14
1.25893E+01  1.70984E-14
1.31826E+01  7.81154E-14
1.38038E+01  3.58240E-14
1.44544E+01  3.94247E-14
1.51356E+01  3.89018E-14
1.58489E+01  3.33609E-14
1.65959E+01  2.84386E-14
1.73780E+01  2.64965E-14
1.81970E+01  2.91743E-14
1.90546E+01  3.70110E-14
1.99526E+01  4.67568E-14
2.08930E+01  4.36443E-14
2.18776E+01  4.25583E-14
2.29087E+01  4.37744E-14
2.39883E+01  4.56563E-14
2.51189E+01  4.85298E-14
2.63027E+01  5.22770E-14
2.75423E+01  5.70800E-14
2.88403E+01  6.32921E-14
3.01995E+01  7.11850E-14
3.16228E+01  8.12608E-14
3.31131E+01  9.38378E-14
3.46737E+01  1.08888E-13
3.63078E+01  1.26304E-13
3.80189E+01  1.45450E-13
3.98107E+01  1.65635E-13
4.16869E+01  1.86579E-13
4.36516E+01  2.08486E-13
4.57088E+01  2.31817E-13
4.78630E+01  2.57335E-13
5.01187E+01  2.86156E-13
5.24807E+01  3.18866E-13
5.49541E+01  3.56181E-13
5.75440E+01  3.98835E-13
6.02560E+01  4.46935E-13
6.30957E+01  5.00446E-13
6.60693E+01  5.59397E-13
6.91831E+01  6.23386E-13
7.24436E+01  6.91761E-13
7.58578E+01  7.63484E-13
7.94328E+01  8.37723E-13
8.31764E+01  9.12811E-13
8.70963E+01  9.88154E-13
9.12011E+01  1.06104E-12
9.54992E+01  1.13035E-12
1.00000E+02  1.19533E-12
1.04713E+02  1.25435E-12
1.09648E+02  1.30617E-12
1.14815E+02  1.35008E-12
1.20226E+02  1.38508E-12
1.25893E+02  1.41117E-12
1.31826E+02  1.42970E-12
1.38038E+02  1.44326E-12
1.44544E+02  1.45260E-12
1.51356E+02  1.46286E-12
1.58489E+02  1.47137E-12
1.65959E+02  1.44795E-12
1.73780E+02  1.37825E-12
1.81970E+02  1.29955E-12
1.90546E+02  1.22324E-12
1.99526E+02  1.14921E-12
2.08930E+02  1.07614E-12
2.18776E+02  1.00429E-12
2.29087E+02  9.32211E-13
2.39883E+02  8.61148E-13
2.51189E+02  7.92103E-13
2.63027E+02  7.25019E-13
2.75423E+02  6.60900E-13
2.88403E+02  5.98929E-13
3.01995E+02  5.37523E-13
3.16228E+02  4.78594E-13
3.31131E+02  4.25176E-13
3.46737E+02  3.77087E-13
3.63078E+02  3.33345E-13
3.80189E+02  2.93940E-13
3.98107E+02  2.58701E-13
4.16869E+02  2.27275E-13
4.36516E+02  1.99266E-13
4.57088E+02  1.74421E-13
4.78630E+02  1.52528E-13
5.01187E+02  1.33138E-13
5.24807E+02  1.16144E-13
5.49541E+02  1.01247E-13
5.75440E+02  8.81168E-14
6.02560E+02  7.66803E-14
6.30957E+02  6.66470E-14
6.60693E+02  5.79244E-14
6.91831E+02  5.02944E-14
7.24436E+02  4.36712E-14
7.58577E+02  3.79080E-14
7.94328E+02  3.29151E-14
8.31763E+02  2.85634E-14
8.70963E+02  2.47775E-14
9.12011E+02  2.14996E-14
9.54993E+02  1.86455E-14
1.00000E+03  1.61614E-14
1.04713E+03  1.40039E-14
1.09648E+03  1.21311E-14
1.14815E+03  1.05037E-14
1.20226E+03  9.10999E-15
1.25893E+03  7.89212E-15
1.31826E+03  6.84741E-15
1.38038E+03  5.93926E-15
1.44544E+03  5.17281E-15
1.51356E+03  4.49754E-15
1.58489E+03  3.92526E-15
1.65959E+03  3.43029E-15
1.73780E+03  3.00556E-15
1.81970E+03  2.64306E-15
1.90546E+03  2.32891E-15
1.99526E+03  2.06175E-15
2.08930E+03  1.83254E-15
2.18776E+03  1.63834E-15
2.29087E+03  1.47000E-15
2.39883E+03  1.32646E-15
2.51189E+03  1.20458E-15
2.63027E+03  1.10030E-15
2.75423E+03  1.01185E-15
2.88403E+03  9.36783E-16
3.01995E+03  8.73495E-16
3.16228E+03  8.19904E-16
3.31131E+03  7.74761E-16
3.46737E+03  7.37314E-16
3.63078E+03  7.05876E-16
3.80189E+03  6.79855E-16
3.98107E+03  6.58636E-16
4.16869E+03  6.41597E-16
4.36516E+03  6.28036E-16
4.57088E+03  6.17640E-16
4.78630E+03  6.09964E-16
5.01187E+03  6.04583E-16
5.24807E+03  6.01332E-16
5.49541E+03  5.99957E-16
5.75440E+03  6.00154E-16
6.02560E+03  6.01842E-16
6.30957E+03  6.04823E-16
6.60693E+03  6.08984E-16
6.91831E+03  6.14212E-16
7.24436E+03  6.20422E-16
7.58577E+03  6.27536E-16
7.94328E+03  6.35494E-16
8.31763E+03  6.44237E-16
8.70963E+03  6.53723E-16
9.12010E+03  6.63923E-16
9.54993E+03  6.74806E-16
