#column 1 : lambda in microns
#column 2 : snu_eff in Jy / Lsun (in the cosmo of Planck 2013 XXX)
1.00000E+00  2.14185E-18
1.04713E+00  6.68908E-18
1.09648E+00  2.08917E-17
1.14815E+00  6.55763E-17
1.20226E+00  1.74118E-16
1.25893E+00  8.92998E-17
1.31826E+00  8.76779E-17
1.38038E+00  1.35877E-16
1.44544E+00  1.99860E-16
1.51356E+00  1.68749E-16
1.58489E+00  1.46946E-16
1.65959E+00  1.44786E-16
1.73780E+00  1.51767E-16
1.81970E+00  1.63638E-16
1.90546E+00  1.77926E-16
1.99526E+00  1.91680E-16
2.08930E+00  1.95990E-16
2.18776E+00  1.99439E-16
2.29087E+00  2.45386E-16
2.39883E+00  2.83032E-16
2.51189E+00  3.16651E-16
2.63027E+00  3.50696E-16
2.75423E+00  3.87257E-16
2.88403E+00  4.27486E-16
3.01995E+00  4.72743E-16
3.16228E+00  5.28074E-16
3.31131E+00  6.07548E-16
3.46737E+00  7.81848E-16
3.63078E+00  1.96468E-15
3.80189E+00  6.69619E-15
3.98107E+00  1.21085E-15
4.16869E+00  1.00297E-15
4.36516E+00  1.01722E-15
4.57088E+00  1.09266E-15
4.78630E+00  1.20698E-15
5.01187E+00  1.36275E-15
5.24807E+00  1.57946E-15
5.49541E+00  1.91042E-15
5.75440E+00  2.65494E-15
6.02560E+00  5.33370E-15
6.30957E+00  5.81298E-15
6.60693E+00  9.07190E-15
6.91831E+00  2.81948E-14
7.24436E+00  2.73879E-14
7.58578E+00  2.24460E-14
7.94328E+00  2.50541E-14
8.31764E+00  4.91757E-14
8.70964E+00  1.11696E-13
9.12011E+00  6.95770E-14
9.54992E+00  4.72221E-14
1.00000E+01  3.66663E-14
1.04713E+01  2.13201E-14
1.09648E+01  1.97284E-14
1.14815E+01  2.09517E-14
1.20226E+01  2.60852E-14
1.25893E+01  6.91471E-14
1.31826E+01  6.50996E-14
1.38038E+01  6.70509E-14
1.44544E+01  8.40062E-14
1.51356E+01  5.52088E-14
1.58489E+01  4.68015E-14
1.65959E+01  4.47515E-14
1.73780E+01  4.81211E-14
1.81970E+01  5.70782E-14
1.90546E+01  7.56424E-14
1.99526E+01  7.57612E-14
2.08930E+01  7.10781E-14
2.18776E+01  7.40375E-14
2.29087E+01  7.64179E-14
2.39883E+01  8.08645E-14
2.51189E+01  8.68138E-14
2.63027E+01  9.43036E-14
2.75423E+01  1.04129E-13
2.88403E+01  1.16630E-13
3.01995E+01  1.32520E-13
3.16228E+01  1.52510E-13
3.31131E+01  1.76755E-13
3.46737E+01  2.05076E-13
3.63078E+01  2.36405E-13
3.80189E+01  2.69787E-13
3.98107E+01  3.04575E-13
4.16869E+01  3.40716E-13
4.36516E+01  3.78886E-13
4.57088E+01  4.20588E-13
4.78630E+01  4.67404E-13
5.01187E+01  5.20486E-13
5.24807E+01  5.81512E-13
5.49541E+01  6.51053E-13
5.75440E+01  7.30232E-13
6.02560E+01  8.18545E-13
6.30957E+01  9.16493E-13
6.60693E+01  1.02313E-12
6.91831E+01  1.13815E-12
7.24436E+01  1.25927E-12
7.58578E+01  1.38536E-12
7.94328E+01  1.51424E-12
8.31764E+01  1.64359E-12
8.70963E+01  1.77050E-12
9.12011E+01  1.89213E-12
9.54992E+01  2.00654E-12
1.00000E+02  2.11211E-12
1.04713E+02  2.20614E-12
1.09648E+02  2.28704E-12
1.14815E+02  2.35330E-12
1.20226E+02  2.40324E-12
1.25893E+02  2.44007E-12
1.31826E+02  2.46778E-12
1.38038E+02  2.48759E-12
1.44544E+02  2.50621E-12
1.51356E+02  2.52627E-12
1.58489E+02  2.50905E-12
1.65959E+02  2.40527E-12
1.73780E+02  2.27188E-12
1.81970E+02  2.14102E-12
1.90546E+02  2.01350E-12
1.99526E+02  1.88883E-12
2.08930E+02  1.76509E-12
2.18776E+02  1.64089E-12
2.29087E+02  1.51894E-12
2.39883E+02  1.39963E-12
2.51189E+02  1.28298E-12
2.63027E+02  1.17115E-12
2.75423E+02  1.06391E-12
2.88403E+02  9.57557E-13
3.01995E+02  8.54367E-13
3.16228E+02  7.59786E-13
3.31131E+02  6.74255E-13
3.46737E+02  5.96535E-13
3.63078E+02  5.26716E-13
3.80189E+02  4.63812E-13
3.98107E+02  4.07560E-13
4.16869E+02  3.57637E-13
4.36516E+02  3.13383E-13
4.57088E+02  2.74160E-13
4.78630E+02  2.39478E-13
5.01187E+02  2.09052E-13
5.24807E+02  1.82248E-13
5.49541E+02  1.58727E-13
5.75440E+02  1.38110E-13
6.02560E+02  1.20150E-13
6.30957E+02  1.04408E-13
6.60693E+02  9.06767E-14
6.91831E+02  7.87586E-14
7.24436E+02  6.83799E-14
7.58577E+02  5.93583E-14
7.94328E+02  5.15232E-14
8.31763E+02  4.47025E-14
8.70963E+02  3.87941E-14
9.12011E+02  3.36518E-14
9.54993E+02  2.91723E-14
1.00000E+03  2.52754E-14
1.04713E+03  2.18944E-14
1.09648E+03  1.89638E-14
1.14815E+03  1.64255E-14
1.20226E+03  1.42512E-14
1.25893E+03  1.23641E-14
1.31826E+03  1.07226E-14
1.38038E+03  9.31253E-15
1.44544E+03  8.11014E-15
1.51356E+03  7.05974E-15
1.58489E+03  6.16736E-15
1.65959E+03  5.40078E-15
1.73780E+03  4.74401E-15
1.81970E+03  4.17657E-15
1.90546E+03  3.68921E-15
1.99526E+03  3.27441E-15
2.08930E+03  2.92040E-15
2.18776E+03  2.61437E-15
2.29087E+03  2.35509E-15
2.39883E+03  2.13325E-15
2.51189E+03  1.94375E-15
2.63027E+03  1.78241E-15
2.75423E+03  1.64624E-15
2.88403E+03  1.53031E-15
3.01995E+03  1.43300E-15
3.16228E+03  1.35057E-15
3.31131E+03  1.28169E-15
3.46737E+03  1.22399E-15
3.63078E+03  1.17627E-15
3.80189E+03  1.13693E-15
3.98107E+03  1.10506E-15
4.16869E+03  1.07974E-15
4.36516E+03  1.06009E-15
4.57088E+03  1.04528E-15
4.78630E+03  1.03463E-15
5.01187E+03  1.02781E-15
5.24807E+03  1.02421E-15
5.49541E+03  1.02359E-15
5.75440E+03  1.02553E-15
6.02560E+03  1.02981E-15
6.30957E+03  1.03614E-15
6.60693E+03  1.04441E-15
6.91831E+03  1.05439E-15
7.24436E+03  1.06598E-15
7.58577E+03  1.07903E-15
7.94328E+03  1.09348E-15
8.31763E+03  1.10921E-15
8.70963E+03  1.12619E-15
9.12010E+03  1.14434E-15
9.54993E+03  1.16365E-15
