#column 1 : lambda in microns
#column 2 : snu_eff in Jy / Lsun (in the cosmo of Planck 2013 XXX)
1.00000E+00  1.76954E-17
1.04713E+00  5.52460E-17
1.09648E+00  1.73341E-16
1.14815E+00  4.60168E-16
1.20226E+00  2.36048E-16
1.25893E+00  2.31775E-16
1.31826E+00  3.59147E-16
1.38038E+00  5.28237E-16
1.44544E+00  4.46046E-16
1.51356E+00  3.88440E-16
1.58489E+00  3.82751E-16
1.65959E+00  4.01206E-16
1.73780E+00  4.32595E-16
1.81970E+00  4.70362E-16
1.90546E+00  5.06722E-16
1.99526E+00  5.18124E-16
2.08930E+00  5.27257E-16
2.18776E+00  6.48681E-16
2.29087E+00  7.48169E-16
2.39883E+00  8.37019E-16
2.51189E+00  9.26986E-16
2.63027E+00  1.02360E-15
2.75423E+00  1.12990E-15
2.88403E+00  1.24948E-15
3.01995E+00  1.39565E-15
3.16228E+00  1.60558E-15
3.31131E+00  2.06603E-15
3.46737E+00  5.19096E-15
3.63078E+00  1.76912E-14
3.80189E+00  3.19889E-15
3.98107E+00  2.64927E-15
4.16869E+00  2.68636E-15
4.36516E+00  2.88489E-15
4.57088E+00  3.18588E-15
4.78630E+00  3.59611E-15
5.01187E+00  4.16679E-15
5.24807E+00  5.03882E-15
5.49541E+00  7.00259E-15
5.75440E+00  1.40744E-14
6.02560E+00  1.53362E-14
6.30957E+00  2.39380E-14
6.60693E+00  7.44335E-14
6.91831E+00  7.22931E-14
7.24436E+00  5.92343E-14
7.58578E+00  6.61101E-14
7.94328E+00  1.29790E-13
8.31764E+00  2.94839E-13
8.70964E+00  1.83623E-13
9.12011E+00  1.24599E-13
9.54992E+00  9.67167E-14
1.00000E+01  5.61862E-14
1.04713E+01  5.19632E-14
1.09648E+01  5.51711E-14
1.14815E+01  6.87033E-14
1.20226E+01  1.82394E-13
1.25893E+01  1.71684E-13
1.31826E+01  1.76810E-13
1.38038E+01  2.21546E-13
1.44544E+01  1.45473E-13
1.51356E+01  1.23240E-13
1.58489E+01  1.17771E-13
1.65959E+01  1.26585E-13
1.73780E+01  1.50116E-13
1.81970E+01  1.98960E-13
1.90546E+01  1.99113E-13
1.99526E+01  1.86600E-13
2.08930E+01  1.94253E-13
2.18776E+01  2.00387E-13
2.29087E+01  2.11947E-13
2.39883E+01  2.27431E-13
2.51189E+01  2.46934E-13
2.63027E+01  2.72519E-13
2.75423E+01  3.05066E-13
2.88403E+01  3.46412E-13
3.01995E+01  3.98385E-13
3.16228E+01  4.61348E-13
3.31131E+01  5.34801E-13
3.46737E+01  6.15939E-13
3.63078E+01  7.02311E-13
3.80189E+01  7.92282E-13
3.98107E+01  8.85813E-13
4.16869E+01  9.84725E-13
4.36516E+01  1.09302E-12
4.57088E+01  1.21488E-12
4.78630E+01  1.35337E-12
5.01187E+01  1.51293E-12
5.24807E+01  1.69513E-12
5.49541E+01  1.90302E-12
5.75440E+01  2.13536E-12
6.02560E+01  2.39355E-12
6.30957E+01  2.67524E-12
6.60693E+01  2.97969E-12
6.91831E+01  3.30096E-12
7.24436E+01  3.63619E-12
7.58578E+01  3.97965E-12
7.94328E+01  4.32518E-12
8.31764E+01  4.66514E-12
8.70963E+01  4.99200E-12
9.12011E+01  5.30050E-12
9.54992E+01  5.58622E-12
1.00000E+02  5.84194E-12
1.04713E+02  6.06332E-12
1.09648E+02  6.24621E-12
1.14815E+02  6.38583E-12
1.20226E+02  6.49076E-12
1.25893E+02  6.57160E-12
1.31826E+02  6.63126E-12
1.38038E+02  6.68778E-12
1.44544E+02  6.74811E-12
1.51356E+02  6.70845E-12
1.58489E+02  6.43664E-12
1.65959E+02  6.08463E-12
1.73780E+02  5.73869E-12
1.81970E+02  5.40094E-12
1.90546E+02  5.07022E-12
1.99526E+02  4.74138E-12
2.08930E+02  4.41073E-12
2.18776E+02  4.08550E-12
2.29087E+02  3.76691E-12
2.39883E+02  3.45501E-12
2.51189E+02  3.15559E-12
2.63027E+02  2.86813E-12
2.75423E+02  2.58276E-12
2.88403E+02  2.30552E-12
3.01995E+02  2.05128E-12
3.16228E+02  1.82116E-12
3.31131E+02  1.61190E-12
3.46737E+02  1.42380E-12
3.63078E+02  1.25422E-12
3.80189E+02  1.10248E-12
3.98107E+02  9.67756E-13
4.16869E+02  8.48260E-13
4.36516E+02  7.42307E-13
4.57088E+02  6.48577E-13
4.78630E+02  5.66311E-13
5.01187E+02  4.93823E-13
5.24807E+02  4.30175E-13
5.49541E+02  3.74377E-13
5.75440E+02  3.25758E-13
6.02560E+02  2.83129E-13
6.30957E+02  2.45924E-13
6.60693E+02  2.13639E-13
6.91831E+02  1.85506E-13
7.24436E+02  1.61052E-13
7.58577E+02  1.39807E-13
7.94328E+02  1.21310E-13
8.31763E+02  1.05284E-13
8.70963E+02  9.13330E-14
9.12011E+02  7.91775E-14
9.54993E+02  6.86022E-14
1.00000E+03  5.94252E-14
1.04713E+03  5.14697E-14
1.09648E+03  4.45770E-14
1.14815E+03  3.86729E-14
1.20226E+03  3.35478E-14
1.25893E+03  2.90893E-14
1.31826E+03  2.52586E-14
1.38038E+03  2.19914E-14
1.44544E+03  1.91375E-14
1.51356E+03  1.67123E-14
1.58489E+03  1.46288E-14
1.65959E+03  1.28434E-14
1.73780E+03  1.13008E-14
1.81970E+03  9.97568E-15
1.90546E+03  8.84764E-15
1.99526E+03  7.88477E-15
2.08930E+03  7.05233E-15
2.18776E+03  6.34687E-15
2.29087E+03  5.74310E-15
2.39883E+03  5.22736E-15
2.51189E+03  4.78801E-15
2.63027E+03  4.41722E-15
2.75423E+03  4.10130E-15
2.88403E+03  3.83604E-15
3.01995E+03  3.61123E-15
3.16228E+03  3.42321E-15
3.31131E+03  3.26559E-15
3.46737E+03  3.13506E-15
3.63078E+03  3.02728E-15
3.80189E+03  2.93977E-15
3.98107E+03  2.87005E-15
4.16869E+03  2.81573E-15
4.36516E+03  2.77449E-15
4.57088E+03  2.74455E-15
4.78630E+03  2.72496E-15
5.01187E+03  2.71411E-15
5.24807E+03  2.71131E-15
5.49541E+03  2.71545E-15
5.75440E+03  2.72586E-15
6.02560E+03  2.74184E-15
6.30957E+03  2.76303E-15
6.60693E+03  2.78882E-15
6.91831E+03  2.81893E-15
7.24436E+03  2.85300E-15
7.58577E+03  2.89078E-15
7.94328E+03  2.93201E-15
8.31763E+03  2.97657E-15
8.70963E+03  3.02429E-15
9.12010E+03  3.07508E-15
9.54993E+03  3.12883E-15
