#column 1 : lambda in microns
#column 2 : snu_eff in Jy / Lsun (in the cosmo of Planck 2013 XXX)
1.00000E+00  1.40130E-45
1.04713E+00  5.60519E-45
1.09648E+00  2.52234E-44
1.14815E+00  7.56701E-44
1.20226E+00  2.39622E-43
1.25893E+00  7.25873E-43
1.31826E+00  2.22106E-42
1.38038E+00  6.80050E-42
1.44544E+00  2.08163E-41
1.51356E+00  6.38698E-41
1.58489E+00  1.96315E-40
1.65959E+00  6.04548E-40
1.73780E+00  1.86518E-39
1.81970E+00  5.76529E-39
1.90546E+00  1.78535E-38
1.99526E+00  5.53874E-38
2.08930E+00  1.72137E-37
2.18776E+00  5.35919E-37
2.29087E+00  1.67133E-36
2.39883E+00  5.22090E-36
2.51189E+00  1.63351E-35
2.63027E+00  5.11885E-35
2.75423E+00  1.60647E-34
2.88403E+00  5.04882E-34
3.01995E+00  1.58893E-33
3.16228E+00  5.00708E-33
3.31131E+00  1.57981E-32
3.46737E+00  4.99044E-32
3.63078E+00  1.57820E-31
3.80189E+00  4.99620E-31
3.98107E+00  1.58327E-30
4.16869E+00  5.02200E-30
4.36516E+00  1.59434E-29
4.57088E+00  5.06577E-29
4.78630E+00  1.61083E-28
5.01187E+00  5.12589E-28
5.24807E+00  1.63223E-27
5.49541E+00  5.20080E-27
5.75440E+00  1.65811E-26
6.02560E+00  5.28927E-26
6.30957E+00  1.68810E-25
6.60693E+00  5.39026E-25
6.91831E+00  1.72190E-24
7.24436E+00  5.50282E-24
7.58578E+00  1.75925E-23
7.94328E+00  5.62628E-23
8.31764E+00  1.79992E-22
8.70964E+00  5.75992E-22
9.12011E+00  1.84374E-21
9.54992E+00  5.90330E-21
1.00000E+01  1.89969E-20
1.04713E+01  5.10491E-20
1.09648E+01  2.58729E-20
1.14815E+01  2.52967E-20
1.20226E+01  3.94805E-20
1.25893E+01  5.82925E-20
1.31826E+01  4.89819E-20
1.38038E+01  4.24236E-20
1.44544E+01  4.16491E-20
1.51356E+01  4.36005E-20
1.58489E+01  4.69821E-20
1.65959E+01  5.10541E-20
1.73780E+01  5.49604E-20
1.81970E+01  5.61293E-20
1.90546E+01  5.69595E-20
1.99526E+01  7.04439E-20
2.08930E+01  8.13747E-20
2.18776E+01  9.12301E-20
2.29087E+01  1.01170E-19
2.39883E+01  1.11821E-19
2.51189E+01  1.23636E-19
2.63027E+01  1.37257E-19
2.75423E+01  1.53689E-19
2.88403E+01  1.77645E-19
3.01995E+01  2.30134E-19
3.16228E+01  5.83115E-19
3.31131E+01  1.99447E-18
3.46737E+01  3.63308E-19
3.63078E+01  3.05157E-19
3.80189E+01  3.14794E-19
3.98107E+01  3.44947E-19
4.16869E+01  3.89404E-19
4.36516E+01  4.49404E-19
4.57088E+01  5.32039E-19
4.78630E+01  6.53819E-19
5.01187E+01  9.06718E-19
5.24807E+01  1.75466E-18
5.49541E+01  1.94425E-18
5.75440E+01  2.99228E-18
6.02560E+01  8.94614E-18
6.30957E+01  8.78814E-18
6.60693E+01  7.34830E-18
6.91831E+01  8.27018E-18
7.24436E+01  1.59837E-17
7.58578E+01  3.59736E-17
7.94328E+01  2.28246E-17
8.31764E+01  1.58091E-17
8.70963E+01  1.26059E-17
9.12011E+01  7.85193E-18
9.54992E+01  7.54281E-18
1.00000E+02  8.15335E-18
1.04713E+02  1.00114E-17
1.09648E+02  2.39635E-17
1.14815E+02  2.30123E-17
1.20226E+02  2.40144E-17
1.25893E+02  3.00185E-17
1.31826E+02  2.10314E-17
1.38038E+02  1.87082E-17
1.44544E+02  1.86364E-17
1.51356E+02  2.06281E-17
1.58489E+02  2.48971E-17
1.65959E+02  3.30641E-17
1.73780E+02  3.46168E-17
1.81970E+02  3.43477E-17
1.90546E+02  3.69927E-17
1.99526E+02  3.93053E-17
2.08930E+02  4.27074E-17
2.18776E+02  4.71061E-17
2.29087E+02  5.27125E-17
2.39883E+02  6.01932E-17
2.51189E+02  7.01915E-17
2.63027E+02  8.37440E-17
2.75423E+02  1.02159E-16
2.88403E+02  1.26578E-16
3.01995E+02  1.57692E-16
3.16228E+02  1.94498E-16
3.31131E+02  2.35597E-16
3.46737E+02  2.78342E-16
3.63078E+02  3.20077E-16
3.80189E+02  3.60181E-16
3.98107E+02  3.98253E-16
4.16869E+02  4.34739E-16
4.36516E+02  4.70255E-16
4.57088E+02  5.05498E-16
4.78630E+02  5.40401E-16
5.01187E+02  5.74843E-16
5.24807E+02  6.08131E-16
5.49541E+02  6.38981E-16
5.75440E+02  6.68139E-16
6.02560E+02  6.95013E-16
6.30957E+02  7.16738E-16
6.60693E+02  7.34172E-16
6.91831E+02  7.46114E-16
7.24436E+02  7.54102E-16
7.58577E+02  7.55871E-16
7.94328E+02  7.53135E-16
8.31763E+02  7.43619E-16
8.70963E+02  7.29192E-16
9.12011E+02  7.11017E-16
9.54993E+02  6.89309E-16
1.00000E+03  6.63131E-16
1.04713E+03  6.35372E-16
1.09648E+03  6.05120E-16
1.14815E+03  5.75020E-16
1.20226E+03  5.44507E-16
1.25893E+03  5.16372E-16
1.31826E+03  4.90098E-16
1.38038E+03  4.59983E-16
1.44544E+03  4.18971E-16
1.51356E+03  3.77872E-16
1.58489E+03  3.40287E-16
1.65959E+03  3.06141E-16
1.73780E+03  2.75121E-16
1.81970E+03  2.46722E-16
1.90546E+03  2.20322E-16
1.99526E+03  1.96375E-16
2.08930E+03  1.74475E-16
2.18776E+03  1.54398E-16
2.29087E+03  1.36359E-16
2.39883E+03  1.20017E-16
2.51189E+03  1.04766E-16
2.63027E+03  9.07884E-17
2.75423E+03  7.85755E-17
2.88403E+03  6.79267E-17
3.01995E+03  5.85825E-17
3.16228E+03  5.05779E-17
3.31131E+03  4.35852E-17
3.46737E+03  3.75260E-17
3.63078E+03  3.22946E-17
3.80189E+03  2.77984E-17
3.98107E+03  2.39080E-17
4.16869E+03  2.05557E-17
4.36516E+03  1.76827E-17
4.57088E+03  1.52043E-17
4.78630E+03  1.30852E-17
5.01187E+03  1.12558E-17
5.24807E+03  9.68840E-18
5.49541E+03  8.34124E-18
5.75440E+03  7.18960E-18
6.02560E+03  6.20416E-18
6.30957E+03  5.34787E-18
6.60693E+03  4.62553E-18
6.91831E+03  4.00350E-18
7.24436E+03  3.46902E-18
7.58577E+03  3.01109E-18
7.94328E+03  2.61696E-18
8.31763E+03  2.27871E-18
8.70963E+03  1.98699E-18
9.12010E+03  1.73678E-18
9.54993E+03  1.52208E-18
