#column 1 : lambda in microns
#column 2 : snu_eff in Jy / Lsun (in the cosmo of Planck 2013 XXX)
1.00000E+00  4.55897E-28
1.04713E+00  1.43278E-27
1.09648E+00  4.50435E-27
1.14815E+00  1.41653E-26
1.20226E+00  4.45609E-26
1.25893E+00  1.40222E-25
1.31826E+00  4.41372E-25
1.38038E+00  1.38970E-24
1.44544E+00  4.37684E-24
1.51356E+00  1.37886E-23
1.58489E+00  4.34508E-23
1.65959E+00  1.36960E-22
1.73780E+00  4.31819E-22
1.81970E+00  1.36183E-21
1.90546E+00  4.29588E-21
1.99526E+00  1.35547E-20
2.08930E+00  4.27794E-20
2.18776E+00  1.35047E-19
2.29087E+00  4.26420E-19
2.39883E+00  1.52074E-18
2.51189E+00  8.62870E-19
2.63027E+00  7.27104E-19
2.75423E+00  1.03035E-18
2.88403E+00  1.69127E-18
3.01995E+00  1.55699E-18
3.16228E+00  1.30443E-18
3.31131E+00  1.25291E-18
3.46737E+00  1.29781E-18
3.63078E+00  1.39242E-18
3.80189E+00  1.51208E-18
3.98107E+00  1.63688E-18
4.16869E+00  1.70796E-18
4.36516E+00  1.67206E-18
4.57088E+00  2.03505E-18
4.78630E+00  2.38530E-18
5.01187E+00  2.67974E-18
5.24807E+00  2.97445E-18
5.49541E+00  3.28724E-18
5.75440E+00  3.63206E-18
6.02560E+00  4.01880E-18
6.30957E+00  4.47673E-18
6.60693E+00  5.10171E-18
6.91831E+00  6.28382E-18
7.24436E+00  1.15374E-17
7.58578E+00  2.66485E-16
7.94328E+00  1.23104E-17
8.31764E+00  9.01899E-18
8.70964E+00  8.95664E-18
9.12011E+00  9.59153E-18
9.54992E+00  1.06098E-17
1.00000E+01  1.20121E-17
1.04713E+01  1.39264E-17
1.09648E+01  1.67283E-17
1.14815E+01  2.19163E-17
1.20226E+01  4.84478E-17
1.25893E+01  4.42748E-17
1.31826E+01  9.08881E-17
1.38038E+01  1.49204E-16
1.44544E+01  3.92694E-16
1.51356E+01  1.92932E-16
1.58489E+01  2.12274E-16
1.65959E+01  3.60840E-16
1.73780E+01  9.80007E-16
1.81970E+01  8.22975E-16
1.90546E+01  4.18385E-16
1.99526E+01  4.57743E-16
2.08930E+01  2.13800E-16
2.18776E+01  1.90342E-16
2.29087E+01  1.97743E-16
2.39883E+01  2.32991E-16
2.51189E+01  4.11119E-16
2.63027E+01  8.08873E-16
2.75423E+01  6.65203E-16
2.88403E+01  8.59652E-16
3.01995E+01  5.08058E-16
3.16228E+01  4.67549E-16
3.31131E+01  4.48179E-16
3.46737E+01  4.71131E-16
3.63078E+01  5.50073E-16
3.80189E+01  7.57346E-16
3.98107E+01  8.50437E-16
4.16869E+01  7.50552E-16
4.36516E+01  8.06881E-16
4.57088E+01  8.24814E-16
4.78630E+01  8.79946E-16
5.01187E+01  9.52523E-16
5.24807E+01  1.04363E-15
5.49541E+01  1.16371E-15
5.75440E+01  1.31821E-15
6.02560E+01  1.51791E-15
6.30957E+01  1.77480E-15
6.60693E+01  2.09853E-15
6.91831E+01  2.49365E-15
7.24436E+01  2.95390E-15
7.58578E+01  3.46172E-15
7.94328E+01  4.00065E-15
8.31764E+01  4.55773E-15
8.70963E+01  5.13455E-15
9.12011E+01  5.73621E-15
9.54992E+01  6.37437E-15
1.00000E+02  7.06657E-15
1.04713E+02  7.81736E-15
1.09648E+02  8.63953E-15
1.14815E+02  9.52906E-15
1.20226E+02  1.04838E-14
1.25893E+02  1.14938E-14
1.31826E+02  1.25471E-14
1.38038E+02  1.36246E-14
1.44544E+02  1.47107E-14
1.51356E+02  1.57845E-14
1.58489E+02  1.68217E-14
1.65959E+02  1.77940E-14
1.73780E+02  1.86852E-14
1.81970E+02  1.94683E-14
1.90546E+02  2.01254E-14
1.99526E+02  2.06574E-14
2.08930E+02  2.10550E-14
2.18776E+02  2.13008E-14
2.29087E+02  2.14023E-14
2.39883E+02  2.13522E-14
2.51189E+02  2.11765E-14
2.63027E+02  2.09194E-14
2.75423E+02  2.06040E-14
2.88403E+02  2.02725E-14
3.01995E+02  1.99677E-14
3.16228E+02  1.95243E-14
3.31131E+02  1.84855E-14
3.46737E+02  1.71777E-14
3.63078E+02  1.59028E-14
3.80189E+02  1.47175E-14
3.98107E+02  1.35843E-14
4.16869E+02  1.25022E-14
4.36516E+02  1.14517E-14
4.57088E+02  1.04583E-14
4.78630E+02  9.50979E-15
5.01187E+02  8.61587E-15
5.24807E+02  7.77226E-15
5.49541E+02  6.98540E-15
5.75440E+02  6.22915E-15
6.02560E+02  5.49850E-15
6.30957E+02  4.84055E-15
6.60693E+02  4.25478E-15
6.91831E+02  3.73177E-15
7.24436E+02  3.26540E-15
7.58577E+02  2.85308E-15
7.94328E+02  2.48888E-15
8.31763E+02  2.16933E-15
8.70963E+02  1.88747E-15
9.12011E+02  1.64032E-15
9.54993E+02  1.42503E-15
1.00000E+03  1.23642E-15
1.04713E+03  1.07246E-15
1.09648E+03  9.29263E-16
1.14815E+03  8.05151E-16
1.20226E+03  6.97151E-16
1.25893E+03  6.03436E-16
1.31826E+03  5.22390E-16
1.38038E+03  4.52334E-16
1.44544E+03  3.91542E-16
1.51356E+03  3.38903E-16
1.58489E+03  2.93596E-16
1.65959E+03  2.54273E-16
1.73780E+03  2.20370E-16
1.81970E+03  1.90946E-16
1.90546E+03  1.65530E-16
1.99526E+03  1.43459E-16
2.08930E+03  1.24352E-16
2.18776E+03  1.07854E-16
2.29087E+03  9.36360E-17
2.39883E+03  8.13718E-17
2.51189E+03  7.07868E-17
2.63027E+03  6.17828E-17
2.75423E+03  5.39926E-17
2.88403E+03  4.73450E-17
3.01995E+03  4.15781E-17
3.16228E+03  3.66606E-17
3.31131E+03  3.24531E-17
3.46737E+03  2.89024E-17
3.63078E+03  2.58121E-17
3.80189E+03  2.31961E-17
3.98107E+03  2.09487E-17
4.16869E+03  1.90419E-17
4.36516E+03  1.74051E-17
4.57088E+03  1.60327E-17
4.78630E+03  1.48648E-17
5.01187E+03  1.38833E-17
5.24807E+03  1.30507E-17
5.49541E+03  1.23515E-17
5.75440E+03  1.17683E-17
6.02560E+03  1.12830E-17
6.30957E+03  1.08852E-17
6.60693E+03  1.05615E-17
6.91831E+03  1.03012E-17
7.24436E+03  1.00942E-17
7.58577E+03  9.93603E-18
7.94328E+03  9.81995E-18
8.31763E+03  9.74142E-18
8.70963E+03  9.69415E-18
9.12010E+03  9.67533E-18
9.54993E+03  9.68163E-18
