#column 1 : lambda in microns
#column 2 : snu_eff in Jy / Lsun (in the cosmo of Planck 2013 XXX)
1.00000E+00  1.77581E-23
1.04713E+00  5.55531E-23
1.09648E+00  1.73814E-22
1.14815E+00  5.43909E-22
1.20226E+00  1.70228E-21
1.25893E+00  5.32842E-21
1.31826E+00  1.66812E-20
1.38038E+00  5.22301E-20
1.44544E+00  1.63559E-19
1.51356E+00  5.12256E-19
1.58489E+00  1.60458E-18
1.65959E+00  5.72596E-18
1.73780E+00  5.10666E-18
1.81970E+00  3.58352E-18
1.90546E+00  4.55204E-18
1.99526E+00  7.73389E-18
2.08930E+00  8.22287E-18
2.18776E+00  6.72700E-18
2.29087E+00  6.27470E-18
2.39883E+00  6.41427E-18
2.51189E+00  6.84341E-18
2.63027E+00  7.42243E-18
2.75423E+00  8.05115E-18
2.88403E+00  8.52755E-18
3.01995E+00  8.34463E-18
3.16228E+00  9.66041E-18
3.31131E+00  1.15430E-17
3.46737E+00  1.30467E-17
3.63078E+00  1.45067E-17
3.80189E+00  1.60370E-17
3.98107E+00  1.77133E-17
4.16869E+00  1.95710E-17
4.36516E+00  2.17286E-17
4.57088E+00  2.45351E-17
4.78630E+00  2.93150E-17
5.01187E+00  4.50443E-17
5.24807E+00  6.59007E-16
5.49541E+00  7.94913E-17
5.75440E+00  4.60162E-17
6.02560E+00  4.38540E-17
6.30957E+00  4.61945E-17
6.60693E+00  5.05687E-17
6.91831E+00  5.66618E-17
7.24436E+00  6.49629E-17
7.58578E+00  7.68780E-17
7.94328E+00  9.71938E-17
8.31764E+00  1.77831E-16
8.70964E+00  1.98774E-16
9.12011E+00  4.49421E-16
9.54992E+00  5.19981E-16
1.00000E+01  2.93690E-15
1.04713E+01  8.98158E-16
1.09648E+01  1.00859E-15
1.14815E+01  1.46200E-15
1.20226E+01  3.76944E-15
1.25893E+01  4.71822E-15
1.31826E+01  2.13530E-15
1.38038E+01  2.64276E-15
1.44544E+01  1.12174E-15
1.51356E+01  9.10141E-16
1.58489E+01  9.12698E-16
1.65959E+01  1.03352E-15
1.73780E+01  1.53313E-15
1.81970E+01  5.79011E-15
1.90546E+01  2.99657E-15
1.99526E+01  3.50461E-15
2.08930E+01  2.53981E-15
2.18776E+01  2.40131E-15
2.29087E+01  2.18189E-15
2.39883E+01  2.11634E-15
2.51189E+01  2.39213E-15
2.63027E+01  3.63799E-15
2.75423E+01  3.77023E-15
2.88403E+01  3.41678E-15
3.01995E+01  3.57254E-15
3.16228E+01  3.58328E-15
3.31131E+01  3.77826E-15
3.46737E+01  4.04862E-15
3.63078E+01  4.39346E-15
3.80189E+01  4.84285E-15
3.98107E+01  5.42054E-15
4.16869E+01  6.15917E-15
4.36516E+01  7.09816E-15
4.57088E+01  8.27162E-15
4.78630E+01  9.69449E-15
5.01187E+01  1.13270E-14
5.24807E+01  1.31189E-14
5.49541E+01  1.50117E-14
5.75440E+01  1.69851E-14
6.02560E+01  1.90306E-14
6.30957E+01  2.11937E-14
6.60693E+01  2.35500E-14
6.91831E+01  2.61497E-14
7.24436E+01  2.90556E-14
7.58578E+01  3.23222E-14
7.94328E+01  3.59540E-14
8.31764E+01  3.99817E-14
8.70963E+01  4.43710E-14
9.12011E+01  4.90911E-14
9.54992E+01  5.41164E-14
1.00000E+02  5.93382E-14
1.04713E+02  6.47105E-14
1.09648E+02  7.01017E-14
1.14815E+02  7.54252E-14
1.20226E+02  8.06086E-14
1.25893E+02  8.54400E-14
1.31826E+02  8.98568E-14
1.38038E+02  9.38304E-14
1.44544E+02  9.72452E-14
1.51356E+02  1.00051E-13
1.58489E+02  1.02157E-13
1.65959E+02  1.03598E-13
1.73780E+02  1.04380E-13
1.81970E+02  1.04633E-13
1.90546E+02  1.04561E-13
1.99526E+02  1.04267E-13
2.08930E+02  1.04086E-13
2.18776E+02  1.03548E-13
2.29087E+02  1.00122E-13
2.39883E+02  9.42280E-14
2.51189E+02  8.81413E-14
2.63027E+02  8.24009E-14
2.75423E+02  7.69026E-14
2.88403E+02  7.14840E-14
3.01995E+02  6.62164E-14
3.16228E+02  6.10536E-14
3.31131E+02  5.60342E-14
3.46737E+02  5.12319E-14
3.63078E+02  4.66006E-14
3.80189E+02  4.22361E-14
3.98107E+02  3.80255E-14
4.16869E+02  3.38663E-14
4.36516E+02  3.00226E-14
4.57088E+02  2.65638E-14
4.78630E+02  2.34329E-14
5.01187E+02  2.06330E-14
5.24807E+02  1.81314E-14
5.49541E+02  1.59021E-14
5.75440E+02  1.39149E-14
6.02560E+02  1.21668E-14
6.30957E+02  1.06210E-14
6.60693E+02  9.25769E-15
6.91831E+02  8.06476E-15
7.24436E+02  7.02002E-15
7.58577E+02  6.10203E-15
7.94328E+02  5.30300E-15
8.31763E+02  4.60467E-15
8.70963E+02  3.99575E-15
9.12011E+02  3.46727E-15
9.54993E+02  3.00669E-15
1.00000E+03  2.60775E-15
1.04713E+03  2.26048E-15
1.09648E+03  1.96122E-15
1.14815E+03  1.70040E-15
1.20226E+03  1.47406E-15
1.25893E+03  1.27813E-15
1.31826E+03  1.10806E-15
1.38038E+03  9.60376E-16
1.44544E+03  8.31888E-16
1.51356E+03  7.20812E-16
1.58489E+03  6.24733E-16
1.65959E+03  5.42430E-16
1.73780E+03  4.69867E-16
1.81970E+03  4.09101E-16
1.90546E+03  3.55474E-16
1.99526E+03  3.09851E-16
2.08930E+03  2.70692E-16
2.18776E+03  2.37151E-16
2.29087E+03  2.08070E-16
2.39883E+03  1.83405E-16
2.51189E+03  1.62007E-16
2.63027E+03  1.43805E-16
2.75423E+03  1.28322E-16
2.88403E+03  1.14972E-16
3.01995E+03  1.03638E-16
3.16228E+03  9.39307E-17
3.31131E+03  8.56512E-17
3.46737E+03  7.86476E-17
3.63078E+03  7.26643E-17
3.80189E+03  6.76105E-17
3.98107E+03  6.33354E-17
4.16869E+03  5.97392E-17
4.36516E+03  5.67338E-17
4.57088E+03  5.42301E-17
4.78630E+03  5.21494E-17
5.01187E+03  5.04422E-17
5.24807E+03  4.90606E-17
5.49541E+03  4.79609E-17
5.75440E+03  4.70988E-17
6.02560E+03  4.64576E-17
6.30957E+03  4.60015E-17
6.60693E+03  4.57049E-17
6.91831E+03  4.55539E-17
7.24436E+03  4.55301E-17
7.58577E+03  4.56187E-17
7.94328E+03  4.58090E-17
8.31763E+03  4.60900E-17
8.70963E+03  4.64535E-17
9.12010E+03  4.68921E-17
9.54993E+03  4.73995E-17
