#column 1 : lambda in microns
#column 2 : snu_eff in Jy / Lsun (in the cosmo of Planck 2013 XXX)
1.00000E+00  1.04860E-22
1.04713E+00  3.28049E-22
1.09648E+00  1.02641E-21
1.14815E+00  3.21189E-21
1.20226E+00  1.00520E-20
1.25893E+00  3.14633E-20
1.31826E+00  9.84932E-20
1.38038E+00  3.08364E-19
1.44544E+00  9.65545E-19
1.51356E+00  3.02367E-18
1.58489E+00  1.07176E-17
1.65959E+00  6.10002E-18
1.73780E+00  5.15154E-18
1.81970E+00  7.28869E-18
1.90546E+00  1.19411E-17
1.99526E+00  1.10044E-17
2.08930E+00  9.23634E-18
2.18776E+00  8.88182E-18
2.29087E+00  9.20541E-18
2.39883E+00  9.87930E-18
2.51189E+00  1.07288E-17
2.63027E+00  1.16154E-17
2.75423E+00  1.21240E-17
2.88403E+00  1.18806E-17
3.01995E+00  1.44431E-17
3.16228E+00  1.69151E-17
3.31131E+00  1.89960E-17
3.46737E+00  2.10755E-17
3.63078E+00  2.32828E-17
3.80189E+00  2.57121E-17
3.98107E+00  2.84319E-17
4.16869E+00  3.16470E-17
4.36516E+00  3.60259E-17
4.57088E+00  4.43012E-17
4.78630E+00  8.11388E-17
5.01187E+00  1.87035E-15
5.24807E+00  8.63751E-17
5.49541E+00  6.31099E-17
5.75440E+00  6.24325E-17
6.02560E+00  6.65487E-17
6.30957E+00  7.32361E-17
6.60693E+00  8.24471E-17
6.91831E+00  9.50852E-17
7.24436E+00  1.13680E-16
7.58578E+00  1.48710E-16
7.94328E+00  3.32489E-16
8.31764E+00  3.01430E-16
8.70964E+00  6.24170E-16
9.12011E+00  1.02749E-15
9.54992E+00  2.71795E-15
1.00000E+01  1.32354E-15
1.04713E+01  1.45282E-15
1.09648E+01  2.47659E-15
1.14815E+01  6.75219E-15
1.20226E+01  5.65415E-15
1.25893E+01  2.85520E-15
1.31826E+01  3.12066E-15
1.38038E+01  1.43051E-15
1.44544E+01  1.25986E-15
1.51356E+01  1.30066E-15
1.58489E+01  1.53300E-15
1.65959E+01  2.75314E-15
1.73780E+01  5.47654E-15
1.81970E+01  4.47443E-15
1.90546E+01  5.78906E-15
1.99526E+01  3.35479E-15
2.08930E+01  3.05699E-15
2.18776E+01  2.89813E-15
2.29087E+01  3.01842E-15
2.39883E+01  3.50416E-15
2.51189E+01  4.83185E-15
2.63027E+01  5.38055E-15
2.75423E+01  4.64978E-15
2.88403E+01  4.95233E-15
3.01995E+01  5.00689E-15
3.16228E+01  5.29808E-15
3.31131E+01  5.68900E-15
3.46737E+01  6.18187E-15
3.63078E+01  6.83301E-15
3.80189E+01  7.66588E-15
3.98107E+01  8.73063E-15
4.16869E+01  1.00791E-14
4.36516E+01  1.17435E-14
4.57088E+01  1.37284E-14
4.78630E+01  1.59867E-14
5.01187E+01  1.84274E-14
5.24807E+01  2.09874E-14
5.49541E+01  2.36349E-14
5.75440E+01  2.64092E-14
6.02560E+01  2.93717E-14
6.30957E+01  3.26096E-14
6.60693E+01  3.62369E-14
6.91831E+01  4.02993E-14
7.24436E+01  4.48891E-14
7.58578E+01  5.00097E-14
7.94328E+01  5.56834E-14
8.31764E+01  6.18756E-14
8.70963E+01  6.85496E-14
9.12011E+01  7.56115E-14
9.54992E+01  8.29900E-14
1.00000E+02  9.05775E-14
1.04713E+02  9.82151E-14
1.09648E+02  1.05753E-13
1.14815E+02  1.13026E-13
1.20226E+02  1.19876E-13
1.25893E+02  1.26134E-13
1.31826E+02  1.31779E-13
1.38038E+02  1.36652E-13
1.44544E+02  1.40641E-13
1.51356E+02  1.43719E-13
1.58489E+02  1.45787E-13
1.65959E+02  1.46983E-13
1.73780E+02  1.47527E-13
1.81970E+02  1.47624E-13
1.90546E+02  1.47533E-13
1.99526E+02  1.47592E-13
2.08930E+02  1.46491E-13
2.18776E+02  1.40561E-13
2.29087E+02  1.32204E-13
2.39883E+02  1.23848E-13
2.51189E+02  1.15930E-13
2.63027E+02  1.08205E-13
2.75423E+02  1.00668E-13
2.88403E+02  9.31805E-14
3.01995E+02  8.59529E-14
3.16228E+02  7.89146E-14
3.31131E+02  7.21429E-14
3.46737E+02  6.56561E-14
3.63078E+02  5.94940E-14
3.80189E+02  5.34835E-14
3.98107E+02  4.75671E-14
4.16869E+02  4.21844E-14
4.36516E+02  3.73349E-14
4.57088E+02  3.29564E-14
4.78630E+02  2.90151E-14
5.01187E+02  2.54980E-14
5.24807E+02  2.23643E-14
5.49541E+02  1.95921E-14
5.75440E+02  1.71287E-14
6.02560E+02  1.49539E-14
6.30957E+02  1.30462E-14
6.60693E+02  1.13648E-14
6.91831E+02  9.89332E-15
7.24436E+02  8.60216E-15
7.58577E+02  7.47772E-15
7.94328E+02  6.49341E-15
8.31763E+02  5.63542E-15
8.70963E+02  4.89053E-15
9.12011E+02  4.24404E-15
9.54993E+02  3.68152E-15
1.00000E+03  3.19211E-15
1.04713E+03  2.76922E-15
1.09648E+03  2.40116E-15
1.14815E+03  2.08291E-15
1.20226E+03  1.80578E-15
1.25893E+03  1.56577E-15
1.31826E+03  1.35663E-15
1.38038E+03  1.17522E-15
1.44544E+03  1.01806E-15
1.51356E+03  8.82461E-16
1.58489E+03  7.65029E-16
1.65959E+03  6.63647E-16
1.73780E+03  5.77029E-16
1.81970E+03  5.02061E-16
1.90546E+03  4.37879E-16
1.99526E+03  3.82054E-16
2.08930E+03  3.34352E-16
2.18776E+03  2.93456E-16
2.29087E+03  2.58832E-16
2.39883E+03  2.28631E-16
2.51189E+03  2.02990E-16
2.63027E+03  1.80883E-16
2.75423E+03  1.62067E-16
2.88403E+03  1.45848E-16
3.01995E+03  1.32182E-16
3.16228E+03  1.20488E-16
3.31131E+03  1.10594E-16
3.46737E+03  1.02140E-16
3.63078E+03  9.49732E-17
3.80189E+03  8.89182E-17
3.98107E+03  8.38161E-17
4.16869E+03  7.95564E-17
4.36516E+03  7.60085E-17
4.57088E+03  7.30678E-17
4.78630E+03  7.06365E-17
5.01187E+03  6.86699E-17
5.24807E+03  6.71021E-17
5.49541E+03  6.58888E-17
5.75440E+03  6.49688E-17
6.02560E+03  6.43122E-17
6.30957E+03  6.38867E-17
6.60693E+03  6.36602E-17
6.91831E+03  6.36159E-17
7.24436E+03  6.37309E-17
7.58577E+03  6.39899E-17
7.94328E+03  6.43761E-17
8.31763E+03  6.48783E-17
8.70963E+03  6.54867E-17
9.12010E+03  6.61942E-17
9.54993E+03  6.69909E-17
