#column 1 : lambda in microns
#column 2 : snu_eff in Jy / Lsun (in the cosmo of Planck 2013 XXX)
1.00000E+00  5.61248E-34
1.04713E+00  1.77374E-33
1.09648E+00  5.61086E-33
1.14815E+00  1.77643E-32
1.20226E+00  5.62903E-32
1.25893E+00  1.78509E-31
1.31826E+00  5.66522E-31
1.38038E+00  1.79921E-30
1.44544E+00  5.71791E-30
1.51356E+00  1.81831E-29
1.58489E+00  5.78574E-29
1.65959E+00  1.84203E-28
1.73780E+00  5.86768E-28
1.81970E+00  1.87005E-27
1.90546E+00  5.96273E-27
1.99526E+00  1.90209E-26
2.08930E+00  6.07011E-26
2.18776E+00  1.93791E-25
2.29087E+00  6.18916E-25
2.39883E+00  1.97734E-24
2.51189E+00  6.31933E-24
2.63027E+00  2.02020E-23
2.75423E+00  6.46020E-23
2.88403E+00  2.06639E-22
3.01995E+00  6.61137E-22
3.16228E+00  2.11580E-21
3.31131E+00  6.77259E-21
3.46737E+00  2.16834E-20
3.63078E+00  6.94366E-20
3.80189E+00  2.52798E-19
3.98107E+00  2.24723E-19
4.16869E+00  1.56343E-19
4.36516E+00  1.99029E-19
4.57088E+00  3.40264E-19
4.78630E+00  3.61552E-19
5.01187E+00  2.94190E-19
5.24807E+00  2.73330E-19
5.49541E+00  2.78852E-19
5.75440E+00  2.97186E-19
6.02560E+00  3.22235E-19
6.30957E+00  3.49363E-19
6.60693E+00  3.69693E-19
6.91831E+00  3.60706E-19
7.24436E+00  4.18539E-19
7.58578E+00  5.01405E-19
7.94328E+00  5.67365E-19
8.31764E+00  6.31483E-19
8.70964E+00  6.98807E-19
9.12011E+00  7.72635E-19
9.54992E+00  8.55001E-19
1.00000E+01  9.50653E-19
1.04713E+01  1.07631E-18
1.09648E+01  1.29050E-18
1.14815E+01  1.99491E-18
1.20226E+01  2.94154E-17
1.25893E+01  3.54369E-18
1.31826E+01  2.05781E-18
1.38038E+01  1.97505E-18
1.44544E+01  2.09962E-18
1.51356E+01  2.32269E-18
1.58489E+01  2.63269E-18
1.65959E+01  3.05294E-18
1.73780E+01  3.64958E-18
1.81970E+01  4.64022E-18
1.90546E+01  8.37266E-18
1.99526E+01  9.43655E-18
2.08930E+01  2.09201E-17
2.18776E+01  2.43070E-17
2.29087E+01  1.34388E-16
2.39883E+01  4.20030E-17
2.51189E+01  4.73594E-17
2.63027E+01  6.85174E-17
2.75423E+01  1.75180E-16
2.88403E+01  2.19809E-16
3.01995E+01  1.00857E-16
3.16228E+01  1.24686E-16
3.31131E+01  5.46027E-17
3.46737E+01  4.52491E-17
3.63078E+01  4.60420E-17
3.80189E+01  5.23982E-17
3.98107E+01  7.63597E-17
4.16869E+01  2.75387E-16
4.36516E+01  1.46792E-16
4.57088E+01  1.72328E-16
4.78630E+01  1.28444E-16
5.01187E+01  1.23605E-16
5.24807E+01  1.15023E-16
5.49541E+01  1.14214E-16
5.75440E+01  1.30958E-16
6.02560E+01  1.98126E-16
6.30957E+01  2.09721E-16
6.60693E+01  1.96221E-16
6.91831E+01  2.09113E-16
7.24436E+01  2.14096E-16
7.58578E+01  2.29268E-16
7.94328E+01  2.49390E-16
8.31764E+01  2.75053E-16
8.70963E+01  3.08548E-16
9.12011E+01  3.52694E-16
9.54992E+01  4.11245E-16
1.00000E+02  4.89372E-16
1.04713E+02  5.92837E-16
1.09648E+02  7.26291E-16
1.14815E+02  8.88953E-16
1.20226E+02  1.07683E-15
1.25893E+02  1.28093E-15
1.31826E+02  1.49372E-15
1.38038E+02  1.70790E-15
1.44544E+02  1.92238E-15
1.51356E+02  2.13972E-15
1.58489E+02  2.36199E-15
1.65959E+02  2.59150E-15
1.73780E+02  2.83071E-15
1.81970E+02  3.07795E-15
1.90546E+02  3.33206E-15
1.99526E+02  3.58743E-15
2.08930E+02  3.84309E-15
2.18776E+02  4.09167E-15
2.29087E+02  4.32628E-15
2.39883E+02  4.54317E-15
2.51189E+02  4.73603E-15
2.63027E+02  4.90284E-15
2.75423E+02  5.03444E-15
2.88403E+02  5.13000E-15
3.01995E+02  5.18628E-15
3.16228E+02  5.20719E-15
3.31131E+02  5.19090E-15
3.46737E+02  5.13826E-15
3.63078E+02  5.05153E-15
3.80189E+02  4.93626E-15
3.98107E+02  4.78957E-15
4.16869E+02  4.63299E-15
4.36516E+02  4.46460E-15
4.57088E+02  4.29503E-15
4.78630E+02  4.13986E-15
5.01187E+02  3.97922E-15
5.24807E+02  3.72779E-15
5.49541E+02  3.41083E-15
5.75440E+02  3.10507E-15
6.02560E+02  2.82720E-15
6.30957E+02  2.57169E-15
6.60693E+02  2.33127E-15
6.91831E+02  2.10779E-15
7.24436E+02  1.89874E-15
7.58577E+02  1.70407E-15
7.94328E+02  1.52498E-15
8.31763E+02  1.35913E-15
8.70963E+02  1.20789E-15
9.12011E+02  1.06735E-15
9.54993E+02  9.33643E-16
1.00000E+03  8.13720E-16
1.04713E+03  7.08358E-16
1.09648E+03  6.15294E-16
1.14815E+03  5.34061E-16
1.20226E+03  4.63022E-16
1.25893E+03  4.00898E-16
1.31826E+03  3.46534E-16
1.38038E+03  2.99573E-16
1.44544E+03  2.58720E-16
1.51356E+03  2.23246E-16
1.58489E+03  1.92661E-16
1.65959E+03  1.66226E-16
1.73780E+03  1.43335E-16
1.81970E+03  1.23625E-16
1.90546E+03  1.06610E-16
1.99526E+03  9.19442E-17
2.08930E+03  7.93324E-17
2.18776E+03  6.84508E-17
2.29087E+03  5.90842E-17
2.39883E+03  5.10349E-17
2.51189E+03  4.41700E-17
2.63027E+03  3.82015E-17
2.75423E+03  3.30791E-17
2.88403E+03  2.86724E-17
3.01995E+03  2.48756E-17
3.16228E+03  2.16015E-17
3.31131E+03  1.87741E-17
3.46737E+03  1.63420E-17
3.63078E+03  1.42514E-17
3.80189E+03  1.24728E-17
3.98107E+03  1.09136E-17
4.16869E+03  9.61442E-18
4.36516E+03  8.47676E-18
4.57088E+03  7.51563E-18
4.78630E+03  6.69448E-18
5.01187E+03  5.99506E-18
5.24807E+03  5.39386E-18
5.49541E+03  4.88920E-18
5.75440E+03  4.45395E-18
6.02560E+03  4.08761E-18
6.30957E+03  3.77948E-18
6.60693E+03  3.51676E-18
6.91831E+03  3.29728E-18
7.24436E+03  3.11225E-18
7.58577E+03  2.95776E-18
7.94328E+03  2.83030E-18
8.31763E+03  2.72439E-18
8.70963E+03  2.63838E-18
9.12010E+03  2.56891E-18
9.54993E+03  2.51395E-18
