#column 1 : lambda in microns
#column 2 : snu_eff in Jy / Lsun (in the cosmo of Planck 2013 XXX)
1.00000E+00  6.74752E-27
1.04713E+00  2.11483E-26
1.09648E+00  6.63033E-26
1.14815E+00  2.07931E-25
1.20226E+00  6.52266E-25
1.25893E+00  2.04669E-24
1.31826E+00  6.42389E-24
1.38038E+00  2.01680E-23
1.44544E+00  6.33348E-23
1.51356E+00  1.98947E-22
1.58489E+00  6.25093E-22
1.65959E+00  1.96456E-21
1.73780E+00  6.17587E-21
1.81970E+00  1.94196E-20
1.90546E+00  6.10793E-20
1.99526E+00  1.92157E-19
2.08930E+00  6.04679E-19
2.18776E+00  2.15099E-18
2.29087E+00  1.22201E-18
2.39883E+00  1.03065E-18
2.51189E+00  1.45951E-18
2.63027E+00  2.39376E-18
2.75423E+00  2.20458E-18
2.88403E+00  1.84840E-18
3.01995E+00  1.77622E-18
3.16228E+00  1.84033E-18
3.31131E+00  1.97467E-18
3.46737E+00  2.14449E-18
3.63078E+00  2.32152E-18
3.80189E+00  2.42274E-18
3.98107E+00  2.37285E-18
4.16869E+00  2.88653E-18
4.36516E+00  3.38218E-18
4.57088E+00  3.79907E-18
4.78630E+00  4.21635E-18
5.01187E+00  4.65912E-18
5.24807E+00  5.14697E-18
5.49541E+00  5.69393E-18
5.75440E+00  6.34151E-18
6.02560E+00  7.22474E-18
6.30957E+00  8.89465E-18
6.60693E+00  1.63143E-17
6.91831E+00  3.76386E-16
7.24436E+00  1.74024E-17
7.58578E+00  1.27504E-17
7.94328E+00  1.26570E-17
8.31764E+00  1.35451E-17
8.70964E+00  1.49719E-17
9.12011E+00  1.69365E-17
9.54992E+00  1.96197E-17
1.00000E+01  2.35490E-17
1.04713E+01  3.08411E-17
1.09648E+01  6.82484E-17
1.14815E+01  6.23103E-17
1.20226E+01  1.28026E-16
1.25893E+01  2.10234E-16
1.31826E+01  5.53658E-16
1.38038E+01  2.71716E-16
1.44544E+01  2.98872E-16
1.51356E+01  5.08209E-16
1.58489E+01  1.38095E-15
1.65959E+01  1.15934E-15
1.73780E+01  5.89098E-16
1.81970E+01  6.44566E-16
1.90546E+01  3.00803E-16
1.99526E+01  2.67636E-16
2.08930E+01  2.77759E-16
2.18776E+01  3.27095E-16
2.29087E+01  5.77818E-16
2.39883E+01  1.13772E-15
2.51189E+01  9.34874E-16
2.63027E+01  1.20803E-15
2.75423E+01  7.12219E-16
2.88403E+01  6.54547E-16
3.01995E+01  6.26511E-16
3.16228E+01  6.57821E-16
3.31131E+01  7.67450E-16
3.46737E+01  1.05661E-15
3.63078E+01  1.18515E-15
3.80189E+01  1.04345E-15
3.98107E+01  1.12042E-15
4.16869E+01  1.14374E-15
4.36516E+01  1.21881E-15
4.57088E+01  1.31787E-15
4.78630E+01  1.44220E-15
5.01187E+01  1.60591E-15
5.24807E+01  1.81614E-15
5.49541E+01  2.08692E-15
5.75440E+01  2.43355E-15
6.02560E+01  2.86803E-15
6.30957E+01  3.39509E-15
6.60693E+01  4.00530E-15
6.91831E+01  4.67501E-15
7.24436E+01  5.38370E-15
7.58578E+01  6.11606E-15
7.94328E+01  6.87627E-15
8.31764E+01  7.67329E-15
8.70963E+01  8.52424E-15
9.12011E+01  9.45389E-15
9.54992E+01  1.04695E-14
1.00000E+02  1.15894E-14
1.04713E+02  1.28092E-14
1.09648E+02  1.41278E-14
1.14815E+02  1.55326E-14
1.20226E+02  1.70087E-14
1.25893E+02  1.85303E-14
1.31826E+02  2.00767E-14
1.38038E+02  2.16204E-14
1.44544E+02  2.31257E-14
1.51356E+02  2.45553E-14
1.58489E+02  2.58824E-14
1.65959E+02  2.70706E-14
1.73780E+02  2.80905E-14
1.81970E+02  2.89433E-14
1.90546E+02  2.96107E-14
1.99526E+02  3.00684E-14
2.08930E+02  3.03224E-14
2.18776E+02  3.03613E-14
2.29087E+02  3.02198E-14
2.39883E+02  2.99569E-14
2.51189E+02  2.96079E-14
2.63027E+02  2.92310E-14
2.75423E+02  2.88898E-14
2.88403E+02  2.83413E-14
3.01995E+02  2.69132E-14
3.16228E+02  2.50773E-14
3.31131E+02  2.32778E-14
3.46737E+02  2.15981E-14
3.63078E+02  1.99851E-14
3.80189E+02  1.84376E-14
3.98107E+02  1.69278E-14
4.16869E+02  1.54943E-14
4.36516E+02  1.41194E-14
4.57088E+02  1.28181E-14
4.78630E+02  1.15860E-14
5.01187E+02  1.04323E-14
5.24807E+02  9.31991E-15
5.49541E+02  8.24080E-15
5.75440E+02  7.26657E-15
6.02560E+02  6.39749E-15
6.30957E+02  5.61930E-15
6.60693E+02  4.92374E-15
6.91831E+02  4.30780E-15
7.24436E+02  3.76255E-15
7.58577E+02  3.28324E-15
7.94328E+02  2.85977E-15
8.31763E+02  2.48790E-15
8.70963E+02  2.16344E-15
9.12011E+02  1.87880E-15
9.54993E+02  1.63097E-15
1.00000E+03  1.41432E-15
1.04713E+03  1.22632E-15
1.09648E+03  1.06252E-15
1.14815E+03  9.20247E-16
1.20226E+03  7.97066E-16
1.25893E+03  6.90558E-16
1.31826E+03  5.98019E-16
1.38038E+03  5.17787E-16
1.44544E+03  4.48699E-16
1.51356E+03  3.88694E-16
1.58489E+03  3.36923E-16
1.65959E+03  2.91957E-16
1.73780E+03  2.53096E-16
1.81970E+03  2.19322E-16
1.90546E+03  1.90071E-16
1.99526E+03  1.64794E-16
2.08930E+03  1.43003E-16
2.18776E+03  1.24192E-16
2.29087E+03  1.07953E-16
2.39883E+03  9.41271E-17
2.51189E+03  8.21617E-17
2.63027E+03  7.19425E-17
2.75423E+03  6.30755E-17
2.88403E+03  5.55089E-17
3.01995E+03  4.90321E-17
3.16228E+03  4.35614E-17
3.31131E+03  3.87969E-17
3.46737E+03  3.47614E-17
3.63078E+03  3.12906E-17
3.80189E+03  2.83438E-17
3.98107E+03  2.58113E-17
4.16869E+03  2.36853E-17
4.36516E+03  2.18728E-17
4.57088E+03  2.03472E-17
4.78630E+03  1.90501E-17
5.01187E+03  1.79581E-17
5.24807E+03  1.70443E-17
5.49541E+03  1.62805E-17
5.75440E+03  1.56514E-17
6.02560E+03  1.51359E-17
6.30957E+03  1.47178E-17
6.60693E+03  1.43811E-17
6.91831E+03  1.41193E-17
7.24436E+03  1.39218E-17
7.58577E+03  1.37817E-17
7.94328E+03  1.36892E-17
8.31763E+03  1.36401E-17
8.70963E+03  1.36290E-17
9.12010E+03  1.36510E-17
9.54993E+03  1.37036E-17
