#column 1 : lambda in microns
#column 2 : snu_eff in Jy / Lsun (in the cosmo of Planck 2013 XXX)
1.00000E+00  1.93136E-21
1.04713E+00  6.03148E-21
1.09648E+00  1.88380E-20
1.14815E+00  5.88426E-20
1.20226E+00  1.83822E-19
1.25893E+00  5.74315E-19
1.31826E+00  1.79453E-18
1.38038E+00  5.60788E-18
1.44544E+00  1.98467E-17
1.51356E+00  1.13046E-17
1.58489E+00  9.55187E-18
1.65959E+00  1.35092E-17
1.73780E+00  2.21210E-17
1.81970E+00  2.03906E-17
1.90546E+00  1.71225E-17
1.99526E+00  1.64695E-17
2.08930E+00  1.70719E-17
2.18776E+00  1.83226E-17
2.29087E+00  1.98984E-17
2.39883E+00  2.15429E-17
2.51189E+00  2.24881E-17
2.63027E+00  2.20414E-17
2.75423E+00  2.67876E-17
2.88403E+00  3.13658E-17
3.01995E+00  3.52209E-17
3.16228E+00  3.90726E-17
3.31131E+00  4.31608E-17
3.46737E+00  4.76585E-17
3.63078E+00  5.26919E-17
3.80189E+00  5.86433E-17
3.98107E+00  6.67446E-17
4.16869E+00  8.20529E-17
4.36516E+00  1.50187E-16
4.57088E+00  3.45972E-15
4.78630E+00  1.59840E-16
5.01187E+00  1.16782E-16
5.24807E+00  1.15493E-16
5.49541E+00  1.23047E-16
5.75440E+00  1.35339E-16
6.02560E+00  1.52268E-16
6.30957E+00  1.75509E-16
6.60693E+00  2.09714E-16
6.91831E+00  2.74268E-16
7.24436E+00  6.13724E-16
7.58578E+00  5.55990E-16
7.94328E+00  1.15208E-15
8.31764E+00  1.89696E-15
8.70964E+00  5.02047E-15
9.12011E+00  2.44273E-15
9.54992E+00  2.68080E-15
1.00000E+01  4.57119E-15
1.04713E+01  1.24682E-14
1.09648E+01  1.04388E-14
1.14815E+01  5.26929E-15
1.20226E+01  5.75980E-15
1.25893E+01  2.63783E-15
1.31826E+01  2.32177E-15
1.38038E+01  2.39524E-15
1.44544E+01  2.82237E-15
1.51356E+01  5.07491E-15
1.58489E+01  1.01047E-14
1.65959E+01  8.25132E-15
1.73780E+01  1.06774E-14
1.81970E+01  6.17619E-15
1.90546E+01  5.62291E-15
1.99526E+01  5.32530E-15
2.08930E+01  5.54167E-15
2.18776E+01  6.43076E-15
2.29087E+01  8.87076E-15
2.39883E+01  9.87075E-15
2.51189E+01  8.51068E-15
2.63027E+01  9.05643E-15
2.75423E+01  9.14613E-15
2.88403E+01  9.67040E-15
3.01995E+01  1.03756E-14
3.16228E+01  1.12658E-14
3.31131E+01  1.24410E-14
3.46737E+01  1.39435E-14
3.63078E+01  1.58612E-14
3.80189E+01  1.82830E-14
3.98107E+01  2.12648E-14
4.16869E+01  2.48088E-14
4.36516E+01  2.88262E-14
4.57088E+01  3.31548E-14
4.78630E+01  3.76896E-14
5.01187E+01  4.23827E-14
5.24807E+01  4.73145E-14
5.49541E+01  5.26053E-14
5.75440E+01  5.84202E-14
6.02560E+01  6.49693E-14
6.30957E+01  7.23456E-14
6.60693E+01  8.07182E-14
6.91831E+01  9.01021E-14
7.24436E+01  1.00555E-13
7.58578E+01  1.12018E-13
7.94328E+01  1.24433E-13
8.31764E+01  1.37634E-13
8.70963E+01  1.51501E-13
9.12011E+01  1.65841E-13
9.54992E+01  1.80360E-13
1.00000E+02  1.94791E-13
1.04713E+02  2.08802E-13
1.09648E+02  2.22120E-13
1.14815E+02  2.34401E-13
1.20226E+02  2.45606E-13
1.25893E+02  2.55409E-13
1.31826E+02  2.63601E-13
1.38038E+02  2.70109E-13
1.44544E+02  2.74738E-13
1.51356E+02  2.77726E-13
1.58489E+02  2.79466E-13
1.65959E+02  2.80357E-13
1.73780E+02  2.80876E-13
1.81970E+02  2.81674E-13
1.90546E+02  2.80227E-13
1.99526E+02  2.69470E-13
2.08930E+02  2.53966E-13
2.18776E+02  2.38379E-13
2.29087E+02  2.23555E-13
2.39883E+02  2.09035E-13
2.51189E+02  1.94812E-13
2.63027E+02  1.80623E-13
2.75423E+02  1.66882E-13
2.88403E+02  1.53454E-13
3.01995E+02  1.40485E-13
3.16228E+02  1.28037E-13
3.31131E+02  1.16170E-13
3.46737E+02  1.04572E-13
3.63078E+02  9.31158E-14
3.80189E+02  8.26770E-14
3.98107E+02  7.32563E-14
4.16869E+02  6.47327E-14
4.36516E+02  5.70460E-14
4.57088E+02  5.01787E-14
4.78630E+02  4.40501E-14
5.01187E+02  3.86218E-14
5.24807E+02  3.37916E-14
5.49541E+02  2.95229E-14
5.75440E+02  2.57741E-14
6.02560E+02  2.24670E-14
6.30957E+02  1.95691E-14
6.60693E+02  1.70245E-14
6.91831E+02  1.48073E-14
7.24436E+02  1.28639E-14
7.58577E+02  1.11689E-14
7.94328E+02  9.69634E-15
8.31763E+02  8.41782E-15
8.70963E+02  7.30486E-15
9.12011E+02  6.33535E-15
9.54993E+02  5.49741E-15
1.00000E+03  4.76772E-15
1.04713E+03  4.13650E-15
1.09648E+03  3.58656E-15
1.14815E+03  3.11008E-15
1.20226E+03  2.69467E-15
1.25893E+03  2.33424E-15
1.31826E+03  2.02181E-15
1.38038E+03  1.75220E-15
1.44544E+03  1.51857E-15
1.51356E+03  1.31687E-15
1.58489E+03  1.14443E-15
1.65959E+03  9.95165E-16
1.73780E+03  8.67310E-16
1.81970E+03  7.56072E-16
1.90546E+03  6.60995E-16
1.99526E+03  5.79456E-16
2.08930E+03  5.10389E-16
2.18776E+03  4.50125E-16
2.29087E+03  3.98947E-16
2.39883E+03  3.54798E-16
2.51189E+03  3.17208E-16
2.63027E+03  2.84790E-16
2.75423E+03  2.57460E-16
2.88403E+03  2.34055E-16
3.01995E+03  2.14241E-16
3.16228E+03  1.97295E-16
3.31131E+03  1.82918E-16
3.46737E+03  1.70749E-16
3.63078E+03  1.60483E-16
3.80189E+03  1.51899E-16
3.98107E+03  1.44730E-16
4.16869E+03  1.38770E-16
4.36516E+03  1.33824E-16
4.57088E+03  1.29801E-16
4.78630E+03  1.26572E-16
5.01187E+03  1.24046E-16
5.24807E+03  1.22102E-16
5.49541E+03  1.20680E-16
5.75440E+03  1.19714E-16
6.02560E+03  1.19142E-16
6.30957E+03  1.18928E-16
6.60693E+03  1.19029E-16
6.91831E+03  1.19412E-16
7.24436E+03  1.20044E-16
7.58577E+03  1.20902E-16
7.94328E+03  1.21968E-16
8.31763E+03  1.23226E-16
8.70963E+03  1.24657E-16
9.12010E+03  1.26250E-16
9.54993E+03  1.27997E-16
