#column 1 : lambda in microns
#column 2 : snu_eff in Jy / Lsun (in the cosmo of Planck 2013 XXX)
1.00000E+00  0.00000E+00
1.04713E+00  1.40130E-45
1.09648E+00  4.20390E-45
1.14815E+00  1.68156E-44
1.20226E+00  5.18480E-44
1.25893E+00  1.63952E-43
1.31826E+00  5.00264E-43
1.38038E+00  1.54003E-42
1.44544E+00  4.70696E-42
1.51356E+00  1.44053E-41
1.58489E+00  4.41661E-41
1.65959E+00  1.35685E-40
1.73780E+00  4.17642E-40
1.81970E+00  1.28793E-39
1.90546E+00  3.97913E-39
1.99526E+00  1.23165E-38
2.08930E+00  3.81928E-38
2.18776E+00  1.18646E-37
2.29087E+00  3.69224E-37
2.39883E+00  1.15099E-36
2.51189E+00  3.59397E-36
2.63027E+00  1.12403E-35
2.75423E+00  3.52100E-35
2.88403E+00  1.10460E-34
3.01995E+00  3.47032E-34
3.16228E+00  1.09179E-33
3.31131E+00  3.43937E-33
3.46737E+00  1.08484E-32
3.63078E+00  3.42591E-32
3.80189E+00  1.08312E-31
3.98107E+00  3.42803E-31
4.16869E+00  1.08606E-30
4.36516E+00  3.44409E-30
4.57088E+00  1.09316E-29
4.78630E+00  3.47268E-29
5.01187E+00  1.10404E-28
5.24807E+00  3.51257E-28
5.49541E+00  1.11833E-27
5.75440E+00  3.56279E-27
6.02560E+00  1.13572E-26
6.30957E+00  3.62238E-26
6.60693E+00  1.15597E-25
6.91831E+00  3.69066E-25
7.24436E+00  1.17884E-24
7.58578E+00  3.76697E-24
7.94328E+00  1.20419E-23
8.31764E+00  3.85078E-23
8.70964E+00  1.23182E-22
9.12011E+00  3.94167E-22
9.54992E+00  1.26164E-21
1.00000E+01  4.03927E-21
1.04713E+01  1.29352E-20
1.09648E+01  4.66797E-20
1.14815E+01  2.63097E-20
1.20226E+01  2.20678E-20
1.25893E+01  3.13756E-20
1.31826E+01  5.16528E-20
1.38038E+01  4.74859E-20
1.44544E+01  3.96479E-20
1.51356E+01  3.79908E-20
1.58489E+01  3.92965E-20
1.65959E+01  4.21376E-20
1.73780E+01  4.57446E-20
1.81970E+01  4.95381E-20
1.90546E+01  5.16451E-20
1.99526E+01  5.04601E-20
2.08930E+01  6.14612E-20
2.18776E+01  7.22785E-20
2.29087E+01  8.12876E-20
2.39883E+01  9.02092E-20
2.51189E+01  9.98041E-20
2.63027E+01  1.10348E-19
2.75423E+01  1.22329E-19
2.88403E+01  1.36554E-19
3.01995E+01  1.56045E-19
3.16228E+01  1.93001E-19
3.31131E+01  3.55852E-19
3.46737E+01  8.23860E-18
3.63078E+01  3.82221E-19
3.80189E+01  2.82526E-19
3.98107E+01  2.83615E-19
4.16869E+01  3.07557E-19
4.36516E+01  3.44924E-19
4.57088E+01  3.95863E-19
4.78630E+01  4.65742E-19
5.01187E+01  5.65508E-19
5.24807E+01  7.42823E-19
5.49541E+01  1.59355E-18
5.75440E+01  1.48759E-18
6.02560E+01  2.98401E-18
6.30957E+01  4.85992E-18
6.60693E+01  1.26331E-17
6.91831E+01  6.35317E-18
7.24436E+01  7.02803E-18
7.58578E+01  1.18540E-17
7.94328E+01  3.18783E-17
8.31764E+01  2.69648E-17
8.70963E+01  1.39699E-17
9.12011E+01  1.53276E-17
9.54992E+01  7.52287E-18
1.00000E+02  6.87790E-18
1.04713E+02  7.24185E-18
1.09648E+02  8.51340E-18
1.14815E+02  1.44170E-17
1.20226E+02  2.75965E-17
1.25893E+02  2.30768E-17
1.31826E+02  2.97560E-17
1.38038E+02  1.84223E-17
1.44544E+02  1.73523E-17
1.51356E+02  1.70455E-17
1.58489E+02  1.82883E-17
1.65959E+02  2.15946E-17
1.73780E+02  2.96807E-17
1.81970E+02  3.39042E-17
1.90546E+02  3.10642E-17
1.99526E+02  3.39774E-17
2.08930E+02  3.53547E-17
2.18776E+02  3.82624E-17
2.29087E+02  4.20107E-17
2.39883E+02  4.67552E-17
2.51189E+02  5.31554E-17
2.63027E+02  6.16963E-17
2.75423E+02  7.32117E-17
2.88403E+02  8.88848E-17
3.01995E+02  1.09767E-16
3.16228E+02  1.36744E-16
3.31131E+02  1.69401E-16
3.46737E+02  2.06192E-16
3.63078E+02  2.45077E-16
3.80189E+02  2.83638E-16
3.98107E+02  3.20693E-16
4.16869E+02  3.55973E-16
4.36516E+02  3.89695E-16
4.57088E+02  4.22355E-16
4.78630E+02  4.54809E-16
5.01187E+02  4.86779E-16
5.24807E+02  5.18320E-16
5.49541E+02  5.49065E-16
5.75440E+02  5.78623E-16
6.02560E+02  6.05434E-16
6.30957E+02  6.29407E-16
6.60693E+02  6.51824E-16
6.91831E+02  6.68282E-16
7.24436E+02  6.81299E-16
7.58577E+02  6.90139E-16
7.94328E+02  6.92514E-16
8.31763E+02  6.89295E-16
8.70963E+02  6.82895E-16
9.12011E+02  6.70967E-16
9.54993E+02  6.56012E-16
1.00000E+03  6.35592E-16
1.04713E+03  6.13424E-16
1.09648E+03  5.88154E-16
1.14815E+03  5.60453E-16
1.20226E+03  5.32535E-16
1.25893E+03  5.05151E-16
1.31826E+03  4.78401E-16
1.38038E+03  4.54373E-16
1.44544E+03  4.28142E-16
1.51356E+03  3.93188E-16
1.58489E+03  3.54720E-16
1.65959E+03  3.19672E-16
1.73780E+03  2.87989E-16
1.81970E+03  2.58788E-16
1.90546E+03  2.32129E-16
1.99526E+03  2.07360E-16
2.08930E+03  1.84984E-16
2.18776E+03  1.64398E-16
2.29087E+03  1.45772E-16
2.39883E+03  1.28860E-16
2.51189E+03  1.13502E-16
2.63027E+03  9.92912E-17
2.75423E+03  8.60894E-17
2.88403E+03  7.45130E-17
3.01995E+03  6.44634E-17
3.16228E+03  5.57111E-17
3.31131E+03  4.80431E-17
3.46737E+03  4.13940E-17
3.63078E+03  3.56140E-17
3.80189E+03  3.07018E-17
3.98107E+03  2.64204E-17
4.16869E+03  2.27153E-17
4.36516E+03  1.95445E-17
4.57088E+03  1.68078E-17
4.78630E+03  1.44559E-17
5.01187E+03  1.24368E-17
5.24807E+03  1.06934E-17
5.49541E+03  9.20263E-18
5.75440E+03  7.92082E-18
6.02560E+03  6.82572E-18
6.30957E+03  5.88610E-18
6.60693E+03  5.08077E-18
6.91831E+03  4.38857E-18
7.24436E+03  3.79773E-18
7.58577E+03  3.29277E-18
7.94328E+03  2.85516E-18
8.31763E+03  2.47974E-18
8.70963E+03  2.15888E-18
9.12010E+03  1.88198E-18
9.54993E+03  1.64330E-18
