#column 1 : lambda in microns
#column 2 : snu_eff in Jy / Lsun (in the cosmo of Planck 2013 XXX)
1.00000E+00  1.35703E-37
1.04713E+00  4.21568E-37
1.09648E+00  1.31193E-36
1.14815E+00  4.08974E-36
1.20226E+00  1.27705E-35
1.25893E+00  3.99410E-35
1.31826E+00  1.25115E-34
1.38038E+00  3.92514E-34
1.44544E+00  1.23318E-33
1.51356E+00  3.87972E-33
1.58489E+00  1.22222E-32
1.65959E+00  3.85518E-32
1.73780E+00  1.21747E-31
1.81970E+00  3.84916E-31
1.90546E+00  1.21826E-30
1.99526E+00  3.85971E-30
2.08930E+00  1.22401E-29
2.18776E+00  3.88510E-29
2.29087E+00  1.23420E-28
2.39883E+00  3.92386E-28
2.51189E+00  1.24842E-27
2.63027E+00  3.97475E-27
2.75423E+00  1.26630E-26
2.88403E+00  4.03669E-26
3.01995E+00  1.28753E-25
3.16228E+00  4.10879E-25
3.31131E+00  1.31183E-24
3.46737E+00  4.19024E-24
3.63078E+00  1.33900E-23
3.80189E+00  4.28044E-23
3.98107E+00  1.36884E-22
4.16869E+00  4.37883E-22
4.36516E+00  1.40118E-21
4.57088E+00  4.48493E-21
4.78630E+00  1.43592E-20
5.01187E+00  4.59844E-20
5.24807E+00  1.65946E-19
5.49541E+00  9.35309E-20
5.75440E+00  7.84509E-20
6.02560E+00  1.11540E-19
6.30957E+00  1.83625E-19
6.60693E+00  1.68812E-19
6.91831E+00  1.40948E-19
7.24436E+00  1.35057E-19
7.58578E+00  1.39699E-19
7.94328E+00  1.49799E-19
8.31764E+00  1.62622E-19
8.70964E+00  1.76107E-19
9.12011E+00  1.83598E-19
9.54992E+00  1.79385E-19
1.00000E+01  2.18494E-19
1.04713E+01  2.56949E-19
1.09648E+01  2.88976E-19
1.14815E+01  3.20693E-19
1.20226E+01  3.54802E-19
1.25893E+01  3.92287E-19
1.31826E+01  4.34877E-19
1.38038E+01  4.85447E-19
1.44544E+01  5.54737E-19
1.51356E+01  6.86117E-19
1.58489E+01  1.26505E-18
1.65959E+01  2.92871E-17
1.73780E+01  1.35879E-18
1.81970E+01  1.00438E-18
1.90546E+01  1.00825E-18
1.99526E+01  1.09336E-18
2.08930E+01  1.22620E-18
2.18776E+01  1.40729E-18
2.29087E+01  1.65571E-18
2.39883E+01  2.01038E-18
2.51189E+01  2.64073E-18
2.63027E+01  5.66503E-18
2.75423E+01  5.28836E-18
2.88403E+01  1.06081E-17
3.01995E+01  1.72771E-17
3.16228E+01  4.49102E-17
3.31131E+01  2.25854E-17
3.46737E+01  2.49845E-17
3.63078E+01  4.21407E-17
3.80189E+01  1.13326E-16
3.98107E+01  9.58596E-17
4.16869E+01  4.96627E-17
4.36516E+01  5.44896E-17
4.57088E+01  2.67437E-17
4.78630E+01  2.44509E-17
5.01187E+01  2.57447E-17
5.24807E+01  3.02649E-17
5.49541E+01  5.12524E-17
5.75440E+01  9.81039E-17
6.02560E+01  8.20377E-17
6.30957E+01  1.05782E-16
6.60693E+01  6.54910E-17
6.91831E+01  6.16873E-17
7.24436E+01  6.05966E-17
7.58578E+01  6.50148E-17
7.94328E+01  7.67685E-17
8.31764E+01  1.05514E-16
8.70963E+01  1.20529E-16
9.12011E+01  1.10433E-16
9.54992E+01  1.20789E-16
1.00000E+02  1.25686E-16
1.04713E+02  1.36022E-16
1.09648E+02  1.49348E-16
1.14815E+02  1.66214E-16
1.20226E+02  1.88967E-16
1.25893E+02  2.19330E-16
1.31826E+02  2.60266E-16
1.38038E+02  3.15983E-16
1.44544E+02  3.90222E-16
1.51356E+02  4.86123E-16
1.58489E+02  6.02217E-16
1.65959E+02  7.33012E-16
1.73780E+02  8.71245E-16
1.81970E+02  1.00833E-15
1.90546E+02  1.14006E-15
1.99526E+02  1.26548E-15
2.08930E+02  1.38536E-15
2.18776E+02  1.50147E-15
2.29087E+02  1.61684E-15
2.39883E+02  1.73049E-15
2.51189E+02  1.84262E-15
2.63027E+02  1.95192E-15
2.75423E+02  2.05700E-15
2.88403E+02  2.15231E-15
3.01995E+02  2.23754E-15
3.16228E+02  2.31723E-15
3.31131E+02  2.37573E-15
3.46737E+02  2.42201E-15
3.63078E+02  2.45343E-15
3.80189E+02  2.46188E-15
3.98107E+02  2.45044E-15
4.16869E+02  2.42768E-15
4.36516E+02  2.38528E-15
4.57088E+02  2.33212E-15
4.78630E+02  2.25952E-15
5.01187E+02  2.18072E-15
5.24807E+02  2.09088E-15
5.49541E+02  1.99241E-15
5.75440E+02  1.89316E-15
6.02560E+02  1.79581E-15
6.30957E+02  1.70071E-15
6.60693E+02  1.61529E-15
6.91831E+02  1.52204E-15
7.24436E+02  1.39778E-15
7.58577E+02  1.26102E-15
7.94328E+02  1.13643E-15
8.31763E+02  1.02380E-15
8.70963E+02  9.19990E-16
9.12011E+02  8.25216E-16
9.54993E+02  7.37161E-16
1.00000E+03  6.57615E-16
1.04713E+03  5.84435E-16
1.09648E+03  5.18218E-16
1.14815E+03  4.58094E-16
1.20226E+03  4.03497E-16
1.25893E+03  3.52980E-16
1.31826E+03  3.06047E-16
1.38038E+03  2.64893E-16
1.44544E+03  2.29166E-16
1.51356E+03  1.98052E-16
1.58489E+03  1.70793E-16
1.65959E+03  1.47155E-16
1.73780E+03  1.26607E-16
1.81970E+03  1.09145E-16
1.90546E+03  9.39239E-17
1.99526E+03  8.07525E-17
2.08930E+03  6.94803E-17
2.18776E+03  5.97514E-17
2.29087E+03  5.13906E-17
2.39883E+03  4.42129E-17
2.51189E+03  3.80149E-17
2.63027E+03  3.27153E-17
2.75423E+03  2.81585E-17
2.88403E+03  2.42654E-17
3.01995E+03  2.09251E-17
3.16228E+03  1.80621E-17
3.31131E+03  1.56013E-17
3.46737E+03  1.35009E-17
3.63078E+03  1.17057E-17
3.80189E+03  1.01501E-17
3.98107E+03  8.81546E-18
4.16869E+03  7.67478E-18
4.36516E+03  6.69041E-18
4.57088E+03  5.84190E-18
4.78630E+03  5.11576E-18
5.01187E+03  4.49625E-18
5.24807E+03  3.96373E-18
5.49541E+03  3.50832E-18
5.75440E+03  3.12261E-18
6.02560E+03  2.79150E-18
6.30957E+03  2.51470E-18
6.60693E+03  2.27231E-18
6.91831E+03  2.07131E-18
7.24436E+03  1.89905E-18
7.58577E+03  1.75877E-18
7.94328E+03  1.63732E-18
8.31763E+03  1.53704E-18
8.70963E+03  1.45289E-18
9.12010E+03  1.38345E-18
9.54993E+03  1.32606E-18
