#column 1 : lambda in microns
#column 2 : snu_eff in Jy / Lsun (in the cosmo of Planck 2013 XXX)
1.00000E+00  4.39172E-24
1.04713E+00  1.37351E-23
1.09648E+00  4.29639E-23
1.14815E+00  1.34416E-22
1.20226E+00  4.20601E-22
1.25893E+00  1.31633E-21
1.31826E+00  4.12033E-21
1.38038E+00  1.28995E-20
1.44544E+00  4.03910E-20
1.51356E+00  1.26494E-19
1.58489E+00  3.96209E-19
1.65959E+00  1.24123E-18
1.73780E+00  4.42986E-18
1.81970E+00  3.95059E-18
1.90546E+00  2.77211E-18
1.99526E+00  3.52138E-18
2.08930E+00  5.98299E-18
2.18776E+00  6.36113E-18
2.29087E+00  5.20374E-18
2.39883E+00  4.85377E-18
2.51189E+00  4.96169E-18
2.63027E+00  5.29359E-18
2.75423E+00  5.74156E-18
2.88403E+00  6.22783E-18
3.01995E+00  6.59639E-18
3.16228E+00  6.45489E-18
3.31131E+00  7.47273E-18
3.46737E+00  8.92913E-18
3.63078E+00  1.00925E-17
3.80189E+00  1.12220E-17
3.98107E+00  1.24060E-17
4.16869E+00  1.37035E-17
4.36516E+00  1.51410E-17
4.57088E+00  1.68116E-17
4.78630E+00  1.89847E-17
5.01187E+00  2.26854E-17
5.24807E+00  3.48605E-17
5.49541E+00  5.09959E-16
5.75440E+00  6.15310E-17
6.02560E+00  3.56401E-17
6.30957E+00  3.39851E-17
6.60693E+00  3.58211E-17
6.91831E+00  3.92406E-17
7.24436E+00  4.40012E-17
7.58578E+00  5.04855E-17
7.94328E+00  5.97830E-17
8.31764E+00  7.56057E-17
8.70964E+00  1.38158E-16
9.12011E+00  1.54518E-16
9.54992E+00  3.48818E-16
1.00000E+01  4.03700E-16
1.04713E+01  2.27643E-15
1.09648E+01  6.97290E-16
1.14815E+01  7.83242E-16
1.20226E+01  1.13517E-15
1.25893E+01  2.92485E-15
1.31826E+01  3.66168E-15
1.38038E+01  1.65909E-15
1.44544E+01  2.05327E-15
1.51356E+01  8.74310E-16
1.58489E+01  7.11063E-16
1.65959E+01  7.13839E-16
1.73780E+01  8.08377E-16
1.81970E+01  1.19655E-15
1.90546E+01  4.49927E-15
1.99526E+01  2.33375E-15
2.08930E+01  2.72949E-15
2.18776E+01  1.98210E-15
2.29087E+01  1.87612E-15
2.39883E+01  1.70764E-15
2.51189E+01  1.65939E-15
2.63027E+01  1.87756E-15
2.75423E+01  2.85253E-15
2.88403E+01  2.96131E-15
3.01995E+01  2.69168E-15
3.16228E+01  2.81910E-15
3.31131E+01  2.83289E-15
3.46737E+01  2.99081E-15
3.63078E+01  3.20877E-15
3.80189E+01  3.48635E-15
3.98107E+01  3.84786E-15
4.16869E+01  4.31256E-15
4.36516E+01  4.90708E-15
4.57088E+01  5.66373E-15
4.78630E+01  6.61105E-15
5.01187E+01  7.76202E-15
5.24807E+01  9.08561E-15
5.49541E+01  1.05415E-14
5.75440E+01  1.20815E-14
6.02560E+01  1.36875E-14
6.30957E+01  1.53503E-14
6.60693E+01  1.71047E-14
6.91831E+01  1.90097E-14
7.24436E+01  2.11038E-14
7.58578E+01  2.34364E-14
7.94328E+01  2.60489E-14
8.31764E+01  2.89437E-14
8.70963E+01  3.21424E-14
9.12011E+01  3.56161E-14
9.54992E+01  3.93380E-14
1.00000E+02  4.32859E-14
1.04713E+02  4.73720E-14
1.09648E+02  5.15582E-14
1.14815E+02  5.57416E-14
1.20226E+02  5.98518E-14
1.25893E+02  6.38322E-14
1.31826E+02  6.75187E-14
1.38038E+02  7.08642E-14
1.44544E+02  7.38481E-14
1.51356E+02  7.63827E-14
1.58489E+02  7.84318E-14
1.65959E+02  7.99281E-14
1.73780E+02  8.09038E-14
1.81970E+02  8.13604E-14
1.90546E+02  8.14114E-14
1.99526E+02  8.12086E-14
2.08930E+02  8.08378E-14
2.18776E+02  8.05555E-14
2.29087E+02  8.00044E-14
2.39883E+02  7.72376E-14
2.51189E+02  7.25936E-14
2.63027E+02  6.78163E-14
2.75423E+02  6.33199E-14
2.88403E+02  5.90222E-14
3.01995E+02  5.47983E-14
3.16228E+02  5.07019E-14
3.31131E+02  4.66969E-14
3.46737E+02  4.28131E-14
3.63078E+02  3.91041E-14
3.80189E+02  3.55356E-14
3.98107E+02  3.21781E-14
4.16869E+02  2.89452E-14
4.36516E+02  2.57572E-14
4.57088E+02  2.28163E-14
4.78630E+02  2.01727E-14
5.01187E+02  1.77824E-14
5.24807E+02  1.56475E-14
5.49541E+02  1.37416E-14
5.75440E+02  1.20450E-14
6.02560E+02  1.05341E-14
6.30957E+02  9.20581E-15
6.60693E+02  8.03232E-15
6.91831E+02  6.99809E-15
7.24436E+02  6.09367E-15
7.58577E+02  5.30211E-15
7.94328E+02  4.60712E-15
8.31763E+02  4.00239E-15
8.70963E+02  3.47418E-15
9.12011E+02  3.01391E-15
9.54993E+02  2.61454E-15
1.00000E+03  2.26669E-15
1.04713E+03  1.96550E-15
1.09648E+03  1.70338E-15
1.14815E+03  1.47764E-15
1.20226E+03  1.28094E-15
1.25893E+03  1.11030E-15
1.31826E+03  9.62648E-16
1.38038E+03  8.34516E-16
1.44544E+03  7.23275E-16
1.51356E+03  6.26534E-16
1.58489E+03  5.42918E-16
1.65959E+03  4.70601E-16
1.73780E+03  4.08686E-16
1.81970E+03  3.54097E-16
1.90546E+03  3.08405E-16
1.99526E+03  2.68085E-16
2.08930E+03  2.33793E-16
2.18776E+03  2.04361E-16
2.29087E+03  1.79162E-16
2.39883E+03  1.57317E-16
2.51189E+03  1.38795E-16
2.63027E+03  1.22729E-16
2.75423E+03  1.09068E-16
2.88403E+03  9.74508E-17
3.01995E+03  8.74380E-17
3.16228E+03  7.89394E-17
3.31131E+03  7.16650E-17
3.46737E+03  6.54630E-17
3.63078E+03  6.02198E-17
3.80189E+03  5.57440E-17
3.98107E+03  5.19663E-17
4.16869E+03  4.87735E-17
4.36516E+03  4.60916E-17
4.57088E+03  4.38532E-17
4.78630E+03  4.19922E-17
5.01187E+03  4.04492E-17
5.24807E+03  3.91873E-17
5.49541E+03  3.81703E-17
5.75440E+03  3.73654E-17
6.02560E+03  3.67395E-17
6.30957E+03  3.62800E-17
6.60693E+03  3.59601E-17
6.91831E+03  3.57605E-17
7.24436E+03  3.56709E-17
7.58577E+03  3.56776E-17
7.94328E+03  3.57693E-17
8.31763E+03  3.59382E-17
8.70963E+03  3.61759E-17
9.12010E+03  3.64764E-17
9.54993E+03  3.68341E-17
