#column 1 : lambda in microns
#column 2 : snu_eff in Jy / Lsun (in the cosmo of Planck 2013 XXX)
1.00000E+00  2.83960E-20
1.04713E+00  8.86588E-20
1.09648E+00  2.76839E-19
1.14815E+00  8.64516E-19
1.20226E+00  2.69997E-18
1.25893E+00  8.43308E-18
1.31826E+00  3.00169E-17
1.38038E+00  2.67823E-17
1.44544E+00  1.88131E-17
1.51356E+00  2.38918E-17
1.58489E+00  4.05588E-17
1.65959E+00  4.31290E-17
1.73780E+00  3.53053E-17
1.81970E+00  3.29456E-17
1.90546E+00  3.36869E-17
1.99526E+00  3.59448E-17
2.08930E+00  3.89838E-17
2.18776E+00  4.22886E-17
2.29087E+00  4.47912E-17
2.39883E+00  4.38437E-17
2.51189E+00  5.07448E-17
2.63027E+00  6.06141E-17
2.75423E+00  6.84954E-17
2.88403E+00  7.61508E-17
3.01995E+00  8.41698E-17
3.16228E+00  9.29461E-17
3.31131E+00  1.02671E-16
3.46737E+00  1.13957E-16
3.63078E+00  1.28627E-16
3.80189E+00  1.53601E-16
3.98107E+00  2.35830E-16
4.16869E+00  3.44753E-15
4.36516E+00  4.15776E-16
4.57088E+00  2.40447E-16
4.78630E+00  2.28817E-16
5.01187E+00  2.40612E-16
5.24807E+00  2.62875E-16
5.49541E+00  2.93923E-16
5.75440E+00  3.36240E-16
6.02560E+00  3.97177E-16
6.30957E+00  5.01577E-16
6.60693E+00  9.20497E-16
6.91831E+00  1.02720E-15
7.24436E+00  2.33178E-15
7.58578E+00  2.69568E-15
7.94328E+00  1.52914E-14
8.31764E+00  4.65660E-15
8.70964E+00  5.22529E-15
9.12011E+00  7.57790E-15
9.54992E+00  1.95745E-14
1.00000E+01  2.44928E-14
1.04713E+01  1.10539E-14
1.09648E+01  1.36856E-14
1.14815E+01  5.76712E-15
1.20226E+01  4.65481E-15
1.25893E+01  4.65343E-15
1.31826E+01  5.26633E-15
1.38038E+01  7.85178E-15
1.44544E+01  2.99901E-14
1.51356E+01  1.54289E-14
1.58489E+01  1.80440E-14
1.65959E+01  1.30049E-14
1.73780E+01  1.22585E-14
1.81970E+01  1.10867E-14
1.90546E+01  1.07000E-14
1.99526E+01  1.20619E-14
2.08930E+01  1.84012E-14
2.18776E+01  1.89814E-14
2.29087E+01  1.70573E-14
2.39883E+01  1.77525E-14
2.51189E+01  1.77112E-14
2.63027E+01  1.86091E-14
2.75423E+01  1.98727E-14
2.88403E+01  2.14904E-14
3.01995E+01  2.36026E-14
3.16228E+01  2.63159E-14
3.31131E+01  2.97735E-14
3.46737E+01  3.41468E-14
3.63078E+01  3.95743E-14
3.80189E+01  4.60978E-14
3.98107E+01  5.35100E-14
4.16869E+01  6.15768E-14
4.36516E+01  7.00488E-14
4.57088E+01  7.88802E-14
4.78630E+01  8.80813E-14
5.01187E+01  9.79147E-14
5.24807E+01  1.08772E-13
5.49541E+01  1.20933E-13
5.75440E+01  1.34723E-13
6.02560E+01  1.50444E-13
6.30957E+01  1.68167E-13
6.60693E+01  1.88087E-13
6.91831E+01  2.10097E-13
7.24436E+01  2.34087E-13
7.58578E+01  2.59992E-13
7.94328E+01  2.87317E-13
8.31764E+01  3.15865E-13
8.70963E+01  3.44963E-13
9.12011E+01  3.74216E-13
9.54992E+01  4.03268E-13
1.00000E+02  4.30957E-13
1.04713E+02  4.56917E-13
1.09648E+02  4.80970E-13
1.14815E+02  5.02411E-13
1.20226E+02  5.20923E-13
1.25893E+02  5.35946E-13
1.31826E+02  5.47523E-13
1.38038E+02  5.55737E-13
1.44544E+02  5.61000E-13
1.51356E+02  5.64574E-13
1.58489E+02  5.66844E-13
1.65959E+02  5.69701E-13
1.73780E+02  5.70435E-13
1.81970E+02  5.54941E-13
1.90546E+02  5.25113E-13
1.99526E+02  4.93784E-13
2.08930E+02  4.63951E-13
2.18776E+02  4.35096E-13
2.29087E+02  4.06361E-13
2.39883E+02  3.78121E-13
2.51189E+02  3.50167E-13
2.63027E+02  3.22691E-13
2.75423E+02  2.96224E-13
2.88403E+02  2.70449E-13
3.01995E+02  2.46016E-13
3.16228E+02  2.22242E-13
3.31131E+02  1.98603E-13
3.46737E+02  1.76600E-13
3.63078E+02  1.56729E-13
3.80189E+02  1.38651E-13
3.98107E+02  1.22403E-13
4.16869E+02  1.07831E-13
4.36516E+02  9.47951E-14
4.57088E+02  8.31312E-14
4.78630E+02  7.28398E-14
5.01187E+02  6.37070E-14
5.24807E+02  5.56329E-14
5.49541E+02  4.85484E-14
5.75440E+02  4.23278E-14
6.02560E+02  3.68451E-14
6.30957E+02  3.20661E-14
6.60693E+02  2.78810E-14
6.91831E+02  2.42197E-14
7.24436E+02  2.10401E-14
7.58577E+02  1.82639E-14
7.94328E+02  1.58546E-14
8.31763E+02  1.37542E-14
8.70963E+02  1.19417E-14
9.12011E+02  1.03599E-14
9.54993E+02  8.98507E-15
1.00000E+03  7.79337E-15
1.04713E+03  6.75783E-15
1.09648E+03  5.85784E-15
1.14815E+03  5.07351E-15
1.20226E+03  4.39499E-15
1.25893E+03  3.80781E-15
1.31826E+03  3.30381E-15
1.38038E+03  2.85933E-15
1.44544E+03  2.48660E-15
1.51356E+03  2.15743E-15
1.58489E+03  1.87709E-15
1.65959E+03  1.63646E-15
1.73780E+03  1.43008E-15
1.81970E+03  1.25097E-15
1.90546E+03  1.09892E-15
1.99526E+03  9.66873E-16
2.08930E+03  8.54433E-16
2.18776E+03  7.58679E-16
2.29087E+03  6.76008E-16
2.39883E+03  6.05760E-16
2.51189E+03  5.45473E-16
2.63027E+03  4.93984E-16
2.75423E+03  4.50353E-16
2.88403E+03  4.12969E-16
3.01995E+03  3.81341E-16
3.16228E+03  3.54474E-16
3.31131E+03  3.31797E-16
3.46737E+03  3.12759E-16
3.63078E+03  2.96792E-16
3.80189E+03  2.83424E-16
3.98107E+03  2.72347E-16
4.16869E+03  2.63262E-16
4.36516E+03  2.55901E-16
4.57088E+03  2.49988E-16
4.78630E+03  2.45418E-16
5.01187E+03  2.41971E-16
5.24807E+03  2.39492E-16
5.49541E+03  2.37885E-16
5.75440E+03  2.37043E-16
6.02560E+03  2.36870E-16
6.30957E+03  2.37301E-16
6.60693E+03  2.38268E-16
6.91831E+03  2.39718E-16
7.24436E+03  2.41606E-16
7.58577E+03  2.43889E-16
7.94328E+03  2.46544E-16
8.31763E+03  2.49535E-16
8.70963E+03  2.52849E-16
9.12010E+03  2.56460E-16
9.54993E+03  2.60353E-16
