#column 1 : lambda in microns
#column 2 : snu_eff in Jy / Lsun (in the cosmo of Planck 2013 XXX)
1.00000E+00  0.00000E+00
1.04713E+00  0.00000E+00
1.09648E+00  1.40130E-45
1.14815E+00  5.60519E-45
1.20226E+00  2.24208E-44
1.25893E+00  6.58610E-44
1.31826E+00  2.03188E-43
1.38038E+00  6.27782E-43
1.44544E+00  1.92959E-42
1.51356E+00  5.89947E-42
1.58489E+00  1.80613E-41
1.65959E+00  5.54073E-41
1.73780E+00  1.70304E-40
1.81970E+00  5.24453E-40
1.90546E+00  1.61812E-39
1.99526E+00  5.00175E-39
2.08930E+00  1.54894E-38
2.18776E+00  4.80548E-38
2.29087E+00  1.49353E-37
2.39883E+00  4.64997E-37
2.51189E+00  1.45019E-36
2.63027E+00  4.53022E-36
2.75423E+00  1.41746E-35
2.88403E+00  4.44195E-35
3.01995E+00  1.39407E-34
3.16228E+00  4.38144E-34
3.31131E+00  1.37893E-33
3.46737E+00  4.34545E-33
3.63078E+00  1.37111E-32
3.80189E+00  4.33129E-32
3.98107E+00  1.36978E-31
4.16869E+00  4.33655E-31
4.36516E+00  1.37426E-30
4.57088E+00  4.35918E-30
4.78630E+00  1.38397E-29
5.01187E+00  4.39749E-29
5.24807E+00  1.39836E-28
5.49541E+00  4.44992E-28
5.75440E+00  1.41703E-27
6.02560E+00  4.51522E-27
6.30957E+00  1.43958E-26
6.60693E+00  4.59232E-26
6.91831E+00  1.46571E-25
7.24436E+00  4.68026E-25
7.58578E+00  1.49515E-24
7.94328E+00  4.77834E-24
8.31764E+00  1.52767E-23
8.70964E+00  4.88580E-23
9.12011E+00  1.56309E-22
9.54992E+00  5.00219E-22
1.00000E+01  1.60124E-21
1.04713E+01  5.12699E-21
1.09648E+01  1.64993E-20
1.14815E+01  4.43372E-20
1.20226E+01  2.24712E-20
1.25893E+01  2.19708E-20
1.31826E+01  3.42898E-20
1.38038E+01  5.06283E-20
1.44544E+01  4.25418E-20
1.51356E+01  3.68459E-20
1.58489E+01  3.61732E-20
1.65959E+01  3.78680E-20
1.73780E+01  4.08050E-20
1.81970E+01  4.43416E-20
1.90546E+01  4.77343E-20
1.99526E+01  4.87495E-20
2.08930E+01  4.94706E-20
2.18776E+01  6.11821E-20
2.29087E+01  7.06758E-20
2.39883E+01  7.92354E-20
2.51189E+01  8.78680E-20
2.63027E+01  9.71189E-20
2.75423E+01  1.07381E-19
2.88403E+01  1.19211E-19
3.01995E+01  1.33482E-19
3.16228E+01  1.54289E-19
3.31131E+01  1.99876E-19
3.46737E+01  5.06444E-19
3.63078E+01  1.73221E-18
3.80189E+01  3.15542E-19
3.98107E+01  2.65035E-19
4.16869E+01  2.73406E-19
4.36516E+01  2.99594E-19
4.57088E+01  3.38206E-19
4.78630E+01  3.90318E-19
5.01187E+01  4.62087E-19
5.24807E+01  5.67856E-19
5.49541E+01  7.87511E-19
5.75440E+01  1.52396E-18
6.02560E+01  1.68861E-18
6.30957E+01  2.59886E-18
6.60693E+01  7.77007E-18
6.91831E+01  7.63263E-18
7.24436E+01  6.38216E-18
7.58578E+01  7.18284E-18
7.94328E+01  1.38823E-17
8.31764E+01  3.12439E-17
8.70963E+01  1.98239E-17
9.12011E+01  1.37306E-17
9.54992E+01  1.09485E-17
1.00000E+02  6.81958E-18
1.04713E+02  6.55110E-18
1.09648E+02  7.08138E-18
1.14815E+02  8.69516E-18
1.20226E+02  2.08127E-17
1.25893E+02  1.99867E-17
1.31826E+02  2.08571E-17
1.38038E+02  2.60720E-17
1.44544E+02  1.82663E-17
1.51356E+02  1.62485E-17
1.58489E+02  1.61862E-17
1.65959E+02  1.79160E-17
1.73780E+02  2.16237E-17
1.81970E+02  2.87169E-17
1.90546E+02  3.00654E-17
1.99526E+02  2.98318E-17
2.08930E+02  3.21290E-17
2.18776E+02  3.41375E-17
2.29087E+02  3.70924E-17
2.39883E+02  4.09127E-17
2.51189E+02  4.57819E-17
2.63027E+02  5.22792E-17
2.75423E+02  6.09630E-17
2.88403E+02  7.27337E-17
3.01995E+02  8.87280E-17
3.16228E+02  1.09936E-16
3.31131E+02  1.36959E-16
3.46737E+02  1.68926E-16
3.63078E+02  2.04621E-16
3.80189E+02  2.41747E-16
3.98107E+02  2.77994E-16
4.16869E+02  3.12825E-16
4.36516E+02  3.45892E-16
4.57088E+02  3.77581E-16
4.78630E+02  4.08426E-16
5.01187E+02  4.39037E-16
5.24807E+02  4.69351E-16
5.49541E+02  4.99264E-16
5.75440E+02  5.28175E-16
6.02560E+02  5.54969E-16
6.30957E+02  5.80294E-16
6.60693E+02  6.03634E-16
6.91831E+02  6.22504E-16
7.24436E+02  6.37645E-16
7.58577E+02  6.48017E-16
7.94328E+02  6.54954E-16
8.31763E+02  6.56491E-16
8.70963E+02  6.54115E-16
9.12011E+02  6.45849E-16
9.54993E+02  6.33319E-16
1.00000E+03  6.17535E-16
1.04713E+03  5.98680E-16
1.09648E+03  5.75944E-16
1.14815E+03  5.51835E-16
1.20226E+03  5.25560E-16
1.25893E+03  4.99418E-16
1.31826E+03  4.72916E-16
1.38038E+03  4.48481E-16
1.44544E+03  4.25662E-16
1.51356E+03  3.99505E-16
1.58489E+03  3.63885E-16
1.65959E+03  3.28190E-16
1.73780E+03  2.95547E-16
1.81970E+03  2.65891E-16
1.90546E+03  2.38949E-16
1.99526E+03  2.14283E-16
2.08930E+03  1.91355E-16
2.18776E+03  1.70556E-16
2.29087E+03  1.51536E-16
2.39883E+03  1.34098E-16
2.51189E+03  1.18430E-16
2.63027E+03  1.04237E-16
2.75423E+03  9.09918E-17
2.88403E+03  7.88517E-17
3.01995E+03  6.82445E-17
3.16228E+03  5.89960E-17
3.31131E+03  5.08800E-17
3.46737E+03  4.39280E-17
3.63078E+03  3.78547E-17
3.80189E+03  3.25921E-17
3.98107E+03  2.80486E-17
4.16869E+03  2.41435E-17
4.36516E+03  2.07646E-17
4.57088E+03  1.78531E-17
4.78630E+03  1.53578E-17
5.01187E+03  1.32053E-17
5.24807E+03  1.13648E-17
5.49541E+03  9.77586E-18
5.75440E+03  8.41459E-18
6.02560E+03  7.24456E-18
6.30957E+03  6.24433E-18
6.60693E+03  5.38847E-18
6.91831E+03  4.64474E-18
7.24436E+03  4.01738E-18
7.58577E+03  3.47713E-18
7.94328E+03  3.01293E-18
8.31763E+03  2.61519E-18
8.70963E+03  2.27289E-18
9.12010E+03  1.97911E-18
9.54993E+03  1.72574E-18
