#column 1 : lambda in microns
#column 2 : snu_eff in Jy / Lsun (in the cosmo of Planck 2013 XXX)
1.00000E+00  3.99833E-38
1.04713E+00  1.23988E-37
1.09648E+00  3.85175E-37
1.14815E+00  1.19867E-36
1.20226E+00  3.73668E-36
1.25893E+00  1.16680E-35
1.31826E+00  3.64929E-35
1.38038E+00  1.14314E-34
1.44544E+00  3.58629E-34
1.51356E+00  1.12672E-33
1.58489E+00  3.54479E-33
1.65959E+00  1.11671E-32
1.73780E+00  3.52236E-32
1.81970E+00  1.11237E-31
1.90546E+00  3.51687E-31
1.99526E+00  1.11309E-30
2.08930E+00  3.52651E-30
2.18776E+00  1.11834E-29
2.29087E+00  3.54971E-29
2.39883E+00  1.12766E-28
2.51189E+00  3.58512E-28
2.63027E+00  1.14065E-27
2.75423E+00  3.63162E-27
2.88403E+00  1.15698E-26
3.01995E+00  3.68821E-26
3.16228E+00  1.17638E-25
3.31131E+00  3.75407E-25
3.46737E+00  1.19858E-24
3.63078E+00  3.82851E-24
3.80189E+00  1.22340E-23
3.98107E+00  3.91092E-23
4.16869E+00  1.25067E-22
4.36516E+00  4.00080E-22
4.57088E+00  1.28022E-21
4.78630E+00  4.09776E-21
5.01187E+00  1.31196E-20
5.24807E+00  4.20143E-20
5.49541E+00  1.51619E-19
5.75440E+00  8.54558E-20
6.02560E+00  7.16779E-20
6.30957E+00  1.01910E-19
6.60693E+00  1.67772E-19
6.91831E+00  1.54238E-19
7.24436E+00  1.28779E-19
7.58578E+00  1.23397E-19
7.94328E+00  1.27638E-19
8.31764E+00  1.36866E-19
8.70964E+00  1.48582E-19
9.12011E+00  1.60903E-19
9.54992E+00  1.67747E-19
1.00000E+01  1.63898E-19
1.04713E+01  1.99631E-19
1.09648E+01  2.34766E-19
1.14815E+01  2.64028E-19
1.20226E+01  2.93006E-19
1.25893E+01  3.24171E-19
1.31826E+01  3.58419E-19
1.38038E+01  3.97333E-19
1.44544E+01  4.43536E-19
1.51356E+01  5.06845E-19
1.58489E+01  6.26882E-19
1.65959E+01  1.15585E-18
1.73780E+01  2.67587E-17
1.81970E+01  1.24148E-18
1.90546E+01  9.17665E-19
1.99526E+01  9.21201E-19
2.08930E+01  9.98965E-19
2.18776E+01  1.12034E-18
2.29087E+01  1.28579E-18
2.39883E+01  1.51276E-18
2.51189E+01  1.83681E-18
2.63027E+01  2.41275E-18
2.75423E+01  5.17595E-18
2.88403E+01  4.83178E-18
3.01995E+01  9.69225E-18
3.16228E+01  1.57855E-17
3.31131E+01  4.10333E-17
3.46737E+01  2.06355E-17
3.63078E+01  2.28275E-17
3.80189E+01  3.85025E-17
3.98107E+01  1.03542E-16
4.16869E+01  8.75827E-17
4.36516E+01  4.53752E-17
4.57088E+01  4.97850E-17
4.78630E+01  2.44348E-17
5.01187E+01  2.23399E-17
5.24807E+01  2.35220E-17
5.49541E+01  2.76521E-17
5.75440E+01  4.68276E-17
6.02560E+01  8.96341E-17
6.30957E+01  7.49551E-17
6.60693E+01  9.66503E-17
6.91831E+01  5.98369E-17
7.24436E+01  5.63615E-17
7.58578E+01  5.53651E-17
7.94328E+01  5.94019E-17
8.31764E+01  7.01407E-17
8.70963E+01  9.64049E-17
9.12011E+01  1.10123E-16
9.54992E+01  1.00899E-16
1.00000E+02  1.10361E-16
1.04713E+02  1.14835E-16
1.09648E+02  1.24279E-16
1.14815E+02  1.36454E-16
1.20226E+02  1.51864E-16
1.25893E+02  1.72653E-16
1.31826E+02  2.00394E-16
1.38038E+02  2.37796E-16
1.44544E+02  2.88704E-16
1.51356E+02  3.56532E-16
1.58489E+02  4.44154E-16
1.65959E+02  5.50226E-16
1.73780E+02  6.69726E-16
1.81970E+02  7.96027E-16
1.90546E+02  9.21276E-16
1.99526E+02  1.04163E-15
2.08930E+02  1.15622E-15
2.18776E+02  1.26576E-15
2.29087E+02  1.37184E-15
2.39883E+02  1.47725E-15
2.51189E+02  1.58109E-15
2.63027E+02  1.68354E-15
2.75423E+02  1.78340E-15
2.88403E+02  1.87941E-15
3.01995E+02  1.96649E-15
3.16228E+02  2.04436E-15
3.31131E+02  2.11717E-15
3.46737E+02  2.17063E-15
3.63078E+02  2.21291E-15
3.80189E+02  2.24162E-15
3.98107E+02  2.24934E-15
4.16869E+02  2.23888E-15
4.36516E+02  2.21809E-15
4.57088E+02  2.17935E-15
4.78630E+02  2.13077E-15
5.01187E+02  2.06445E-15
5.24807E+02  1.99245E-15
5.49541E+02  1.91037E-15
5.75440E+02  1.82039E-15
6.02560E+02  1.72971E-15
6.30957E+02  1.64077E-15
6.60693E+02  1.55388E-15
6.91831E+02  1.47584E-15
7.24436E+02  1.39064E-15
7.58577E+02  1.27710E-15
7.94328E+02  1.15216E-15
8.31763E+02  1.03832E-15
8.70963E+02  9.35408E-16
9.12011E+02  8.40562E-16
9.54993E+02  7.53972E-16
1.00000E+03  6.73518E-16
1.04713E+03  6.00840E-16
1.09648E+03  5.33977E-16
1.14815E+03  4.73478E-16
1.20226E+03  4.18545E-16
1.25893E+03  3.68662E-16
1.31826E+03  3.22505E-16
1.38038E+03  2.79625E-16
1.44544E+03  2.42024E-16
1.51356E+03  2.09381E-16
1.58489E+03  1.80954E-16
1.65959E+03  1.56047E-16
1.73780E+03  1.34450E-16
1.81970E+03  1.15677E-16
1.90546E+03  9.97219E-17
1.99526E+03  8.58149E-17
2.08930E+03  7.37809E-17
2.18776E+03  6.34818E-17
2.29087E+03  5.45928E-17
2.39883E+03  4.69539E-17
2.51189E+03  4.03958E-17
2.63027E+03  3.47328E-17
2.75423E+03  2.98908E-17
2.88403E+03  2.57273E-17
3.01995E+03  2.21705E-17
3.16228E+03  1.91185E-17
3.31131E+03  1.65027E-17
3.46737E+03  1.42544E-17
3.63078E+03  1.23353E-17
3.80189E+03  1.06951E-17
3.98107E+03  9.27379E-18
4.16869E+03  8.05438E-18
4.36516E+03  7.01218E-18
4.57088E+03  6.11280E-18
4.78630E+03  5.33754E-18
5.01187E+03  4.67408E-18
5.24807E+03  4.10807E-18
5.49541E+03  3.62153E-18
5.75440E+03  3.20544E-18
6.02560E+03  2.85302E-18
6.30957E+03  2.55050E-18
6.60693E+03  2.29760E-18
6.91831E+03  2.07614E-18
7.24436E+03  1.89248E-18
7.58577E+03  1.73509E-18
7.94328E+03  1.60693E-18
8.31763E+03  1.49597E-18
8.70963E+03  1.40434E-18
9.12010E+03  1.32746E-18
9.54993E+03  1.26401E-18
