#column 1 : lambda in microns
#column 2 : snu_eff in Jy / Lsun (in the cosmo of Planck 2013 XXX)
1.00000E+00  1.91417E-42
1.04713E+00  5.84482E-42
1.09648E+00  1.78722E-41
1.14815E+00  5.47866E-41
1.20226E+00  1.68234E-40
1.25893E+00  5.17591E-40
1.31826E+00  1.59539E-39
1.38038E+00  4.92677E-39
1.44544E+00  1.52428E-38
1.51356E+00  4.72455E-38
1.58489E+00  1.46703E-37
1.65959E+00  4.56337E-37
1.73780E+00  1.42194E-36
1.81970E+00  4.43820E-36
1.90546E+00  1.38752E-35
1.99526E+00  4.34467E-35
2.08930E+00  1.36249E-34
2.18776E+00  4.27903E-34
2.29087E+00  1.34575E-33
2.39883E+00  4.23805E-33
2.51189E+00  1.33635E-32
2.63027E+00  4.21891E-32
2.75423E+00  1.33347E-31
2.88403E+00  4.21925E-31
3.01995E+00  1.33640E-30
3.16228E+00  4.23698E-30
3.31131E+00  1.34454E-29
3.46737E+00  4.27032E-29
3.63078E+00  1.35737E-28
3.80189E+00  4.31779E-28
3.98107E+00  1.37445E-27
4.16869E+00  4.37808E-27
4.36516E+00  1.39541E-26
4.57088E+00  4.45005E-26
4.78630E+00  1.41991E-25
5.01187E+00  4.53284E-25
5.24807E+00  1.44769E-24
5.49541E+00  4.62559E-24
5.75440E+00  1.47852E-23
6.02560E+00  4.72766E-23
6.30957E+00  1.51220E-22
6.60693E+00  4.83850E-22
6.91831E+00  1.54858E-21
7.24436E+00  4.95762E-21
7.58578E+00  1.58753E-20
7.94328E+00  5.78211E-20
8.31764E+00  5.13948E-20
8.70964E+00  3.57394E-20
9.12011E+00  4.54936E-20
9.54992E+00  7.77715E-20
1.00000E+01  8.26892E-20
1.04713E+01  6.72488E-20
1.09648E+01  6.24534E-20
1.14815E+01  6.37187E-20
1.20226E+01  6.78999E-20
1.25893E+01  7.36200E-20
1.31826E+01  7.97955E-20
1.38038E+01  8.44040E-20
1.44544E+01  8.23598E-20
1.51356E+01  9.56605E-20
1.58489E+01  1.14641E-19
1.65959E+01  1.29637E-19
1.73780E+01  1.44412E-19
1.81970E+01  1.59827E-19
1.90546E+01  1.76666E-19
1.99526E+01  1.95757E-19
2.08930E+01  2.17654E-19
2.18776E+01  2.46817E-19
2.29087E+01  2.96296E-19
2.39883E+01  4.58281E-19
2.51189E+01  6.74426E-18
2.63027E+01  8.15747E-19
2.75423E+01  4.76817E-19
2.88403E+01  4.60544E-19
3.01995E+01  4.92846E-19
3.16228E+01  5.49097E-19
3.31131E+01  6.27243E-19
3.46737E+01  7.32340E-19
3.63078E+01  8.80838E-19
3.80189E+01  1.12249E-18
3.98107E+01  2.00189E-18
4.16869E+01  2.26877E-18
4.36516E+01  4.95308E-18
4.57088E+01  5.77012E-18
4.78630E+01  3.13766E-17
5.01187E+01  9.96815E-18
5.24807E+01  1.12635E-17
5.49541E+01  1.62627E-17
5.75440E+01  4.13046E-17
6.02560E+01  5.18966E-17
6.30957E+01  2.40732E-17
6.60693E+01  2.97523E-17
6.91831E+01  1.34136E-17
7.24436E+01  1.13440E-17
7.58578E+01  1.16361E-17
7.94328E+01  1.32363E-17
8.31764E+01  1.89353E-17
8.70963E+01  6.56386E-17
9.12011E+01  3.56999E-17
9.54992E+01  4.18746E-17
1.00000E+02  3.17328E-17
1.04713E+02  3.07942E-17
1.09648E+02  2.90132E-17
1.14815E+02  2.91664E-17
1.20226E+02  3.36422E-17
1.25893E+02  5.04343E-17
1.31826E+02  5.39041E-17
1.38038E+02  5.14011E-17
1.44544E+02  5.52233E-17
1.51356E+02  5.70947E-17
1.58489E+02  6.14585E-17
1.65959E+02  6.72227E-17
1.73780E+02  7.46749E-17
1.81970E+02  8.43755E-17
1.90546E+02  9.73972E-17
1.99526E+02  1.14907E-16
2.08930E+02  1.38687E-16
2.18776E+02  1.70697E-16
2.29087E+02  2.12483E-16
2.39883E+02  2.63726E-16
2.51189E+02  3.22825E-16
2.63027E+02  3.85975E-16
2.75423E+02  4.49910E-16
2.88403E+02  5.11554E-16
3.01995E+02  5.70106E-16
3.16228E+02  6.25984E-16
3.31131E+02  6.80352E-16
3.46737E+02  7.33472E-16
3.63078E+02  7.86156E-16
3.80189E+02  8.38156E-16
3.98107E+02  8.89085E-16
4.16869E+02  9.37080E-16
4.36516E+02  9.83618E-16
4.57088E+02  1.02506E-15
4.78630E+02  1.06132E-15
5.01187E+02  1.09115E-15
5.24807E+02  1.11326E-15
5.49541E+02  1.13016E-15
5.75440E+02  1.13571E-15
6.02560E+02  1.13468E-15
6.30957E+02  1.12402E-15
6.60693E+02  1.10734E-15
6.91831E+02  1.08342E-15
7.24436E+02  1.05266E-15
7.58577E+02  1.01717E-15
7.94328E+02  9.77183E-16
8.31763E+02  9.31675E-16
8.70963E+02  8.87374E-16
9.12011E+02  8.41043E-16
9.54993E+02  7.96316E-16
1.00000E+03  7.56480E-16
1.04713E+03  7.16757E-16
1.09648E+03  6.62350E-16
1.14815E+03  5.98334E-16
1.20226E+03  5.38386E-16
1.25893E+03  4.84796E-16
1.31826E+03  4.36295E-16
1.38038E+03  3.91472E-16
1.44544E+03  3.50429E-16
1.51356E+03  3.12705E-16
1.58489E+03  2.78158E-16
1.65959E+03  2.46844E-16
1.73780E+03  2.18140E-16
1.81970E+03  1.92349E-16
1.90546E+03  1.68748E-16
1.99526E+03  1.46574E-16
2.08930E+03  1.26904E-16
2.18776E+03  1.09776E-16
2.29087E+03  9.47375E-17
2.39883E+03  8.17796E-17
2.51189E+03  7.05803E-17
2.63027E+03  6.08157E-17
2.75423E+03  5.23113E-17
2.88403E+03  4.50407E-17
3.01995E+03  3.87394E-17
3.16228E+03  3.33035E-17
3.31131E+03  2.86472E-17
3.46737E+03  2.46430E-17
3.63078E+03  2.11868E-17
3.80189E+03  1.82344E-17
3.98107E+03  1.56928E-17
4.16869E+03  1.35110E-17
4.36516E+03  1.16455E-17
4.57088E+03  1.00355E-17
4.78630E+03  8.64603E-18
5.01187E+03  7.47024E-18
5.24807E+03  6.47586E-18
5.49541E+03  5.59848E-18
5.75440E+03  4.85562E-18
6.02560E+03  4.21670E-18
6.30957E+03  3.66776E-18
6.60693E+03  3.19655E-18
6.91831E+03  2.79111E-18
7.24436E+03  2.44257E-18
7.58577E+03  2.14390E-18
7.94328E+03  1.89014E-18
8.31763E+03  1.66903E-18
8.70963E+03  1.48515E-18
9.12010E+03  1.32467E-18
9.54993E+03  1.19076E-18
