#column 1 : lambda in microns
#column 2 : snu_eff in Jy / Lsun (in the cosmo of Planck 2013 XXX)
1.00000E+00  5.45322E-32
1.04713E+00  1.72339E-31
1.09648E+00  5.45004E-31
1.14815E+00  1.72460E-30
1.20226E+00  5.46062E-30
1.25893E+00  1.72999E-29
1.31826E+00  5.48383E-29
1.38038E+00  1.73921E-28
1.44544E+00  5.51869E-28
1.51356E+00  1.75196E-27
1.58489E+00  5.56430E-27
1.65959E+00  1.76801E-26
1.73780E+00  5.62003E-26
1.81970E+00  1.78715E-25
1.90546E+00  5.68523E-25
1.99526E+00  1.80921E-24
2.08930E+00  5.75940E-24
2.18776E+00  1.83403E-23
2.29087E+00  5.84215E-23
2.39883E+00  1.86152E-22
2.51189E+00  5.93313E-22
2.63027E+00  1.89156E-21
2.75423E+00  6.03210E-21
2.88403E+00  1.92408E-20
3.01995E+00  6.13881E-20
3.16228E+00  1.96845E-19
3.31131E+00  5.28091E-19
3.46737E+00  2.68142E-19
3.63078E+00  2.62446E-19
3.80189E+00  4.08987E-19
3.98107E+00  6.03576E-19
4.16869E+00  5.07501E-19
4.36516E+00  4.40030E-19
4.57088E+00  4.32342E-19
4.78630E+00  4.52679E-19
5.01187E+00  4.87768E-19
5.24807E+00  5.30263E-19
5.49541E+00  5.71051E-19
5.75440E+00  5.83038E-19
6.02560E+00  5.92214E-19
6.30957E+00  7.31226E-19
6.60693E+00  8.44863E-19
6.91831E+00  9.46323E-19
7.24436E+00  1.04896E-18
7.58578E+00  1.15961E-18
7.94328E+00  1.28169E-18
8.31764E+00  1.41977E-18
8.70964E+00  1.58916E-18
9.12011E+00  1.83376E-18
9.54992E+00  2.37071E-18
1.00000E+01  6.00076E-18
1.04713E+01  2.05163E-17
1.09648E+01  3.71378E-18
1.14815E+01  3.09728E-18
1.20226E+01  3.17067E-18
1.25893E+01  3.44376E-18
1.31826E+01  3.85186E-18
1.38038E+01  4.40445E-18
1.44544E+01  5.16935E-18
1.51356E+01  6.31261E-18
1.58489E+01  8.76730E-18
1.65959E+01  1.72616E-17
1.73780E+01  1.89877E-17
1.81970E+01  2.94115E-17
1.90546E+01  8.94723E-17
1.99526E+01  8.74765E-17
2.08930E+01  7.25299E-17
2.18776E+01  8.13557E-17
2.29087E+01  1.58303E-16
2.39883E+01  3.57703E-16
2.51189E+01  2.25103E-16
2.63027E+01  1.54378E-16
2.75423E+01  1.21547E-16
2.88403E+01  7.33028E-17
3.01995E+01  6.93082E-17
3.16228E+01  7.44615E-17
3.31131E+01  9.21335E-17
3.46737E+01  2.30814E-16
3.63078E+01  2.19879E-16
3.80189E+01  2.28345E-16
3.98107E+01  2.85955E-16
4.16869E+01  1.95254E-16
4.36516E+01  1.70455E-16
4.57088E+01  1.67227E-16
4.78630E+01  1.83225E-16
5.01187E+01  2.19842E-16
5.24807E+01  2.92044E-16
5.49541E+01  3.01199E-16
5.75440E+01  2.93144E-16
6.02560E+01  3.12307E-16
6.30957E+01  3.29063E-16
6.60693E+01  3.54698E-16
6.91831E+01  3.87941E-16
7.24436E+01  4.29684E-16
7.58578E+01  4.84686E-16
7.94328E+01  5.56187E-16
8.31764E+01  6.50327E-16
8.70963E+01  7.74418E-16
9.12011E+01  9.33719E-16
9.54992E+01  1.13151E-15
1.00000E+02  1.36313E-15
1.04713E+02  1.62160E-15
1.09648E+02  1.89596E-15
1.14815E+02  2.17751E-15
1.20226E+02  2.46329E-15
1.25893E+02  2.75582E-15
1.31826E+02  3.05945E-15
1.38038E+02  3.37727E-15
1.44544E+02  3.71488E-15
1.51356E+02  4.07100E-15
1.58489E+02  4.44658E-15
1.65959E+02  4.83431E-15
1.73780E+02  5.23105E-15
1.81970E+02  5.62996E-15
1.90546E+02  6.02483E-15
1.99526E+02  6.40208E-15
2.08930E+02  6.75641E-15
2.18776E+02  7.07833E-15
2.29087E+02  7.36141E-15
2.39883E+02  7.59707E-15
2.51189E+02  7.77892E-15
2.63027E+02  7.90372E-15
2.75423E+02  7.97481E-15
2.88403E+02  7.98852E-15
3.01995E+02  7.94608E-15
3.16228E+02  7.85068E-15
3.31131E+02  7.70628E-15
3.46737E+02  7.52457E-15
3.63078E+02  7.32023E-15
3.80189E+02  7.10192E-15
3.98107E+02  6.89126E-15
4.16869E+02  6.68942E-15
4.36516E+02  6.41459E-15
4.57088E+02  5.95858E-15
4.78630E+02  5.46737E-15
5.01187E+02  5.00770E-15
5.24807E+02  4.58095E-15
5.49541E+02  4.18328E-15
5.75440E+02  3.80944E-15
6.02560E+02  3.45325E-15
6.30957E+02  3.12131E-15
6.60693E+02  2.81067E-15
6.91831E+02  2.52011E-15
7.24436E+02  2.25277E-15
7.58577E+02  2.00610E-15
7.94328E+02  1.77112E-15
8.31763E+02  1.55155E-15
8.70963E+02  1.35570E-15
9.12011E+02  1.18348E-15
9.54993E+02  1.03081E-15
1.00000E+03  8.96903E-16
1.04713E+03  7.78949E-16
1.09648E+03  6.75646E-16
1.14815E+03  5.85536E-16
1.20226E+03  5.07208E-16
1.25893E+03  4.38901E-16
1.31826E+03  3.79519E-16
1.38038E+03  3.28199E-16
1.44544E+03  2.83538E-16
1.51356E+03  2.44976E-16
1.58489E+03  2.11510E-16
1.65959E+03  1.82691E-16
1.73780E+03  1.57725E-16
1.81970E+03  1.36245E-16
1.90546E+03  1.17701E-16
1.99526E+03  1.01729E-16
2.08930E+03  8.79668E-17
2.18776E+03  7.61250E-17
2.29087E+03  6.58819E-17
2.39883E+03  5.70817E-17
2.51189E+03  4.94797E-17
2.63027E+03  4.29082E-17
2.75423E+03  3.72274E-17
2.88403E+03  3.23282E-17
3.01995E+03  2.81096E-17
3.16228E+03  2.44806E-17
3.31131E+03  2.13912E-17
3.46737E+03  1.87199E-17
3.63078E+03  1.64149E-17
3.80189E+03  1.44430E-17
3.98107E+03  1.27747E-17
4.16869E+03  1.13240E-17
4.36516E+03  1.00994E-17
4.57088E+03  9.05356E-18
4.78630E+03  8.16465E-18
5.01187E+03  7.40219E-18
5.24807E+03  6.75262E-18
5.49541E+03  6.20501E-18
5.75440E+03  5.74250E-18
6.02560E+03  5.34737E-18
6.30957E+03  5.01734E-18
6.60693E+03  4.74002E-18
6.91831E+03  4.50706E-18
7.24436E+03  4.31429E-18
7.58577E+03  4.15557E-18
7.94328E+03  4.02598E-18
8.31763E+03  3.92176E-18
8.70963E+03  3.83896E-18
9.12010E+03  3.77532E-18
9.54993E+03  3.72742E-18
