#column 1 : lambda in microns
#column 2 : snu_eff in Jy / Lsun (in the cosmo of Planck 2013 XXX)
1.00000E+00  3.22093E-16
1.04713E+00  1.01012E-15
1.09648E+00  2.68095E-15
1.14815E+00  1.37551E-15
1.20226E+00  1.35071E-15
1.25893E+00  2.09271E-15
1.31826E+00  3.07777E-15
1.38038E+00  2.59914E-15
1.44544E+00  2.26364E-15
1.51356E+00  2.23062E-15
1.58489E+00  2.33819E-15
1.65959E+00  2.52117E-15
1.73780E+00  2.74126E-15
1.81970E+00  2.95316E-15
1.90546E+00  3.01967E-15
1.99526E+00  3.07301E-15
2.08930E+00  3.78038E-15
2.18776E+00  4.35999E-15
2.29087E+00  4.87764E-15
2.39883E+00  5.40175E-15
2.51189E+00  5.96454E-15
2.63027E+00  6.58379E-15
2.75423E+00  7.28030E-15
2.88403E+00  8.13155E-15
3.01995E+00  9.35409E-15
3.16228E+00  1.20355E-14
3.31131E+00  3.02347E-14
3.46737E+00  1.03037E-13
3.63078E+00  1.86306E-14
3.80189E+00  1.54278E-14
3.98107E+00  1.56412E-14
4.16869E+00  1.67937E-14
4.36516E+00  1.85417E-14
4.57088E+00  2.09245E-14
4.78630E+00  2.42391E-14
5.01187E+00  2.93066E-14
5.24807E+00  4.07277E-14
5.49541E+00  8.18869E-14
5.75440E+00  8.92140E-14
6.02560E+00  1.39270E-13
6.30957E+00  4.33212E-13
6.60693E+00  4.20712E-13
6.91831E+00  3.44651E-13
7.24436E+00  3.84625E-13
7.58578E+00  7.55255E-13
7.94328E+00  1.71589E-12
8.31764E+00  1.06849E-12
8.70964E+00  7.24922E-13
9.12011E+00  5.62581E-13
9.54992E+00  3.26614E-13
1.00000E+01  3.01940E-13
1.04713E+01  3.20507E-13
1.09648E+01  3.99169E-13
1.14815E+01  1.06100E-12
1.20226E+01  9.98512E-13
1.25893E+01  1.02823E-12
1.31826E+01  1.28853E-12
1.38038E+01  8.45476E-13
1.44544E+01  7.15881E-13
1.51356E+01  6.83780E-13
1.58489E+01  7.34707E-13
1.65959E+01  8.71153E-13
1.73780E+01  1.15471E-12
1.81970E+01  1.15485E-12
1.90546E+01  1.08131E-12
1.99526E+01  1.12511E-12
2.08930E+01  1.16011E-12
2.18776E+01  1.22657E-12
2.29087E+01  1.31568E-12
2.39883E+01  1.42795E-12
2.51189E+01  1.57524E-12
2.63027E+01  1.76255E-12
2.75423E+01  2.00037E-12
2.88403E+01  2.29908E-12
3.01995E+01  2.66056E-12
3.16228E+01  3.08174E-12
3.31131E+01  3.54632E-12
3.46737E+01  4.04041E-12
3.63078E+01  4.55487E-12
3.80189E+01  5.09002E-12
3.98107E+01  5.65669E-12
4.16869E+01  6.27839E-12
4.36516E+01  6.97949E-12
4.57088E+01  7.77809E-12
4.78630E+01  8.69997E-12
5.01187E+01  9.75474E-12
5.24807E+01  1.09605E-11
5.49541E+01  1.23107E-11
5.75440E+01  1.38138E-11
6.02560E+01  1.54569E-11
6.30957E+01  1.72360E-11
6.60693E+01  1.91172E-11
6.91831E+01  2.10842E-11
7.24436E+01  2.31038E-11
7.58578E+01  2.51401E-11
7.94328E+01  2.71488E-11
8.31764E+01  2.90855E-11
8.70963E+01  3.09192E-11
9.12011E+01  3.26232E-11
9.54992E+01  3.41549E-11
1.00000E+02  3.54882E-11
1.04713E+02  3.65979E-11
1.09648E+02  3.74547E-11
1.14815E+02  3.81087E-11
1.20226E+02  3.86223E-11
1.25893E+02  3.90109E-11
1.31826E+02  3.93810E-11
1.38038E+02  3.97735E-11
1.44544E+02  3.95746E-11
1.51356E+02  3.80024E-11
1.58489E+02  3.59518E-11
1.65959E+02  3.39329E-11
1.73780E+02  3.19583E-11
1.81970E+02  3.00217E-11
1.90546E+02  2.80931E-11
1.99526E+02  2.61503E-11
2.08930E+02  2.42364E-11
2.18776E+02  2.23594E-11
2.29087E+02  2.05194E-11
2.39883E+02  1.87507E-11
2.51189E+02  1.70510E-11
2.63027E+02  1.53619E-11
2.75423E+02  1.37191E-11
2.88403E+02  1.22118E-11
3.01995E+02  1.08462E-11
3.16228E+02  9.60365E-12
3.31131E+02  8.48611E-12
3.46737E+02  7.47795E-12
3.63078E+02  6.57534E-12
3.80189E+02  5.77363E-12
3.98107E+02  5.06214E-12
4.16869E+02  4.43107E-12
4.36516E+02  3.87253E-12
4.57088E+02  3.38210E-12
4.78630E+02  2.94988E-12
5.01187E+02  2.57015E-12
5.24807E+02  2.23721E-12
5.49541E+02  1.94704E-12
5.75440E+02  1.69253E-12
6.02560E+02  1.47030E-12
6.30957E+02  1.27750E-12
6.60693E+02  1.10938E-12
6.91831E+02  9.63251E-13
7.24436E+02  8.36266E-13
7.58577E+02  7.25680E-13
7.94328E+02  6.29856E-13
8.31763E+02  5.46423E-13
8.70963E+02  4.73713E-13
9.12011E+02  4.10447E-13
9.54993E+02  3.55541E-13
1.00000E+03  3.07935E-13
1.04713E+03  2.66680E-13
1.09648E+03  2.31339E-13
1.14815E+03  2.00659E-13
1.20226E+03  1.73964E-13
1.25893E+03  1.51027E-13
1.31826E+03  1.31458E-13
1.38038E+03  1.14367E-13
1.44544E+03  9.98405E-14
1.51356E+03  8.73588E-14
1.58489E+03  7.66616E-14
1.65959E+03  6.74175E-14
1.73780E+03  5.94765E-14
1.81970E+03  5.27152E-14
1.90546E+03  4.69434E-14
1.99526E+03  4.19528E-14
2.08930E+03  3.77225E-14
2.18776E+03  3.41011E-14
2.29087E+03  3.10078E-14
2.39883E+03  2.83712E-14
2.51189E+03  2.61462E-14
2.63027E+03  2.42492E-14
2.75423E+03  2.26561E-14
2.88403E+03  2.13052E-14
3.01995E+03  2.01746E-14
3.16228E+03  1.92261E-14
3.31131E+03  1.84397E-14
3.46737E+03  1.77895E-14
3.63078E+03  1.72606E-14
3.80189E+03  1.68381E-14
3.98107E+03  1.65077E-14
4.16869E+03  1.62555E-14
4.36516E+03  1.60708E-14
4.57088E+03  1.59479E-14
4.78630E+03  1.58771E-14
5.01187E+03  1.58542E-14
5.24807E+03  1.58728E-14
5.49541E+03  1.59287E-14
5.75440E+03  1.60177E-14
6.02560E+03  1.61376E-14
6.30957E+03  1.62849E-14
6.60693E+03  1.64578E-14
6.91831E+03  1.66541E-14
7.24436E+03  1.68724E-14
7.58577E+03  1.71110E-14
7.94328E+03  1.73693E-14
8.31763E+03  1.76463E-14
8.70963E+03  1.79413E-14
9.12010E+03  1.82537E-14
9.54993E+03  1.85832E-14
