#column 1 : lambda in microns
#column 2 : snu_eff in Jy / Lsun (in the cosmo of Planck 2013 XXX)
1.00000E+00  2.39622E-43
1.04713E+00  7.24471E-43
1.09648E+00  2.21265E-42
1.14815E+00  6.76127E-42
1.20226E+00  2.06986E-41
1.25893E+00  6.34816E-41
1.31826E+00  1.95024E-40
1.38038E+00  6.00287E-40
1.44544E+00  1.85116E-39
1.51356E+00  5.71926E-39
1.58489E+00  1.77027E-38
1.65959E+00  5.48952E-38
1.73780E+00  1.70532E-37
1.81970E+00  5.30693E-37
1.90546E+00  1.65434E-36
1.99526E+00  5.16567E-36
2.08930E+00  1.61559E-35
2.18776E+00  5.06078E-35
2.29087E+00  1.58766E-34
2.39883E+00  4.98796E-34
2.51189E+00  1.56924E-33
2.63027E+00  4.94345E-33
2.75423E+00  1.55927E-32
2.88403E+00  4.92411E-32
3.01995E+00  1.55679E-31
3.16228E+00  4.92717E-31
3.31131E+00  1.56101E-30
3.46737E+00  4.95023E-30
3.63078E+00  1.57123E-29
3.80189E+00  4.99133E-29
3.98107E+00  1.58686E-28
4.16869E+00  5.04870E-28
4.36516E+00  1.60738E-27
4.57088E+00  5.12082E-27
4.78630E+00  1.63239E-26
5.01187E+00  5.20652E-26
5.24807E+00  1.66148E-25
5.49541E+00  5.30465E-25
5.75440E+00  1.69438E-24
6.02560E+00  5.41432E-24
6.30957E+00  1.73079E-23
6.60693E+00  5.53480E-23
6.91831E+00  1.77052E-22
7.24436E+00  5.66541E-22
7.58578E+00  1.81337E-21
7.94328E+00  5.80571E-21
8.31764E+00  1.85919E-20
8.70964E+00  6.70936E-20
9.12011E+00  3.78155E-20
9.54992E+00  3.17185E-20
1.00000E+01  4.50968E-20
1.04713E+01  7.42415E-20
1.09648E+01  6.82523E-20
1.14815E+01  5.69867E-20
1.20226E+01  5.46049E-20
1.25893E+01  5.64816E-20
1.31826E+01  6.05652E-20
1.38038E+01  6.57496E-20
1.44544E+01  7.12019E-20
1.51356E+01  7.42303E-20
1.58489E+01  7.25272E-20
1.65959E+01  8.83395E-20
1.73780E+01  1.03887E-19
1.81970E+01  1.16836E-19
1.90546E+01  1.29659E-19
1.99526E+01  1.43450E-19
2.08930E+01  1.58606E-19
2.18776E+01  1.75825E-19
2.29087E+01  1.96271E-19
2.39883E+01  2.24286E-19
2.51189E+01  2.77404E-19
2.63027E+01  5.11476E-19
2.75423E+01  1.18415E-17
2.88403E+01  5.49375E-19
3.01995E+01  4.06080E-19
3.16228E+01  4.07645E-19
3.31131E+01  4.42056E-19
3.46737E+01  4.95766E-19
3.63078E+01  5.68982E-19
3.80189E+01  6.69418E-19
3.98107E+01  8.12815E-19
4.16869E+01  1.06768E-18
4.36516E+01  2.29043E-18
4.57088E+01  2.13814E-18
4.78630E+01  4.28897E-18
5.01187E+01  6.98525E-18
5.24807E+01  1.81578E-17
5.49541E+01  9.13154E-18
5.75440E+01  1.01015E-17
6.02560E+01  1.70379E-17
6.30957E+01  4.58192E-17
6.60693E+01  3.87566E-17
6.91831E+01  2.00791E-17
7.24436E+01  2.20305E-17
7.58578E+01  1.08127E-17
7.94328E+01  9.88573E-18
8.31764E+01  1.04088E-17
8.70963E+01  1.22364E-17
9.12011E+01  2.07219E-17
9.54992E+01  3.96644E-17
1.00000E+02  3.31686E-17
1.04713E+02  4.27691E-17
1.09648E+02  2.64787E-17
1.14815E+02  2.49408E-17
1.20226E+02  2.44998E-17
1.25893E+02  2.62862E-17
1.31826E+02  3.10382E-17
1.38038E+02  4.26605E-17
1.44544E+02  4.87311E-17
1.51356E+02  4.46491E-17
1.58489E+02  4.88363E-17
1.65959E+02  5.08159E-17
1.73780E+02  5.49952E-17
1.81970E+02  6.03828E-17
1.90546E+02  6.72022E-17
1.99526E+02  7.64012E-17
2.08930E+02  8.86773E-17
2.18776E+02  1.05228E-16
2.29087E+02  1.27755E-16
2.39883E+02  1.57770E-16
2.51189E+02  1.96544E-16
2.63027E+02  2.43482E-16
2.75423E+02  2.96363E-16
2.88403E+02  3.52254E-16
3.01995E+02  4.07678E-16
3.16228E+02  4.60937E-16
3.31131E+02  5.11646E-16
3.46737E+02  5.60116E-16
3.63078E+02  6.07059E-16
3.80189E+02  6.53705E-16
3.98107E+02  6.99655E-16
4.16869E+02  7.44990E-16
4.36516E+02  7.89181E-16
4.57088E+02  8.31665E-16
4.78630E+02  8.70201E-16
5.01187E+02  9.04658E-16
5.24807E+02  9.36879E-16
5.49541E+02  9.60533E-16
5.75440E+02  9.79243E-16
6.02560E+02  9.91948E-16
6.30957E+02  9.95363E-16
6.60693E+02  9.90736E-16
6.91831E+02  9.81536E-16
7.24436E+02  9.64393E-16
7.58577E+02  9.42897E-16
7.94328E+02  9.13548E-16
8.31763E+02  8.81686E-16
8.70963E+02  8.45365E-16
9.12011E+02  8.05549E-16
9.54993E+02  7.65422E-16
1.00000E+03  7.26063E-16
1.04713E+03  6.87614E-16
1.09648E+03  6.53078E-16
1.14815E+03  6.15376E-16
1.20226E+03  5.65137E-16
1.25893E+03  5.09845E-16
1.31826E+03  4.59470E-16
1.38038E+03  4.13931E-16
1.44544E+03  3.71961E-16
1.51356E+03  3.33643E-16
1.58489E+03  2.98042E-16
1.65959E+03  2.65880E-16
1.73780E+03  2.36292E-16
1.81970E+03  2.09521E-16
1.90546E+03  1.85212E-16
1.99526E+03  1.63138E-16
2.08930E+03  1.42713E-16
2.18776E+03  1.23738E-16
2.29087E+03  1.07099E-16
2.39883E+03  9.26543E-17
2.51189E+03  8.00745E-17
2.63027E+03  6.90532E-17
2.75423E+03  5.94963E-17
2.88403E+03  5.11885E-17
3.01995E+03  4.41284E-17
3.16228E+03  3.79743E-17
3.31131E+03  3.26491E-17
3.46737E+03  2.80916E-17
3.63078E+03  2.41581E-17
3.80189E+03  2.07777E-17
3.98107E+03  1.78758E-17
4.16869E+03  1.53698E-17
4.36516E+03  1.32271E-17
4.57088E+03  1.13848E-17
4.78630E+03  9.81076E-18
5.01187E+03  8.46020E-18
5.24807E+03  7.30267E-18
5.49541E+03  6.30776E-18
5.75440E+03  5.45854E-18
6.02560E+03  4.73274E-18
6.30957E+03  4.10377E-18
6.60693E+03  3.56418E-18
6.91831E+03  3.10299E-18
7.24436E+03  2.70500E-18
7.58577E+03  2.36194E-18
7.94328E+03  2.06835E-18
8.31763E+03  1.81788E-18
8.70963E+03  1.60258E-18
9.12010E+03  1.41845E-18
9.54993E+03  1.26250E-18
