#column 1 : lambda in microns
#column 2 : snu_eff in Jy / Lsun (in the cosmo of Planck 2013 XXX)
1.00000E+00  3.95159E-25
1.04713E+00  1.23706E-24
1.09648E+00  3.87343E-24
1.14815E+00  1.21308E-23
1.20226E+00  3.79982E-23
1.25893E+00  1.19049E-22
1.31826E+00  3.73050E-22
1.38038E+00  1.16921E-21
1.44544E+00  3.66523E-21
1.51356E+00  1.14918E-20
1.58489E+00  3.60376E-20
1.65959E+00  1.13033E-19
1.73780E+00  3.54596E-19
1.81970E+00  1.11261E-18
1.90546E+00  3.94929E-18
1.99526E+00  2.24610E-18
2.08930E+00  1.89587E-18
2.18776E+00  2.68330E-18
2.29087E+00  4.39793E-18
2.39883E+00  4.05187E-18
2.51189E+00  3.39945E-18
2.63027E+00  3.26808E-18
2.75423E+00  3.38671E-18
2.88403E+00  3.63430E-18
3.01995E+00  3.94695E-18
3.16228E+00  4.27294E-18
3.31131E+00  4.45981E-18
3.46737E+00  4.36949E-18
3.63078E+00  5.31323E-18
3.80189E+00  6.22384E-18
3.98107E+00  6.99008E-18
4.16869E+00  7.75656E-18
4.36516E+00  8.56998E-18
4.57088E+00  9.46565E-18
4.78630E+00  1.04692E-17
5.01187E+00  1.16565E-17
5.24807E+00  1.32746E-17
5.49541E+00  1.63330E-17
5.75440E+00  2.99313E-17
6.02560E+00  6.90088E-16
6.30957E+00  3.18988E-17
6.60693E+00  2.33457E-17
6.91831E+00  2.31395E-17
7.24436E+00  2.47184E-17
7.58578E+00  2.72678E-17
7.94328E+00  3.07784E-17
8.31764E+00  3.55820E-17
8.70964E+00  4.26313E-17
9.12011E+00  5.58007E-17
9.54992E+00  1.24034E-16
1.00000E+01  1.12889E-16
1.04713E+01  2.32738E-16
1.09648E+01  3.82593E-16
1.14815E+01  1.00957E-15
1.20226E+01  4.93739E-16
1.25893E+01  5.42584E-16
1.31826E+01  9.23629E-16
1.38038E+01  2.51348E-15
1.44544E+01  2.10772E-15
1.51356E+01  1.06814E-15
1.58489E+01  1.16820E-15
1.65959E+01  5.41172E-16
1.73780E+01  4.79500E-16
1.81970E+01  4.96464E-16
1.90546E+01  5.84726E-16
1.99526E+01  1.03991E-15
2.08930E+01  2.05627E-15
2.18776E+01  1.68534E-15
2.29087E+01  2.17867E-15
2.39883E+01  1.27481E-15
2.51189E+01  1.16716E-15
2.63027E+01  1.11249E-15
2.75423E+01  1.16401E-15
2.88403E+01  1.35506E-15
3.01995E+01  1.86654E-15
3.16228E+01  2.08706E-15
3.31131E+01  1.82344E-15
3.46737E+01  1.95123E-15
3.63078E+01  1.98387E-15
3.80189E+01  2.10779E-15
3.98107E+01  2.27242E-15
4.16869E+01  2.47937E-15
4.36516E+01  2.75213E-15
4.57088E+01  3.10169E-15
4.78630E+01  3.55018E-15
5.01187E+01  4.12117E-15
5.24807E+01  4.83168E-15
5.49541E+01  5.68661E-15
5.75440E+01  6.66826E-15
6.02560E+01  7.73774E-15
6.30957E+01  8.86481E-15
6.60693E+01  1.00296E-14
6.91831E+01  1.12435E-14
7.24436E+01  1.25264E-14
7.58578E+01  1.39102E-14
7.94328E+01  1.54389E-14
8.31764E+01  1.71275E-14
8.70963E+01  1.90095E-14
9.12011E+01  2.10813E-14
9.54992E+01  2.33456E-14
1.00000E+02  2.57843E-14
1.04713E+02  2.83764E-14
1.09648E+02  3.10800E-14
1.14815E+02  3.38627E-14
1.20226E+02  3.66795E-14
1.25893E+02  3.94667E-14
1.31826E+02  4.21626E-14
1.38038E+02  4.47122E-14
1.44544E+02  4.70526E-14
1.51356E+02  4.91251E-14
1.58489E+02  5.09277E-14
1.65959E+02  5.24156E-14
1.73780E+02  5.35452E-14
1.81970E+02  5.43175E-14
1.90546E+02  5.47041E-14
1.99526E+02  5.47639E-14
2.08930E+02  5.45919E-14
2.18776E+02  5.42582E-14
2.29087E+02  5.38635E-14
2.39883E+02  5.35290E-14
2.51189E+02  5.27924E-14
2.63027E+02  5.03696E-14
2.75423E+02  4.71335E-14
2.88403E+02  4.39346E-14
3.01995E+02  4.09297E-14
3.16228E+02  3.80236E-14
3.31131E+02  3.52147E-14
3.46737E+02  3.24522E-14
3.63078E+02  2.98103E-14
3.80189E+02  2.72584E-14
3.98107E+02  2.48264E-14
4.16869E+02  2.25107E-14
4.36516E+02  2.03291E-14
4.57088E+02  1.82139E-14
4.78630E+02  1.61485E-14
5.01187E+02  1.42769E-14
5.24807E+02  1.26003E-14
5.49541E+02  1.10932E-14
5.75440E+02  9.74158E-15
6.02560E+02  8.54055E-15
6.30957E+02  7.47415E-15
6.60693E+02  6.53394E-15
6.91831E+02  5.70106E-15
7.24436E+02  4.96787E-15
7.58577E+02  4.32656E-15
7.94328E+02  3.76272E-15
8.31763E+02  3.27066E-15
8.70963E+02  2.83978E-15
9.12011E+02  2.46517E-15
9.54993E+02  2.13816E-15
1.00000E+03  1.85363E-15
1.04713E+03  1.60694E-15
1.09648E+03  1.39332E-15
1.14815E+03  1.20752E-15
1.20226E+03  1.04619E-15
1.25893E+03  9.07044E-16
1.31826E+03  7.86081E-16
1.38038E+03  6.81603E-16
1.44544E+03  5.90752E-16
1.51356E+03  5.12155E-16
1.58489E+03  4.43764E-16
1.65959E+03  3.84487E-16
1.73780E+03  3.33208E-16
1.81970E+03  2.88976E-16
1.90546E+03  2.50741E-16
1.99526E+03  2.17729E-16
2.08930E+03  1.89576E-16
2.18776E+03  1.65209E-16
2.29087E+03  1.44374E-16
2.39883E+03  1.26279E-16
2.51189E+03  1.10825E-16
2.63027E+03  9.75875E-17
2.75423E+03  8.63931E-17
2.88403E+03  7.66358E-17
3.01995E+03  6.83628E-17
3.16228E+03  6.12381E-17
3.31131E+03  5.51819E-17
3.46737E+03  4.99693E-17
3.63078E+03  4.55856E-17
3.80189E+03  4.18409E-17
3.98107E+03  3.86811E-17
4.16869E+03  3.59877E-17
4.36516E+03  3.37122E-17
4.57088E+03  3.17991E-17
4.78630E+03  3.01928E-17
5.01187E+03  2.88607E-17
5.24807E+03  2.77598E-17
5.49541E+03  2.68567E-17
5.75440E+03  2.61193E-17
6.02560E+03  2.55335E-17
6.30957E+03  2.50781E-17
6.60693E+03  2.47386E-17
6.91831E+03  2.44951E-17
7.24436E+03  2.43386E-17
7.58577E+03  2.42584E-17
7.94328E+03  2.42442E-17
8.31763E+03  2.42908E-17
8.70963E+03  2.43905E-17
9.12010E+03  2.45388E-17
9.54993E+03  2.47302E-17
