#column 1 : lambda in microns
#column 2 : snu_eff in Jy / Lsun (in the cosmo of Planck 2013 XXX)
1.00000E+00  9.36964E-41
1.04713E+00  2.87856E-40
1.09648E+00  8.86030E-40
1.14815E+00  2.73237E-39
1.20226E+00  8.44195E-39
1.25893E+00  2.61307E-38
1.31826E+00  8.10307E-38
1.38038E+00  2.51726E-37
1.44544E+00  7.83377E-37
1.51356E+00  2.44206E-36
1.58489E+00  7.62546E-36
1.65959E+00  2.38496E-35
1.73780E+00  7.47086E-35
1.81970E+00  2.34377E-34
1.90546E+00  7.36355E-34
1.99526E+00  2.31666E-33
2.08930E+00  7.29810E-33
2.18776E+00  2.30199E-32
2.29087E+00  7.26975E-32
2.39883E+00  2.29841E-31
2.51189E+00  7.27447E-31
2.63027E+00  2.30470E-30
2.75423E+00  7.30878E-30
2.88403E+00  2.31986E-29
3.01995E+00  7.36966E-29
3.16228E+00  2.34302E-28
3.31131E+00  7.45457E-28
3.46737E+00  2.37339E-27
3.63078E+00  7.56134E-27
3.80189E+00  2.41038E-26
3.98107E+00  7.68807E-26
4.16869E+00  2.45343E-25
4.36516E+00  7.83320E-25
4.57088E+00  2.50207E-24
4.78630E+00  7.99542E-24
5.01187E+00  2.55593E-23
5.24807E+00  8.17354E-23
5.49541E+00  2.61468E-22
5.75440E+00  8.36675E-22
6.02560E+00  2.67804E-21
6.30957E+00  8.57413E-21
6.60693E+00  2.74581E-20
6.91831E+00  9.90892E-20
7.24436E+00  5.58490E-20
7.58578E+00  4.68444E-20
7.94328E+00  6.66025E-20
8.31764E+00  1.09646E-19
8.70964E+00  1.00801E-19
9.12011E+00  8.41626E-20
9.54992E+00  8.06449E-20
1.00000E+01  8.34166E-20
1.04713E+01  8.94475E-20
1.09648E+01  9.71042E-20
1.14815E+01  1.05157E-19
1.20226E+01  1.09629E-19
1.25893E+01  1.07114E-19
1.31826E+01  1.30467E-19
1.38038E+01  1.53429E-19
1.44544E+01  1.72553E-19
1.51356E+01  1.91491E-19
1.58489E+01  2.11859E-19
1.65959E+01  2.34242E-19
1.73780E+01  2.59673E-19
1.81970E+01  2.89869E-19
1.90546E+01  3.31243E-19
1.99526E+01  4.09693E-19
2.08930E+01  7.55384E-19
2.18776E+01  1.74890E-17
2.29087E+01  8.11359E-19
2.39883E+01  5.99732E-19
2.51189E+01  6.02042E-19
2.63027E+01  6.52864E-19
2.75423E+01  7.32187E-19
2.88403E+01  8.40316E-19
3.01995E+01  9.88651E-19
3.16228E+01  1.20043E-18
3.31131E+01  1.57683E-18
3.46737E+01  3.38269E-18
3.63078E+01  3.15777E-18
3.80189E+01  6.33431E-18
3.98107E+01  1.03164E-17
4.16869E+01  2.68170E-17
4.36516E+01  1.34862E-17
4.57088E+01  1.49187E-17
4.78630E+01  2.51629E-17
5.01187E+01  6.76691E-17
5.24807E+01  5.72394E-17
5.49541E+01  2.96545E-17
5.75440E+01  3.25367E-17
6.02560E+01  1.59691E-17
6.30957E+01  1.46000E-17
6.60693E+01  1.53726E-17
6.91831E+01  1.80717E-17
7.24436E+01  3.06037E-17
7.58578E+01  5.85803E-17
7.94328E+01  4.89862E-17
8.31764E+01  6.31649E-17
8.70963E+01  3.91058E-17
9.12011E+01  3.68345E-17
9.54992E+01  3.61833E-17
1.00000E+02  3.88215E-17
1.04713E+02  4.58397E-17
1.09648E+02  6.30045E-17
1.14815E+02  7.19701E-17
1.20226E+02  6.59414E-17
1.25893E+02  7.21253E-17
1.31826E+02  7.50490E-17
1.38038E+02  8.12212E-17
1.44544E+02  8.91781E-17
1.51356E+02  9.92496E-17
1.58489E+02  1.12835E-16
1.65959E+02  1.30966E-16
1.73780E+02  1.55410E-16
1.81970E+02  1.88680E-16
1.90546E+02  2.33008E-16
1.99526E+02  2.90272E-16
2.08930E+02  3.59594E-16
2.18776E+02  4.37693E-16
2.29087E+02  5.20236E-16
2.39883E+02  6.02090E-16
2.51189E+02  6.80749E-16
2.63027E+02  7.55639E-16
2.75423E+02  8.27224E-16
2.88403E+02  8.96554E-16
3.01995E+02  9.65445E-16
3.16228E+02  1.03331E-15
3.31131E+02  1.10026E-15
3.46737E+02  1.16553E-15
3.63078E+02  1.22827E-15
3.80189E+02  1.28518E-15
3.98107E+02  1.33607E-15
4.16869E+02  1.38366E-15
4.36516E+02  1.41859E-15
4.57088E+02  1.44622E-15
4.78630E+02  1.46499E-15
5.01187E+02  1.47003E-15
5.24807E+02  1.46320E-15
5.49541E+02  1.44961E-15
5.75440E+02  1.42429E-15
6.02560E+02  1.39255E-15
6.30957E+02  1.34920E-15
6.60693E+02  1.30214E-15
6.91831E+02  1.24850E-15
7.24436E+02  1.18970E-15
7.58577E+02  1.13044E-15
7.94328E+02  1.07231E-15
8.31763E+02  1.01552E-15
8.70963E+02  9.64519E-16
9.12011E+02  9.08837E-16
9.54993E+02  8.34640E-16
1.00000E+03  7.52980E-16
1.04713E+03  6.78582E-16
1.09648E+03  6.11327E-16
1.14815E+03  5.49342E-16
1.20226E+03  4.92751E-16
1.25893E+03  4.40172E-16
1.31826E+03  3.92674E-16
1.38038E+03  3.48976E-16
1.44544E+03  3.09438E-16
1.51356E+03  2.73536E-16
1.58489E+03  2.40935E-16
1.65959E+03  2.10770E-16
1.73780E+03  1.82746E-16
1.81970E+03  1.58172E-16
1.90546E+03  1.36839E-16
1.99526E+03  1.18261E-16
2.08930E+03  1.01983E-16
2.18776E+03  8.78688E-17
2.29087E+03  7.55995E-17
2.39883E+03  6.51724E-17
2.51189E+03  5.60837E-17
2.63027E+03  4.82188E-17
2.75423E+03  4.14880E-17
2.88403E+03  3.56785E-17
3.01995E+03  3.06863E-17
3.16228E+03  2.64003E-17
3.31131E+03  2.26993E-17
3.46737E+03  1.95349E-17
3.63078E+03  1.68139E-17
3.80189E+03  1.44893E-17
3.98107E+03  1.24947E-17
4.16869E+03  1.07852E-17
4.36516E+03  9.31583E-18
4.57088E+03  8.06164E-18
4.78630E+03  6.98969E-18
5.01187E+03  6.06078E-18
5.24807E+03  5.26386E-18
5.49541E+03  4.58273E-18
5.75440E+03  3.99496E-18
6.02560E+03  3.48830E-18
6.30957E+03  3.05470E-18
6.60693E+03  2.68479E-18
6.91831E+03  2.36681E-18
7.24436E+03  2.09488E-18
7.58577E+03  1.86456E-18
7.94328E+03  1.66686E-18
8.31763E+03  1.50157E-18
8.70963E+03  1.35684E-18
9.12010E+03  1.23681E-18
9.54993E+03  1.13395E-18
