#column 1 : lambda in microns
#column 2 : snu_eff in Jy / Lsun (in the cosmo of Planck 2013 XXX)
1.00000E+00  2.81278E-32
1.04713E+00  8.88963E-32
1.09648E+00  2.81149E-31
1.14815E+00  8.89771E-31
1.20226E+00  2.81773E-30
1.25893E+00  8.92864E-30
1.31826E+00  2.83089E-29
1.38038E+00  8.98054E-29
1.44544E+00  2.85043E-28
1.51356E+00  9.05179E-28
1.58489E+00  2.87585E-27
1.65959E+00  9.14109E-27
1.73780E+00  2.90680E-26
1.81970E+00  9.24724E-26
1.90546E+00  2.94293E-25
1.99526E+00  9.36932E-25
2.08930E+00  2.98395E-24
2.18776E+00  9.50650E-24
2.29087E+00  3.02964E-23
2.39883E+00  9.65815E-23
2.51189E+00  3.07981E-22
2.63027E+00  9.82371E-22
2.75423E+00  3.13432E-21
2.88403E+00  1.00028E-20
3.01995E+00  3.19304E-20
3.16228E+00  1.01950E-19
3.31131E+00  3.70141E-19
3.46737E+00  3.29185E-19
3.63078E+00  2.29311E-19
3.80189E+00  2.91832E-19
3.98107E+00  4.98503E-19
4.16869E+00  5.29676E-19
4.36516E+00  4.31356E-19
4.57088E+00  4.01018E-19
4.78630E+00  4.09233E-19
5.01187E+00  4.36219E-19
5.24807E+00  4.73021E-19
5.49541E+00  5.12904E-19
5.75440E+00  5.42873E-19
6.02560E+00  5.29900E-19
6.30957E+00  6.14565E-19
6.60693E+00  7.35955E-19
6.91831E+00  8.32737E-19
7.24436E+00  9.26616E-19
7.58578E+00  1.02528E-18
7.94328E+00  1.13358E-18
8.31764E+00  1.25398E-18
8.70964E+00  1.39413E-18
9.12011E+00  1.57766E-18
9.54992E+00  1.89068E-18
1.00000E+01  2.92018E-18
1.04713E+01  4.30102E-17
1.09648E+01  5.18235E-18
1.14815E+01  3.00835E-18
1.20226E+01  2.88462E-18
1.25893E+01  3.06280E-18
1.31826E+01  3.38346E-18
1.38038E+01  3.82892E-18
1.44544E+01  4.43371E-18
1.51356E+01  5.29299E-18
1.58489E+01  6.72532E-18
1.65959E+01  1.21551E-17
1.73780E+01  1.36850E-17
1.81970E+01  3.04147E-17
1.90546E+01  3.53196E-17
1.99526E+01  1.95808E-16
2.08930E+01  6.10224E-17
2.18776E+01  6.87704E-17
2.29087E+01  9.95136E-17
2.39883E+01  2.54674E-16
2.51189E+01  3.19421E-16
2.63027E+01  1.46305E-16
2.75423E+01  1.80869E-16
2.88403E+01  7.89071E-17
3.01995E+01  6.52243E-17
3.16228E+01  6.62459E-17
3.31131E+01  7.53331E-17
3.46737E+01  1.09975E-16
3.63078E+01  3.98666E-16
3.80189E+01  2.11650E-16
3.98107E+01  2.48238E-16
4.16869E+01  1.84302E-16
4.36516E+01  1.76863E-16
4.57088E+01  1.64021E-16
4.78630E+01  1.62360E-16
5.01187E+01  1.85742E-16
5.24807E+01  2.80807E-16
5.49541E+01  2.96454E-16
5.75440E+01  2.76446E-16
6.02560E+01  2.93994E-16
6.30957E+01  3.00361E-16
6.60693E+01  3.21065E-16
6.91831E+01  3.48604E-16
7.24436E+01  3.83573E-16
7.58578E+01  4.29148E-16
7.94328E+01  4.88674E-16
8.31764E+01  5.66836E-16
8.70963E+01  6.69815E-16
9.12011E+01  8.04340E-16
9.54992E+01  9.75604E-16
1.00000E+02  1.18200E-15
1.04713E+02  1.41839E-15
1.09648E+02  1.67458E-15
1.14815E+02  1.94250E-15
1.20226E+02  2.21464E-15
1.25893E+02  2.49087E-15
1.31826E+02  2.77555E-15
1.38038E+02  3.07132E-15
1.44544E+02  3.38204E-15
1.51356E+02  3.71111E-15
1.58489E+02  4.05635E-15
1.65959E+02  4.41689E-15
1.73780E+02  4.78586E-15
1.81970E+02  5.16014E-15
1.90546E+02  5.53220E-15
1.99526E+02  5.89095E-15
2.08930E+02  6.23157E-15
2.18776E+02  6.54459E-15
2.29087E+02  6.82373E-15
2.39883E+02  7.06089E-15
2.51189E+02  7.24794E-15
2.63027E+02  7.38240E-15
2.75423E+02  7.46613E-15
2.88403E+02  7.49661E-15
3.01995E+02  7.47414E-15
3.16228E+02  7.39878E-15
3.31131E+02  7.27933E-15
3.46737E+02  7.11269E-15
3.63078E+02  6.92466E-15
3.80189E+02  6.71799E-15
3.98107E+02  6.50583E-15
4.16869E+02  6.31040E-15
4.36516E+02  6.10361E-15
4.57088E+02  5.75105E-15
4.78630E+02  5.28970E-15
5.01187E+02  4.83935E-15
5.24807E+02  4.42753E-15
5.49541E+02  4.04626E-15
5.75440E+02  3.68470E-15
6.02560E+02  3.34627E-15
6.30957E+02  3.02719E-15
6.60693E+02  2.72787E-15
6.91831E+02  2.45064E-15
7.24436E+02  2.19239E-15
7.58577E+02  1.95541E-15
7.94328E+02  1.73374E-15
8.31763E+02  1.52151E-15
8.70963E+02  1.33022E-15
9.12011E+02  1.16139E-15
9.54993E+02  1.01169E-15
1.00000E+03  8.80423E-16
1.04713E+03  7.65131E-16
1.09648E+03  6.64017E-16
1.14815E+03  5.75279E-16
1.20226E+03  4.98324E-16
1.25893E+03  4.31217E-16
1.31826E+03  3.72769E-16
1.38038E+03  3.22237E-16
1.44544E+03  2.78457E-16
1.51356E+03  2.40464E-16
1.58489E+03  2.07663E-16
1.65959E+03  1.79288E-16
1.73780E+03  1.54788E-16
1.81970E+03  1.33675E-16
1.90546E+03  1.15429E-16
1.99526E+03  9.97222E-17
2.08930E+03  8.61717E-17
2.18776E+03  7.45860E-17
2.29087E+03  6.45283E-17
2.39883E+03  5.58684E-17
2.51189E+03  4.84121E-17
2.63027E+03  4.19787E-17
2.75423E+03  3.64220E-17
2.88403E+03  3.16170E-17
3.01995E+03  2.74800E-17
3.16228E+03  2.39190E-17
3.31131E+03  2.08871E-17
3.46737E+03  1.82242E-17
3.63078E+03  1.60039E-17
3.80189E+03  1.40564E-17
3.98107E+03  1.24071E-17
4.16869E+03  1.09979E-17
4.36516E+03  9.79549E-18
4.57088E+03  8.75948E-18
4.78630E+03  7.88728E-18
5.01187E+03  7.13397E-18
5.24807E+03  6.49805E-18
5.49541E+03  5.96146E-18
5.75440E+03  5.50261E-18
6.02560E+03  5.11704E-18
6.30957E+03  4.79072E-18
6.60693E+03  4.51622E-18
6.91831E+03  4.28791E-18
7.24436E+03  4.09666E-18
7.58577E+03  3.93907E-18
7.94328E+03  3.80995E-18
8.31763E+03  3.70547E-18
8.70963E+03  3.62238E-18
9.12010E+03  3.55798E-18
9.54993E+03  3.50901E-18
