#column 1 : lambda in microns
#column 2 : snu_eff in Jy / Lsun (in the cosmo of Planck 2013 XXX)
1.00000E+00  1.05346E-32
1.04713E+00  3.32758E-32
1.09648E+00  1.05191E-31
1.14815E+00  3.32774E-31
1.20226E+00  1.05349E-30
1.25893E+00  3.33740E-30
1.31826E+00  1.05795E-29
1.38038E+00  3.35579E-29
1.44544E+00  1.06507E-28
1.51356E+00  3.38224E-28
1.58489E+00  1.07464E-27
1.65959E+00  3.41623E-27
1.73780E+00  1.08653E-26
1.81970E+00  3.45728E-26
1.90546E+00  1.10058E-25
1.99526E+00  3.50499E-25
2.08930E+00  1.11668E-24
2.18776E+00  3.55904E-24
2.29087E+00  1.13474E-23
2.39883E+00  3.61916E-23
2.51189E+00  1.15468E-22
2.63027E+00  3.68512E-22
2.75423E+00  1.17645E-21
2.88403E+00  3.75677E-21
3.01995E+00  1.19999E-20
3.16228E+00  3.83397E-20
3.31131E+00  1.22526E-19
3.46737E+00  4.41018E-19
3.63078E+00  2.49048E-19
3.80189E+00  2.09148E-19
3.98107E+00  2.97096E-19
4.16869E+00  4.89037E-19
4.36516E+00  4.49540E-19
4.57088E+00  3.75561E-19
4.78630E+00  3.60061E-19
5.01187E+00  3.72601E-19
5.24807E+00  3.99579E-19
5.49541E+00  4.33823E-19
5.75440E+00  4.69587E-19
6.02560E+00  4.89650E-19
6.30957E+00  4.78535E-19
6.60693E+00  5.83389E-19
6.91831E+00  6.84730E-19
7.24436E+00  7.69727E-19
7.58578E+00  8.54629E-19
7.94328E+00  9.45008E-19
8.31764E+00  1.04480E-18
8.70964E+00  1.15690E-18
9.12011E+00  1.29009E-18
9.54992E+00  1.47215E-18
1.00000E+01  1.81731E-18
1.04713E+01  3.34906E-18
1.09648E+01  7.76265E-17
1.14815E+01  3.58170E-18
1.20226E+01  2.62967E-18
1.25893E+01  2.62194E-18
1.31826E+01  2.82167E-18
1.38038E+01  3.13853E-18
1.44544E+01  3.57442E-18
1.51356E+01  4.16827E-18
1.58489E+01  5.03146E-18
1.65959E+01  6.60339E-18
1.73780E+01  1.44388E-17
1.81970E+01  1.33030E-17
1.90546E+01  2.70760E-17
1.99526E+01  4.43268E-17
2.08930E+01  1.16098E-16
2.18776E+01  5.75645E-17
2.29087E+01  6.34887E-17
2.39883E+01  1.07643E-16
2.51189E+01  2.91289E-16
2.63027E+01  2.45367E-16
2.75423E+01  1.25570E-16
2.88403E+01  1.37523E-16
3.01995E+01  6.52624E-17
3.16228E+01  5.86273E-17
3.31131E+01  6.12997E-17
3.46737E+01  7.22991E-17
3.63078E+01  1.25857E-16
3.80189E+01  2.45545E-16
3.98107E+01  2.03406E-16
4.16869E+01  2.63043E-16
4.36516E+01  1.58498E-16
4.57088E+01  1.47419E-16
4.78630E+01  1.42913E-16
5.01187E+01  1.51629E-16
5.24807E+01  1.78159E-16
5.49541E+01  2.45661E-16
5.75440E+01  2.78204E-16
6.02560E+01  2.49388E-16
6.30957E+01  2.70354E-16
6.60693E+01  2.78816E-16
6.91831E+01  2.99666E-16
7.24436E+01  3.26737E-16
7.58578E+01  3.60811E-16
7.94328E+01  4.05975E-16
8.31764E+01  4.64928E-16
8.70963E+01  5.42793E-16
9.12011E+01  6.45728E-16
9.54992E+01  7.79560E-16
1.00000E+02  9.48359E-16
1.04713E+02  1.15072E-15
1.09648E+02  1.37920E-15
1.14815E+02  1.62438E-15
1.20226E+02  1.87681E-15
1.25893E+02  2.13373E-15
1.31826E+02  2.39416E-15
1.38038E+02  2.66095E-15
1.44544E+02  2.93936E-15
1.51356E+02  3.23086E-15
1.58489E+02  3.53836E-15
1.65959E+02  3.85943E-15
1.73780E+02  4.19195E-15
1.81970E+02  4.53104E-15
1.90546E+02  4.86979E-15
1.99526E+02  5.20158E-15
2.08930E+02  5.52274E-15
2.18776E+02  5.82045E-15
2.29087E+02  6.09290E-15
2.39883E+02  6.32803E-15
2.51189E+02  6.52246E-15
2.63027E+02  6.66916E-15
2.75423E+02  6.76823E-15
2.88403E+02  6.81825E-15
3.01995E+02  6.82351E-15
3.16228E+02  6.77664E-15
3.31131E+02  6.68744E-15
3.46737E+02  6.55409E-15
3.63078E+02  6.38540E-15
3.80189E+02  6.19959E-15
3.98107E+02  6.00160E-15
4.16869E+02  5.80439E-15
4.36516E+02  5.61998E-15
4.57088E+02  5.40348E-15
4.78630E+02  5.04219E-15
5.01187E+02  4.62371E-15
5.24807E+02  4.22597E-15
5.49541E+02  3.86185E-15
5.75440E+02  3.52010E-15
6.02560E+02  3.20063E-15
6.30957E+02  2.89715E-15
6.60693E+02  2.61631E-15
6.91831E+02  2.35318E-15
7.24436E+02  2.11007E-15
7.58577E+02  1.88467E-15
7.94328E+02  1.67779E-15
8.31763E+02  1.48253E-15
8.70963E+02  1.29724E-15
9.12011E+02  1.13261E-15
9.54993E+02  9.87801E-16
1.00000E+03  8.60030E-16
1.04713E+03  7.47256E-16
1.09648E+03  6.48463E-16
1.14815E+03  5.62103E-16
1.20226E+03  4.87128E-16
1.25893E+03  4.21484E-16
1.31826E+03  3.64364E-16
1.38038E+03  3.15002E-16
1.44544E+03  2.72061E-16
1.51356E+03  2.34984E-16
1.58489E+03  2.02802E-16
1.65959E+03  1.75068E-16
1.73780E+03  1.51072E-16
1.81970E+03  1.30365E-16
1.90546E+03  1.12560E-16
1.99526E+03  9.72262E-17
2.08930E+03  8.39888E-17
2.18776E+03  7.25748E-17
2.29087E+03  6.27924E-17
2.39883E+03  5.43431E-17
2.51189E+03  4.70724E-17
2.63027E+03  4.07906E-17
2.75423E+03  3.53846E-17
2.88403E+03  3.07080E-17
3.01995E+03  2.66697E-17
3.16228E+03  2.31964E-17
3.31131E+03  2.02109E-17
3.46737E+03  1.76452E-17
3.63078E+03  1.54354E-17
3.80189E+03  1.35641E-17
3.98107E+03  1.19467E-17
4.16869E+03  1.05744E-17
4.36516E+03  9.38559E-18
4.57088E+03  8.37682E-18
4.78630E+03  7.51540E-18
5.01187E+03  6.79344E-18
5.24807E+03  6.16695E-18
5.49541E+03  5.63946E-18
5.75440E+03  5.18896E-18
6.02560E+03  4.80913E-18
6.30957E+03  4.48580E-18
6.60693E+03  4.21702E-18
6.91831E+03  3.99097E-18
7.24436E+03  3.80377E-18
7.58577E+03  3.64730E-18
7.94328E+03  3.51865E-18
8.31763E+03  3.41423E-18
8.70963E+03  3.33006E-18
9.12010E+03  3.26423E-18
9.54993E+03  3.21387E-18
