#column 1 : lambda in microns
#column 2 : snu_eff in Jy / Lsun (in the cosmo of Planck 2013 XXX)
1.00000E+00  4.07333E-34
1.04713E+00  1.28697E-33
1.09648E+00  4.07007E-33
1.14815E+00  1.28833E-32
1.20226E+00  4.08153E-32
1.25893E+00  1.29412E-31
1.31826E+00  4.10639E-31
1.38038E+00  1.30396E-30
1.44544E+00  4.14352E-30
1.51356E+00  1.31752E-29
1.58489E+00  4.19191E-29
1.65959E+00  1.33451E-28
1.73780E+00  4.25080E-28
1.81970E+00  1.35470E-27
1.90546E+00  4.31944E-27
1.99526E+00  1.37788E-26
2.08930E+00  4.39725E-26
2.18776E+00  1.40387E-25
2.29087E+00  4.48375E-25
2.39883E+00  1.43255E-24
2.51189E+00  4.57852E-24
2.63027E+00  1.46379E-23
2.75423E+00  4.68126E-23
2.88403E+00  1.49750E-22
3.01995E+00  4.79166E-22
3.16228E+00  1.53360E-21
3.31131E+00  4.90954E-21
3.46737E+00  1.57204E-20
3.63078E+00  5.03476E-20
3.80189E+00  1.70442E-19
3.98107E+00  2.71997E-19
4.16869E+00  1.54787E-19
4.36516E+00  1.74610E-19
4.57088E+00  2.89505E-19
4.78630E+00  3.66526E-19
5.01187E+00  2.97295E-19
5.24807E+00  2.67005E-19
5.49541E+00  2.67741E-19
5.75440E+00  2.82971E-19
6.02560E+00  3.06127E-19
6.30957E+00  3.32516E-19
6.60693E+00  3.55480E-19
6.91831E+00  3.53769E-19
7.24436E+00  3.83077E-19
7.58578E+00  4.68565E-19
7.94328E+00  5.35044E-19
8.31764E+00  5.97081E-19
8.70964E+00  6.61294E-19
9.12011E+00  7.31166E-19
9.54992E+00  8.08323E-19
1.00000E+01  8.97329E-19
1.04713E+01  1.00992E-18
1.09648E+01  1.18384E-18
1.14815E+01  1.64136E-18
1.20226E+01  7.63382E-18
1.25893E+01  5.42068E-18
1.31826E+01  2.10541E-18
1.38038E+01  1.90856E-18
1.44544E+01  1.99728E-18
1.51356E+01  2.19195E-18
1.58489E+01  2.47158E-18
1.65959E+01  2.84960E-18
1.73780E+01  3.37538E-18
1.81970E+01  4.20056E-18
1.90546E+01  6.42144E-18
1.99526E+01  9.46964E-18
2.08930E+01  1.57087E-17
2.18776E+01  1.93901E-17
2.29087E+01  1.03100E-16
2.39883E+01  4.31270E-17
2.51189E+01  4.60178E-17
2.63027E+01  5.70924E-17
2.75423E+01  1.26943E-16
2.88403E+01  2.19735E-16
3.01995E+01  1.12307E-16
3.16228E+01  1.10195E-16
3.31131E+01  6.11984E-17
3.46737E+01  4.47074E-17
3.63078E+01  4.40797E-17
3.80189E+01  4.87423E-17
3.98107E+01  6.45304E-17
4.16869E+01  2.73042E-16
4.36516E+01  1.30807E-16
4.57088E+01  1.44916E-16
4.78630E+01  1.45179E-16
5.01187E+01  1.27958E-16
5.24807E+01  1.12845E-16
5.49541E+01  1.08667E-16
5.75440E+01  1.22028E-16
6.02560E+01  1.55940E-16
6.30957E+01  1.98852E-16
6.60693E+01  1.93101E-16
6.91831E+01  1.94850E-16
7.24436E+01  2.05542E-16
7.58578E+01  2.18993E-16
7.94328E+01  2.37535E-16
8.31764E+01  2.61256E-16
8.70963E+01  2.91771E-16
9.12011E+01  3.31980E-16
9.54992E+01  3.85009E-16
1.00000E+02  4.56320E-16
1.04713E+02  5.51375E-16
1.09648E+02  6.73830E-16
1.14815E+02  8.26712E-16
1.20226E+02  1.00603E-15
1.25893E+02  1.20364E-15
1.31826E+02  1.41069E-15
1.38038E+02  1.62102E-15
1.44544E+02  1.83158E-15
1.51356E+02  2.04294E-15
1.58489E+02  2.25911E-15
1.65959E+02  2.48120E-15
1.73780E+02  2.71144E-15
1.81970E+02  2.95115E-15
1.90546E+02  3.19673E-15
1.99526E+02  3.44452E-15
2.08930E+02  3.69232E-15
2.18776E+02  3.93456E-15
2.29087E+02  4.16703E-15
2.39883E+02  4.38091E-15
2.51189E+02  4.57232E-15
2.63027E+02  4.73598E-15
2.75423E+02  4.87196E-15
2.88403E+02  4.96947E-15
3.01995E+02  5.03349E-15
3.16228E+02  5.05763E-15
3.31131E+02  5.04771E-15
3.46737E+02  5.00248E-15
3.63078E+02  4.92403E-15
3.80189E+02  4.81468E-15
3.98107E+02  4.67845E-15
4.16869E+02  4.52373E-15
4.36516E+02  4.36091E-15
4.57088E+02  4.19749E-15
4.78630E+02  4.03774E-15
5.01187E+02  3.88647E-15
5.24807E+02  3.67062E-15
5.49541E+02  3.36700E-15
5.75440E+02  3.06905E-15
6.02560E+02  2.79231E-15
6.30957E+02  2.53908E-15
6.60693E+02  2.30304E-15
6.91831E+02  2.08449E-15
7.24436E+02  1.87816E-15
7.58577E+02  1.68606E-15
7.94328E+02  1.50955E-15
8.31763E+02  1.34596E-15
8.70963E+02  1.19685E-15
9.12011E+02  1.05931E-15
9.54993E+02  9.29024E-16
1.00000E+03  8.09735E-16
1.04713E+03  7.04360E-16
1.09648E+03  6.12784E-16
1.14815E+03  5.31695E-16
1.20226E+03  4.61011E-16
1.25893E+03  3.99071E-16
1.31826E+03  3.45221E-16
1.38038E+03  2.98276E-16
1.44544E+03  2.57573E-16
1.51356E+03  2.22362E-16
1.58489E+03  1.91786E-16
1.65959E+03  1.65441E-16
1.73780E+03  1.42723E-16
1.81970E+03  1.23031E-16
1.90546E+03  1.06083E-16
1.99526E+03  9.15051E-17
2.08930E+03  7.89172E-17
2.18776E+03  6.80942E-17
2.29087E+03  5.87813E-17
2.39883E+03  5.07670E-17
2.51189E+03  4.39067E-17
2.63027E+03  3.79804E-17
2.75423E+03  3.28754E-17
2.88403E+03  2.84940E-17
3.01995E+03  2.47173E-17
3.16228E+03  2.14562E-17
3.31131E+03  1.86493E-17
3.46737E+03  1.62286E-17
3.63078E+03  1.41441E-17
3.80189E+03  1.23688E-17
3.98107E+03  1.08329E-17
4.16869E+03  9.52130E-18
4.36516E+03  8.39332E-18
4.57088E+03  7.44462E-18
4.78630E+03  6.61854E-18
5.01187E+03  5.92302E-18
5.24807E+03  5.32583E-18
5.49541E+03  4.81862E-18
5.75440E+03  4.39003E-18
6.02560E+03  4.02224E-18
6.30957E+03  3.71354E-18
6.60693E+03  3.45239E-18
6.91831E+03  3.23432E-18
7.24436E+03  3.04915E-18
7.58577E+03  2.89439E-18
7.94328E+03  2.76692E-18
8.31763E+03  2.66093E-18
8.70963E+03  2.57465E-18
9.12010E+03  2.50506E-18
9.54993E+03  2.44993E-18
