#column 1 : lambda in microns
#column 2 : snu_eff in Jy / Lsun (in the cosmo of Planck 2013 XXX)
1.00000E+00  5.18480E-44
1.04713E+00  1.63952E-43
1.09648E+00  4.98862E-43
1.14815E+00  1.52742E-42
1.20226E+00  4.66072E-42
1.25893E+00  1.42624E-41
1.31826E+00  4.37009E-41
1.38038E+00  1.34204E-40
1.44544E+00  4.12887E-40
1.51356E+00  1.27266E-39
1.58489E+00  3.93013E-39
1.65959E+00  1.21593E-38
1.73780E+00  3.76882E-38
1.81970E+00  1.17027E-37
1.90546E+00  3.64026E-37
1.99526E+00  1.13430E-36
2.08930E+00  3.54039E-36
2.18776E+00  1.10684E-35
2.29087E+00  3.46579E-35
2.39883E+00  1.08688E-34
2.51189E+00  3.41343E-34
2.63027E+00  1.07352E-33
2.75423E+00  3.38074E-33
2.88403E+00  1.06602E-32
3.01995E+00  3.36548E-32
3.16228E+00  1.06372E-31
3.31131E+00  3.36574E-31
3.46737E+00  1.06606E-30
3.63078E+00  3.37989E-30
3.80189E+00  1.07255E-29
3.98107E+00  3.40649E-29
4.16869E+00  1.08279E-28
4.36516E+00  3.44435E-28
4.57088E+00  1.09642E-27
4.78630E+00  3.49245E-27
5.01187E+00  1.11314E-26
5.24807E+00  3.54986E-26
5.49541E+00  1.13268E-25
5.75440E+00  3.61590E-25
6.02560E+00  1.15484E-24
6.30957E+00  3.68988E-24
6.60693E+00  1.17944E-23
6.91831E+00  3.77131E-23
7.24436E+00  1.20630E-22
7.58578E+00  3.85973E-22
7.94328E+00  1.23533E-21
8.31764E+00  3.95476E-21
8.70964E+00  1.26639E-20
9.12011E+00  4.61245E-20
9.54992E+00  4.09984E-20
1.00000E+01  2.85099E-20
1.04713E+01  3.62908E-20
1.09648E+01  6.20395E-20
1.14815E+01  6.59624E-20
1.20226E+01  5.36454E-20
1.25893E+01  4.98200E-20
1.31826E+01  5.08294E-20
1.38038E+01  5.41648E-20
1.44544E+01  5.87277E-20
1.51356E+01  6.36541E-20
1.58489E+01  6.73304E-20
1.65959E+01  6.56996E-20
1.73780E+01  7.63098E-20
1.81970E+01  9.14512E-20
1.90546E+01  1.03413E-19
1.99526E+01  1.15200E-19
2.08930E+01  1.27497E-19
2.18776E+01  1.40929E-19
2.29087E+01  1.56159E-19
2.39883E+01  1.73626E-19
2.51189E+01  1.96890E-19
2.63027E+01  2.36360E-19
2.75423E+01  3.65577E-19
2.88403E+01  5.37982E-18
3.01995E+01  6.50730E-19
3.16228E+01  3.80364E-19
3.31131E+01  3.67383E-19
3.46737E+01  3.93151E-19
3.63078E+01  4.38022E-19
3.80189E+01  5.00361E-19
3.98107E+01  5.84198E-19
4.16869E+01  7.02658E-19
4.36516E+01  8.95430E-19
4.57088E+01  1.59694E-18
4.78630E+01  1.80983E-18
5.01187E+01  3.95114E-18
5.24807E+01  4.60289E-18
5.49541E+01  2.50296E-17
5.75440E+01  7.95174E-18
6.02560E+01  8.98510E-18
6.30957E+01  1.29729E-17
6.60693E+01  3.29493E-17
6.91831E+01  4.13987E-17
7.24436E+01  1.92036E-17
7.58578E+01  2.37339E-17
7.94328E+01  1.07002E-17
8.31764E+01  9.04931E-18
8.70963E+01  9.28231E-18
9.12011E+01  1.05588E-17
9.54992E+01  1.51049E-17
1.00000E+02  5.23607E-17
1.04713E+02  2.84783E-17
1.09648E+02  3.34040E-17
1.14815E+02  2.53138E-17
1.20226E+02  2.45650E-17
1.25893E+02  2.31443E-17
1.31826E+02  2.32665E-17
1.38038E+02  2.68369E-17
1.44544E+02  4.02321E-17
1.51356E+02  4.30001E-17
1.58489E+02  4.10034E-17
1.65959E+02  4.40525E-17
1.73780E+02  4.55453E-17
1.81970E+02  4.90264E-17
1.90546E+02  5.36245E-17
1.99526E+02  5.95692E-17
2.08930E+02  6.73076E-17
2.18776E+02  7.76952E-17
2.29087E+02  9.16628E-17
2.39883E+02  1.10632E-16
2.51189E+02  1.36167E-16
2.63027E+02  1.69501E-16
2.75423E+02  2.10378E-16
2.88403E+02  2.57523E-16
3.01995E+02  3.07898E-16
3.16228E+02  3.58899E-16
3.31131E+02  4.08075E-16
3.46737E+02  4.54782E-16
3.63078E+02  4.99357E-16
3.80189E+02  5.42726E-16
3.98107E+02  5.85101E-16
4.16869E+02  6.27128E-16
4.36516E+02  6.68609E-16
4.57088E+02  7.09236E-16
4.78630E+02  7.47523E-16
5.01187E+02  7.84647E-16
5.24807E+02  8.17709E-16
5.49541E+02  8.46635E-16
5.75440E+02  8.70423E-16
6.02560E+02  8.88062E-16
6.30957E+02  9.01544E-16
6.60693E+02  9.05972E-16
6.91831E+02  9.05155E-16
7.24436E+02  8.96646E-16
7.58577E+02  8.83343E-16
7.94328E+02  8.64261E-16
8.31763E+02  8.39722E-16
8.70963E+02  8.11414E-16
9.12011E+02  7.79513E-16
9.54993E+02  7.43211E-16
1.00000E+03  7.07872E-16
1.04713E+03  6.70912E-16
1.09648E+03  6.35233E-16
1.14815E+03  6.03455E-16
1.20226E+03  5.71768E-16
1.25893E+03  5.28367E-16
1.31826E+03  4.77300E-16
1.38038E+03  4.29478E-16
1.44544E+03  3.86729E-16
1.51356E+03  3.48039E-16
1.58489E+03  3.12283E-16
1.65959E+03  2.79542E-16
1.73780E+03  2.49449E-16
1.81970E+03  2.21891E-16
1.90546E+03  1.96912E-16
1.99526E+03  1.74014E-16
2.08930E+03  1.53440E-16
2.18776E+03  1.34613E-16
2.29087E+03  1.16924E-16
2.39883E+03  1.01233E-16
2.51189E+03  8.75704E-17
2.63027E+03  7.55735E-17
2.75423E+03  6.52368E-17
2.88403E+03  5.63028E-17
3.01995E+03  4.85136E-17
3.16228E+03  4.17295E-17
3.31131E+03  3.59297E-17
3.46737E+03  3.09030E-17
3.63078E+03  2.65667E-17
3.80189E+03  2.28523E-17
3.98107E+03  1.96581E-17
4.16869E+03  1.69010E-17
4.36516E+03  1.45458E-17
4.57088E+03  1.25184E-17
4.78630E+03  1.07779E-17
5.01187E+03  9.28979E-18
5.24807E+03  8.00544E-18
5.49541E+03  6.89705E-18
5.75440E+03  5.95912E-18
6.02560E+03  5.16589E-18
6.30957E+03  4.46599E-18
6.60693E+03  3.87340E-18
6.91831E+03  3.36373E-18
7.24436E+03  2.92583E-18
7.58577E+03  2.54994E-18
7.94328E+03  2.22651E-18
8.31763E+03  1.94848E-18
8.70963E+03  1.71022E-18
9.12010E+03  1.50779E-18
9.54993E+03  1.33142E-18
