#column 1 : lambda in microns
#column 2 : snu_eff in Jy / Lsun (in the cosmo of Planck 2013 XXX)
1.00000E+00  2.71494E-36
1.04713E+00  8.52199E-36
1.09648E+00  2.67867E-35
1.14815E+00  8.43077E-35
1.20226E+00  2.65682E-34
1.25893E+00  8.38257E-34
1.31826E+00  2.64782E-33
1.38038E+00  8.37279E-33
1.44544E+00  2.65032E-32
1.51356E+00  8.39742E-32
1.58489E+00  2.66313E-31
1.65959E+00  8.45307E-31
1.73780E+00  2.68528E-30
1.81970E+00  8.53680E-30
1.90546E+00  2.71590E-29
1.99526E+00  8.64614E-29
2.08930E+00  2.75426E-28
2.18776E+00  8.77894E-28
2.29087E+00  2.79975E-27
2.39883E+00  8.93344E-27
2.51189E+00  2.85184E-26
2.63027E+00  9.10806E-26
2.75423E+00  2.91010E-25
2.88403E+00  9.30159E-25
3.01995E+00  2.97415E-24
3.16228E+00  9.51294E-24
3.31131E+00  3.04369E-23
3.46737E+00  9.74119E-23
3.63078E+00  3.11848E-22
3.80189E+00  9.98572E-22
3.98107E+00  3.19829E-21
4.16869E+00  1.02459E-20
4.36516E+00  3.28299E-20
4.57088E+00  1.11202E-19
4.78630E+00  1.77492E-19
5.01187E+00  1.00952E-19
5.24807E+00  1.13871E-19
5.49541E+00  1.88863E-19
5.75440E+00  2.39141E-19
6.02560E+00  1.93910E-19
6.30957E+00  1.74100E-19
6.60693E+00  1.74565E-19
6.91831E+00  1.84494E-19
7.24436E+00  1.99596E-19
7.58578E+00  2.16781E-19
7.94328E+00  2.31704E-19
8.31764E+00  2.30551E-19
8.70964E+00  2.49715E-19
9.12011E+00  3.05492E-19
9.54992E+00  3.48901E-19
1.00000E+01  3.89330E-19
1.04713E+01  4.31265E-19
1.09648E+01  4.76891E-19
1.14815E+01  5.27405E-19
1.20226E+01  5.85683E-19
1.25893E+01  6.59400E-19
1.31826E+01  7.73448E-19
1.38038E+01  1.07281E-18
1.44544E+01  4.98900E-18
1.51356E+01  3.54454E-18
1.58489E+01  1.38032E-18
1.65959E+01  1.25415E-18
1.73780E+01  1.31597E-18
1.81970E+01  1.44810E-18
1.90546E+01  1.63791E-18
1.99526E+01  1.89391E-18
2.08930E+01  2.24950E-18
2.18776E+01  2.80402E-18
2.29087E+01  4.27794E-18
2.39883E+01  6.29681E-18
2.51189E+01  1.04174E-17
2.63027E+01  1.28632E-17
2.75423E+01  6.78848E-17
2.88403E+01  2.85456E-17
3.01995E+01  3.05024E-17
3.16228E+01  3.78558E-17
3.31131E+01  8.39577E-17
3.46737E+01  1.45271E-16
3.63078E+01  7.45234E-17
3.80189E+01  7.32107E-17
3.98107E+01  4.09917E-17
4.16869E+01  3.02221E-17
4.36516E+01  2.99317E-17
4.57088E+01  3.31303E-17
4.78630E+01  4.36528E-17
5.01187E+01  1.81315E-16
5.24807E+01  8.76937E-17
5.49541E+01  9.72353E-17
5.75440E+01  9.76703E-17
6.02560E+01  8.65239E-17
6.30957E+01  7.67798E-17
6.60693E+01  7.43760E-17
6.91831E+01  8.37914E-17
7.24436E+01  1.07151E-16
7.58578E+01  1.36757E-16
7.94328E+01  1.33669E-16
8.31764E+01  1.35598E-16
8.70963E+01  1.43516E-16
9.12011E+01  1.53322E-16
9.54992E+01  1.66738E-16
1.00000E+02  1.83928E-16
1.04713E+02  2.06184E-16
1.09648E+02  2.35776E-16
1.14815E+02  2.75262E-16
1.20226E+02  3.29034E-16
1.25893E+02  4.01644E-16
1.31826E+02  4.96318E-16
1.38038E+02  6.15605E-16
1.44544E+02  7.56015E-16
1.51356E+02  9.10027E-16
1.58489E+02  1.06977E-15
1.65959E+02  1.22844E-15
1.73780E+02  1.38340E-15
1.81970E+02  1.53446E-15
1.90546E+02  1.68445E-15
1.99526E+02  1.83411E-15
2.08930E+02  1.98542E-15
2.18776E+02  2.13918E-15
2.29087E+02  2.29251E-15
2.39883E+02  2.44277E-15
2.51189E+02  2.58915E-15
2.63027E+02  2.72742E-15
2.75423E+02  2.85660E-15
2.88403E+02  2.96894E-15
3.01995E+02  3.06248E-15
3.16228E+02  3.13466E-15
3.31131E+02  3.18959E-15
3.46737E+02  3.21574E-15
3.63078E+02  3.22360E-15
3.80189E+02  3.20255E-15
3.98107E+02  3.16306E-15
4.16869E+02  3.10234E-15
4.36516E+02  3.02479E-15
4.57088E+02  2.92771E-15
4.78630E+02  2.81791E-15
5.01187E+02  2.69911E-15
5.24807E+02  2.57829E-15
5.49541E+02  2.46081E-15
5.75440E+02  2.34546E-15
6.02560E+02  2.23882E-15
6.30957E+02  2.09804E-15
6.60693E+02  1.91022E-15
6.91831E+02  1.73037E-15
7.24436E+02  1.56414E-15
7.58577E+02  1.41357E-15
7.94328E+02  1.27452E-15
8.31763E+02  1.14704E-15
8.70963E+02  1.02781E-15
9.12011E+02  9.17826E-16
9.54993E+02  8.17675E-16
1.00000E+03  7.25566E-16
1.04713E+03  6.42332E-16
1.09648E+03  5.66044E-16
1.14815E+03  4.94320E-16
1.20226E+03  4.29257E-16
1.25893E+03  3.71877E-16
1.31826E+03  3.22496E-16
1.38038E+03  2.78745E-16
1.44544E+03  2.41138E-16
1.51356E+03  2.08080E-16
1.58489E+03  1.79496E-16
1.65959E+03  1.54697E-16
1.73780E+03  1.33275E-16
1.81970E+03  1.14812E-16
1.90546E+03  9.88137E-17
1.99526E+03  8.50801E-17
2.08930E+03  7.32746E-17
2.18776E+03  6.30715E-17
2.29087E+03  5.43012E-17
2.39883E+03  4.67983E-17
2.51189E+03  4.03193E-17
2.63027E+03  3.47623E-17
2.75423E+03  2.99924E-17
2.88403E+03  2.58958E-17
3.01995E+03  2.23943E-17
3.16228E+03  1.93808E-17
3.31131E+03  1.67806E-17
3.46737E+03  1.45565E-17
3.63078E+03  1.26426E-17
3.80189E+03  1.09924E-17
3.98107E+03  9.57575E-18
4.16869E+03  8.35500E-18
4.36516E+03  7.30599E-18
4.57088E+03  6.41244E-18
4.78630E+03  5.64256E-18
5.01187E+03  4.98454E-18
5.24807E+03  4.42198E-18
5.49541E+03  3.94839E-18
5.75440E+03  3.53735E-18
6.02560E+03  3.19289E-18
6.30957E+03  2.89737E-18
6.60693E+03  2.64810E-18
6.91831E+03  2.43828E-18
7.24436E+03  2.25914E-18
7.58577E+03  2.10984E-18
7.94328E+03  1.98462E-18
8.31763E+03  1.88092E-18
8.70963E+03  1.79411E-18
9.12010E+03  1.72256E-18
9.54993E+03  1.66487E-18
