#column 1 : lambda in microns
#column 2 : snu_eff in Jy / Lsun (in the cosmo of Planck 2013 XXX)
1.00000E+00  3.13372E-29
1.04713E+00  9.84914E-29
1.09648E+00  3.09689E-28
1.14815E+00  9.74185E-28
1.20226E+00  3.06575E-27
1.25893E+00  9.65189E-27
1.31826E+00  3.03991E-26
1.38038E+00  9.57814E-26
1.44544E+00  3.01903E-25
1.51356E+00  9.51956E-25
1.58489E+00  3.00280E-24
1.65959E+00  9.47533E-24
1.73780E+00  2.99099E-23
1.81970E+00  9.44469E-23
1.90546E+00  2.98338E-22
1.99526E+00  9.42705E-22
2.08930E+00  2.97979E-21
2.18776E+00  9.42185E-21
2.29087E+00  2.98007E-20
2.39883E+00  9.42869E-20
2.51189E+00  2.98408E-19
2.63027E+00  1.06610E-18
2.75423E+00  6.04355E-19
2.88403E+00  5.08927E-19
3.01995E+00  7.21507E-19
3.16228E+00  1.18496E-18
3.31131E+00  1.09054E-18
3.46737E+00  9.13156E-19
3.63078E+00  8.76766E-19
3.80189E+00  9.08027E-19
3.98107E+00  9.74127E-19
4.16869E+00  1.05781E-18
4.36516E+00  1.14508E-18
4.57088E+00  1.19467E-18
4.78630E+00  1.16918E-18
5.01187E+00  1.42348E-18
5.24807E+00  1.66885E-18
5.49541E+00  1.87506E-18
5.75440E+00  2.08151E-18
6.02560E+00  2.30065E-18
6.30957E+00  2.54233E-18
6.60693E+00  2.81349E-18
6.91831E+00  3.13490E-18
7.24436E+00  3.57373E-18
7.58578E+00  4.40415E-18
7.94328E+00  8.09206E-18
8.31764E+00  1.87005E-16
8.70964E+00  8.64081E-18
9.12011E+00  6.33683E-18
9.54992E+00  6.30165E-18
1.00000E+01  6.75891E-18
1.04713E+01  7.48954E-18
1.09648E+01  8.49553E-18
1.14815E+01  9.86699E-18
1.20226E+01  1.18702E-17
1.25893E+01  1.55590E-17
1.31826E+01  3.42595E-17
1.38038E+01  3.13939E-17
1.44544E+01  6.42528E-17
1.51356E+01  1.05379E-16
1.58489E+01  2.76883E-16
1.65959E+01  1.36446E-16
1.73780E+01  1.50248E-16
1.81970E+01  2.55166E-16
1.90546E+01  6.92140E-16
1.99526E+01  5.81841E-16
2.08930E+01  2.96513E-16
2.18776E+01  3.24552E-16
2.29087E+01  1.52570E-16
2.39883E+01  1.36319E-16
2.51189E+01  1.41903E-16
2.63027E+01  1.67179E-16
2.75423E+01  2.93348E-16
2.88403E+01  5.75179E-16
3.01995E+01  4.74107E-16
3.16228E+01  6.12595E-16
3.31131E+01  3.64397E-16
3.46737E+01  3.36465E-16
3.63078E+01  3.23697E-16
3.80189E+01  3.41298E-16
3.98107E+01  3.99271E-16
4.16869E+01  5.49704E-16
4.36516E+01  6.18950E-16
4.57088E+01  5.49505E-16
4.78630E+01  5.92421E-16
5.01187E+01  6.07526E-16
5.24807E+01  6.49733E-16
5.49541E+01  7.05011E-16
5.75440E+01  7.74381E-16
6.02560E+01  8.65760E-16
6.30957E+01  9.83631E-16
6.60693E+01  1.13659E-15
6.91831E+01  1.33436E-15
7.24436E+01  1.58532E-15
7.58578E+01  1.89388E-15
7.94328E+01  2.25586E-15
8.31764E+01  2.65777E-15
8.70963E+01  3.08589E-15
9.12011E+01  3.52858E-15
9.54992E+01  3.98572E-15
1.00000E+02  4.45981E-15
1.04713E+02  4.95887E-15
1.09648E+02  5.49556E-15
1.14815E+02  6.07293E-15
1.20226E+02  6.69972E-15
1.25893E+02  7.37214E-15
1.31826E+02  8.08783E-15
1.38038E+02  8.83844E-15
1.44544E+02  9.61373E-15
1.51356E+02  1.03989E-14
1.58489E+02  1.11824E-14
1.65959E+02  1.19472E-14
1.73780E+02  1.26768E-14
1.81970E+02  1.33491E-14
1.90546E+02  1.39539E-14
1.99526E+02  1.44717E-14
2.08930E+02  1.48912E-14
2.18776E+02  1.52137E-14
2.29087E+02  1.54355E-14
2.39883E+02  1.55438E-14
2.51189E+02  1.55467E-14
2.63027E+02  1.54408E-14
2.75423E+02  1.52449E-14
2.88403E+02  1.49939E-14
3.01995E+02  1.47029E-14
3.16228E+02  1.44031E-14
3.31131E+02  1.41240E-14
3.46737E+02  1.37513E-14
3.63078E+02  1.29712E-14
3.80189E+02  1.20137E-14
3.98107E+02  1.10855E-14
4.16869E+02  1.02263E-14
4.36516E+02  9.40884E-15
4.57088E+02  8.63248E-15
4.78630E+02  7.88314E-15
5.01187E+02  7.17862E-15
5.24807E+02  6.50930E-15
5.49541E+02  5.88174E-15
5.75440E+02  5.29233E-15
6.02560E+02  4.74495E-15
6.30957E+02  4.22137E-15
6.60693E+02  3.71792E-15
6.91831E+02  3.26601E-15
7.24436E+02  2.86514E-15
7.58577E+02  2.50818E-15
7.94328E+02  2.19069E-15
8.31763E+02  1.91082E-15
8.70963E+02  1.66420E-15
9.12011E+02  1.44836E-15
9.54993E+02  1.25836E-15
1.00000E+03  1.09211E-15
1.04713E+03  9.47575E-16
1.09648E+03  8.21186E-16
1.14815E+03  7.11503E-16
1.20226E+03  6.15854E-16
1.25893E+03  5.33094E-16
1.31826E+03  4.61170E-16
1.38038E+03  3.98856E-16
1.44544E+03  3.45033E-16
1.51356E+03  2.98573E-16
1.58489E+03  2.58297E-16
1.65959E+03  2.23447E-16
1.73780E+03  1.93503E-16
1.81970E+03  1.67533E-16
1.90546E+03  1.45162E-16
1.99526E+03  1.25767E-16
2.08930E+03  1.09029E-16
2.18776E+03  9.45084E-17
2.29087E+03  8.19460E-17
2.39883E+03  7.11096E-17
2.51189E+03  6.17754E-17
2.63027E+03  5.37334E-17
2.75423E+03  4.67940E-17
2.88403E+03  4.08994E-17
3.01995E+03  3.57993E-17
3.16228E+03  3.14525E-17
3.31131E+03  2.76845E-17
3.46737E+03  2.44743E-17
3.63078E+03  2.17292E-17
3.80189E+03  1.94154E-17
3.98107E+03  1.74029E-17
4.16869E+03  1.57015E-17
4.36516E+03  1.42413E-17
4.57088E+03  1.30042E-17
4.78630E+03  1.19439E-17
5.01187E+03  1.10565E-17
5.24807E+03  1.03028E-17
5.49541E+03  9.67128E-18
5.75440E+03  9.13688E-18
6.02560E+03  8.69006E-18
6.30957E+03  8.31909E-18
6.60693E+03  8.01211E-18
6.91831E+03  7.76252E-18
7.24436E+03  7.56139E-18
7.58577E+03  7.40196E-18
7.94328E+03  7.27746E-18
8.31763E+03  7.18513E-18
8.70963E+03  7.12052E-18
9.12010E+03  7.08066E-18
9.54993E+03  7.06150E-18
