#column 1 : lambda in microns
#column 2 : snu_eff in Jy / Lsun (in the cosmo of Planck 2013 XXX)
1.00000E+00  1.25904E-35
1.04713E+00  3.96571E-35
1.09648E+00  1.25063E-34
1.14815E+00  3.94858E-34
1.20226E+00  1.24805E-33
1.25893E+00  3.94887E-33
1.31826E+00  1.25068E-32
1.38038E+00  3.96483E-32
1.44544E+00  1.25802E-31
1.51356E+00  3.99493E-31
1.58489E+00  1.26961E-30
1.65959E+00  4.03787E-30
1.73780E+00  1.28509E-29
1.81970E+00  4.09256E-29
1.90546E+00  1.30413E-28
1.99526E+00  4.15805E-28
2.08930E+00  1.32645E-27
2.18776E+00  4.23354E-27
2.29087E+00  1.35182E-26
2.39883E+00  4.31837E-26
2.51189E+00  1.38005E-25
2.63027E+00  4.41196E-25
2.75423E+00  1.41098E-24
2.88403E+00  4.51387E-24
3.01995E+00  1.44447E-23
3.16228E+00  4.62370E-23
3.31131E+00  1.48041E-22
3.46737E+00  4.74112E-22
3.63078E+00  1.51873E-21
3.80189E+00  4.86594E-21
3.98107E+00  1.55934E-20
4.16869E+00  4.99794E-20
4.36516E+00  1.82137E-19
4.57088E+00  1.61886E-19
4.78630E+00  1.12568E-19
5.01187E+00  1.43313E-19
5.24807E+00  2.45070E-19
5.49541E+00  2.60456E-19
5.75440E+00  2.11843E-19
6.02560E+00  1.96760E-19
6.30957E+00  2.00721E-19
6.60693E+00  2.13899E-19
6.91831E+00  2.31918E-19
7.24436E+00  2.51412E-19
7.58578E+00  2.65989E-19
7.94328E+00  2.59490E-19
8.31764E+00  3.01227E-19
8.70964E+00  3.60944E-19
9.12011E+00  4.08344E-19
9.54992E+00  4.54629E-19
1.00000E+01  5.03106E-19
1.04713E+01  5.56175E-19
1.09648E+01  6.15706E-19
1.14815E+01  6.84501E-19
1.20226E+01  7.75280E-19
1.25893E+01  9.29813E-19
1.31826E+01  1.43783E-18
1.38038E+01  2.12097E-17
1.44544E+01  2.55533E-18
1.51356E+01  1.48428E-18
1.58489E+01  1.42543E-18
1.65959E+01  1.51641E-18
1.73780E+01  1.67885E-18
1.81970E+01  1.90488E-18
1.90546E+01  2.21061E-18
1.99526E+01  2.64479E-18
2.08930E+01  3.36350E-18
2.18776E+01  6.06292E-18
2.29087E+01  6.83777E-18
2.39883E+01  1.51356E-17
2.51189E+01  1.75912E-17
2.63027E+01  9.70980E-17
2.75423E+01  3.04030E-17
2.88403E+01  3.42861E-17
3.01995E+01  4.95975E-17
3.16228E+01  1.26743E-16
3.31131E+01  1.59078E-16
3.46737E+01  7.30687E-17
3.63078E+01  9.03464E-17
3.80189E+01  3.96712E-17
3.98107E+01  3.29430E-17
4.16869E+01  3.35594E-17
4.36516E+01  3.82066E-17
4.57088E+01  5.56008E-17
4.78630E+01  1.99837E-16
5.01187E+01  1.06815E-16
5.24807E+01  1.25485E-16
5.49541E+01  9.37842E-17
5.75440E+01  9.04417E-17
6.02560E+01  8.43711E-17
6.30957E+01  8.39655E-17
6.60693E+01  9.64477E-17
6.91831E+01  1.46054E-16
7.24436E+01  1.54869E-16
7.58578E+01  1.45229E-16
7.94328E+01  1.54958E-16
8.31764E+01  1.58857E-16
8.70963E+01  1.70293E-16
9.12011E+01  1.85462E-16
9.54992E+01  2.04951E-16
1.00000E+02  2.30412E-16
1.04713E+02  2.64353E-16
1.09648E+02  3.09854E-16
1.14815E+02  3.71391E-16
1.20226E+02  4.54013E-16
1.25893E+02  5.61913E-16
1.31826E+02  6.94758E-16
1.38038E+02  8.49226E-16
1.44544E+02  1.01702E-15
1.51356E+02  1.19091E-15
1.58489E+02  1.36380E-15
1.65959E+02  1.53403E-15
1.73780E+02  1.70300E-15
1.81970E+02  1.87271E-15
1.90546E+02  2.04445E-15
1.99526E+02  2.22017E-15
2.08930E+02  2.39869E-15
2.18776E+02  2.57893E-15
2.29087E+02  2.75608E-15
2.39883E+02  2.93119E-15
2.51189E+02  3.09669E-15
2.63027E+02  3.24903E-15
2.75423E+02  3.38506E-15
2.88403E+02  3.50040E-15
3.01995E+02  3.59678E-15
3.16228E+02  3.66306E-15
3.31131E+02  3.70427E-15
3.46737E+02  3.71562E-15
3.63078E+02  3.70304E-15
3.80189E+02  3.66444E-15
3.98107E+02  3.60082E-15
4.16869E+02  3.51586E-15
4.36516E+02  3.41241E-15
4.57088E+02  3.28790E-15
4.78630E+02  3.16060E-15
5.01187E+02  3.02551E-15
5.24807E+02  2.89188E-15
5.49541E+02  2.77087E-15
5.75440E+02  2.64767E-15
6.02560E+02  2.46662E-15
6.30957E+02  2.24528E-15
6.60693E+02  2.03432E-15
6.91831E+02  1.84385E-15
7.24436E+02  1.66985E-15
7.58577E+02  1.50732E-15
7.94328E+02  1.35721E-15
8.31763E+02  1.21780E-15
8.70963E+02  1.08889E-15
9.12011E+02  9.71022E-16
9.54993E+02  8.62379E-16
1.00000E+03  7.63896E-16
1.04713E+03  6.72965E-16
1.09648E+03  5.86924E-16
1.14815E+03  5.10101E-16
1.20226E+03  4.42874E-16
1.25893E+03  3.83659E-16
1.31826E+03  3.32229E-16
1.38038E+03  2.87460E-16
1.44544E+03  2.48376E-16
1.51356E+03  2.14251E-16
1.58489E+03  1.84893E-16
1.65959E+03  1.59398E-16
1.73780E+03  1.37322E-16
1.81970E+03  1.18338E-16
1.90546E+03  1.01967E-16
1.99526E+03  8.78107E-17
2.08930E+03  7.56596E-17
2.18776E+03  6.51843E-17
2.29087E+03  5.61707E-17
2.39883E+03  4.84366E-17
2.51189E+03  4.17668E-17
2.63027E+03  3.60214E-17
2.75423E+03  3.11110E-17
2.88403E+03  2.69356E-17
3.01995E+03  2.32896E-17
3.16228E+03  2.01750E-17
3.31131E+03  1.74965E-17
3.46737E+03  1.51914E-17
3.63078E+03  1.32072E-17
3.80189E+03  1.14961E-17
3.98107E+03  1.00249E-17
4.16869E+03  8.76183E-18
4.36516E+03  7.68785E-18
4.57088E+03  6.74850E-18
4.78630E+03  5.96623E-18
5.01187E+03  5.28220E-18
5.24807E+03  4.70653E-18
5.49541E+03  4.21391E-18
5.75440E+03  3.79554E-18
6.02560E+03  3.43718E-18
6.30957E+03  3.13737E-18
6.60693E+03  2.87932E-18
6.91831E+03  2.66299E-18
7.24436E+03  2.48186E-18
7.58577E+03  2.32799E-18
7.94328E+03  2.20066E-18
8.31763E+03  2.09381E-18
8.70963E+03  2.00569E-18
9.12010E+03  1.93382E-18
9.54993E+03  1.87480E-18
