#column 1 : lambda in microns
#column 2 : snu_eff in Jy / Lsun (in the cosmo of Planck 2013 XXX)
1.00000E+00  2.94749E-38
1.04713E+00  9.13598E-38
1.09648E+00  2.83688E-37
1.14815E+00  8.82455E-37
1.20226E+00  2.74976E-36
1.25893E+00  8.58277E-36
1.31826E+00  2.68328E-35
1.38038E+00  8.40214E-35
1.44544E+00  2.63496E-34
1.51356E+00  8.27544E-34
1.58489E+00  2.60265E-33
1.65959E+00  8.19644E-33
1.73780E+00  2.58455E-32
1.81970E+00  8.15966E-32
1.90546E+00  2.57905E-31
1.99526E+00  8.16056E-31
2.08930E+00  2.58480E-30
2.18776E+00  8.19509E-30
2.29087E+00  2.60062E-29
2.39883E+00  8.25985E-29
2.51189E+00  2.62552E-28
2.63027E+00  8.35191E-28
2.75423E+00  2.65865E-27
2.88403E+00  8.46877E-27
3.01995E+00  2.69927E-26
3.16228E+00  8.60831E-26
3.31131E+00  2.74675E-25
3.46737E+00  8.76865E-25
3.63078E+00  2.80058E-24
3.80189E+00  8.94837E-24
3.98107E+00  2.86030E-23
4.16869E+00  9.14613E-23
4.36516E+00  2.92555E-22
4.57088E+00  9.36080E-22
4.78630E+00  2.99603E-21
5.01187E+00  9.59164E-21
5.24807E+00  3.07145E-20
5.49541E+00  1.11870E-19
5.75440E+00  9.94364E-20
6.02560E+00  6.91472E-20
6.30957E+00  8.80191E-20
6.60693E+00  1.50469E-19
6.91831E+00  1.59984E-19
7.24436E+00  1.30110E-19
7.58578E+00  1.20832E-19
7.94328E+00  1.23280E-19
8.31764E+00  1.31370E-19
8.70964E+00  1.42437E-19
9.12011E+00  1.54385E-19
9.54992E+00  1.63301E-19
1.00000E+01  1.59346E-19
1.04713E+01  1.85080E-19
1.09648E+01  2.21803E-19
1.14815E+01  2.50815E-19
1.20226E+01  2.79403E-19
1.25893E+01  3.09227E-19
1.31826E+01  3.41806E-19
1.38038E+01  3.78743E-19
1.44544E+01  4.21108E-19
1.51356E+01  4.77532E-19
1.58489E+01  5.73261E-19
1.65959E+01  8.86666E-19
1.73780E+01  1.30486E-17
1.81970E+01  1.57826E-18
1.90546E+01  9.22526E-19
1.99526E+01  8.91042E-19
2.08930E+01  9.53539E-19
2.18776E+01  1.06237E-18
2.29087E+01  1.21356E-18
2.39883E+01  1.41690E-18
2.51189E+01  1.70421E-18
2.63027E+01  2.17175E-18
2.75423E+01  3.87319E-18
2.88403E+01  4.38953E-18
3.01995E+01  9.58306E-18
3.16228E+01  1.11639E-17
3.31131E+01  6.07062E-17
3.46737E+01  1.92860E-17
3.63078E+01  2.17922E-17
3.80189E+01  3.14642E-17
3.98107E+01  7.99140E-17
4.16869E+01  1.00407E-16
4.36516E+01  4.65758E-17
4.57088E+01  5.75636E-17
4.78630E+01  2.59519E-17
5.01187E+01  2.19480E-17
5.24807E+01  2.25131E-17
5.49541E+01  2.56091E-17
5.75440E+01  3.66352E-17
6.02560E+01  1.26994E-16
6.30957E+01  6.90707E-17
6.60693E+01  8.10174E-17
6.91831E+01  6.13955E-17
7.24436E+01  5.95794E-17
7.58578E+01  5.61337E-17
7.94328E+01  5.64300E-17
8.31764E+01  6.50896E-17
8.70963E+01  9.75780E-17
9.12011E+01  1.04291E-16
9.54992E+01  9.94488E-17
1.00000E+02  1.06844E-16
1.04713E+02  1.10464E-16
1.09648E+02  1.18907E-16
1.14815E+02  1.30060E-16
1.20226E+02  1.44478E-16
1.25893E+02  1.63246E-16
1.31826E+02  1.88440E-16
1.38038E+02  2.22317E-16
1.44544E+02  2.68325E-16
1.51356E+02  3.30257E-16
1.58489E+02  4.11103E-16
1.65959E+02  5.10247E-16
1.73780E+02  6.24591E-16
1.81970E+02  7.46768E-16
1.90546E+02  8.70467E-16
1.99526E+02  9.89733E-16
2.08930E+02  1.10302E-15
2.18776E+02  1.21113E-15
2.29087E+02  1.31631E-15
2.39883E+02  1.41909E-15
2.51189E+02  1.52102E-15
2.63027E+02  1.62163E-15
2.75423E+02  1.72016E-15
2.88403E+02  1.81303E-15
3.01995E+02  1.90306E-15
3.16228E+02  1.98325E-15
3.31131E+02  2.05341E-15
3.46737E+02  2.11110E-15
3.63078E+02  2.15389E-15
3.80189E+02  2.18658E-15
3.98107E+02  2.19732E-15
4.16869E+02  2.19534E-15
4.36516E+02  2.17470E-15
4.57088E+02  2.14244E-15
4.78630E+02  2.09616E-15
5.01187E+02  2.03664E-15
5.24807E+02  1.96798E-15
5.49541E+02  1.89061E-15
5.75440E+02  1.80257E-15
6.02560E+02  1.71685E-15
6.30957E+02  1.62721E-15
6.60693E+02  1.54068E-15
6.91831E+02  1.46361E-15
7.24436E+02  1.38675E-15
7.58577E+02  1.28149E-15
7.94328E+02  1.15763E-15
8.31763E+02  1.04165E-15
8.70963E+02  9.37963E-16
9.12011E+02  8.44125E-16
9.54993E+02  7.57404E-16
1.00000E+03  6.77994E-16
1.04713E+03  6.05007E-16
1.09648E+03  5.38168E-16
1.14815E+03  4.77584E-16
1.20226E+03  4.22050E-16
1.25893E+03  3.72150E-16
1.31826E+03  3.26487E-16
1.38038E+03  2.83585E-16
1.44544E+03  2.45529E-16
1.51356E+03  2.12391E-16
1.58489E+03  1.83294E-16
1.65959E+03  1.58223E-16
1.73780E+03  1.36556E-16
1.81970E+03  1.17664E-16
1.90546E+03  1.01210E-16
1.99526E+03  8.71430E-17
2.08930E+03  7.49514E-17
2.18776E+03  6.44342E-17
2.29087E+03  5.54255E-17
2.39883E+03  4.76783E-17
2.51189E+03  4.09914E-17
2.63027E+03  3.52791E-17
2.75423E+03  3.03617E-17
2.88403E+03  2.61404E-17
3.01995E+03  2.25313E-17
3.16228E+03  1.94162E-17
3.31131E+03  1.67279E-17
3.46737E+03  1.44531E-17
3.63078E+03  1.25293E-17
3.80189E+03  1.08317E-17
3.98107E+03  9.39445E-18
4.16869E+03  8.15831E-18
4.36516E+03  7.09623E-18
4.57088E+03  6.18456E-18
4.78630E+03  5.40013E-18
5.01187E+03  4.72578E-18
5.24807E+03  4.14791E-18
5.49541E+03  3.65696E-18
5.75440E+03  3.22919E-18
6.02560E+03  2.87339E-18
6.30957E+03  2.56292E-18
6.60693E+03  2.30384E-18
6.91831E+03  2.08117E-18
7.24436E+03  1.89334E-18
7.58577E+03  1.73379E-18
7.94328E+03  1.60119E-18
8.31763E+03  1.48772E-18
8.70963E+03  1.39353E-18
9.12010E+03  1.31559E-18
9.54993E+03  1.25005E-18
