#column 1 : lambda in microns
#column 2 : snu_eff in Jy / Lsun (in the cosmo of Planck 2013 XXX)
1.00000E+00  5.49124E-33
1.04713E+00  1.73465E-32
1.09648E+00  5.48408E-32
1.14815E+00  1.73511E-31
1.20226E+00  5.49380E-31
1.25893E+00  1.74069E-30
1.31826E+00  5.51899E-30
1.38038E+00  1.75096E-29
1.44544E+00  5.55845E-29
1.51356E+00  1.76556E-28
1.58489E+00  5.61109E-28
1.65959E+00  1.78419E-27
1.73780E+00  5.67610E-27
1.81970E+00  1.80661E-26
1.90546E+00  5.75270E-26
1.99526E+00  1.83259E-25
2.08930E+00  5.84026E-25
2.18776E+00  1.86195E-24
2.29087E+00  5.93829E-24
2.39883E+00  1.89455E-23
2.51189E+00  6.04635E-23
2.63027E+00  1.93027E-22
2.75423E+00  6.16414E-22
2.88403E+00  1.96901E-21
3.01995E+00  6.29135E-21
3.16228E+00  2.01071E-20
3.31131E+00  6.42780E-20
3.46737E+00  2.17207E-19
3.63078E+00  3.46501E-19
3.80189E+00  1.97379E-19
3.98107E+00  2.22666E-19
4.16869E+00  3.68964E-19
4.36516E+00  4.67047E-19
4.57088E+00  3.79014E-19
4.78630E+00  3.40542E-19
5.01187E+00  3.41557E-19
5.24807E+00  3.61019E-19
5.49541E+00  3.90578E-19
5.75440E+00  4.24270E-19
6.02560E+00  4.53625E-19
6.30957E+00  4.51558E-19
6.60693E+00  4.88932E-19
6.91831E+00  5.97867E-19
7.24436E+00  6.82583E-19
7.58578E+00  7.61697E-19
7.94328E+00  8.43526E-19
8.31764E+00  9.32573E-19
8.70964E+00  1.03083E-18
9.12011E+00  1.14417E-18
9.54992E+00  1.28752E-18
1.00000E+01  1.50881E-18
1.04713E+01  2.09100E-18
1.09648E+01  9.71735E-18
1.14815E+01  6.90004E-18
1.20226E+01  2.68006E-18
1.25893E+01  2.42860E-18
1.31826E+01  2.53990E-18
1.38038E+01  2.78557E-18
1.44544E+01  3.13833E-18
1.51356E+01  3.61547E-18
1.58489E+01  4.27916E-18
1.65959E+01  5.32253E-18
1.73780E+01  8.13862E-18
1.81970E+01  1.20057E-17
1.90546E+01  1.99259E-17
1.99526E+01  2.45928E-17
2.08930E+01  1.30972E-16
2.18776E+01  5.47199E-17
2.29087E+01  5.83652E-17
2.39883E+01  7.24013E-17
2.51189E+01  1.61055E-16
2.63027E+01  2.78784E-16
2.75423E+01  1.42372E-16
2.88403E+01  1.39664E-16
3.01995E+01  7.74599E-17
3.16228E+01  5.65192E-17
3.31131E+01  5.56662E-17
3.46737E+01  6.15148E-17
3.63078E+01  8.14642E-17
3.80189E+01  3.45720E-16
3.98107E+01  1.65241E-16
4.16869E+01  1.82929E-16
4.36516E+01  1.83039E-16
4.57088E+01  1.61037E-16
4.78630E+01  1.41727E-16
5.01187E+01  1.36234E-16
5.24807E+01  1.52782E-16
5.49541E+01  1.95045E-16
5.75440E+01  2.48443E-16
6.02560E+01  2.40888E-16
6.30957E+01  2.42771E-16
6.60693E+01  2.55832E-16
6.91831E+01  2.72297E-16
7.24436E+01  2.95057E-16
7.58578E+01  3.24155E-16
7.94328E+01  3.61457E-16
8.31764E+01  4.10376E-16
8.70963E+01  4.74439E-16
9.12011E+01  5.59887E-16
9.54992E+01  6.72761E-16
1.00000E+02  8.16847E-16
1.04713E+02  9.95260E-16
1.09648E+02  1.20332E-15
1.14815E+02  1.43210E-15
1.20226E+02  1.67207E-15
1.25893E+02  1.91739E-15
1.31826E+02  2.16510E-15
1.38038E+02  2.41650E-15
1.44544E+02  2.67663E-15
1.51356E+02  2.94707E-15
1.58489E+02  3.23044E-15
1.65959E+02  3.52853E-15
1.73780E+02  3.83732E-15
1.81970E+02  4.15256E-15
1.90546E+02  4.47125E-15
1.99526E+02  4.78691E-15
2.08930E+02  5.09341E-15
2.18776E+02  5.38096E-15
2.29087E+02  5.64422E-15
2.39883E+02  5.87602E-15
2.51189E+02  6.07428E-15
2.63027E+02  6.22744E-15
2.75423E+02  6.33757E-15
2.88403E+02  6.39998E-15
3.01995E+02  6.41799E-15
3.16228E+02  6.39078E-15
3.31131E+02  6.31903E-15
3.46737E+02  6.20751E-15
3.63078E+02  6.05889E-15
3.80189E+02  5.88458E-15
3.98107E+02  5.69746E-15
4.16869E+02  5.50660E-15
4.36516E+02  5.32034E-15
4.57088E+02  5.14204E-15
4.78630E+02  4.87505E-15
5.01187E+02  4.48765E-15
5.24807E+02  4.10321E-15
5.49541E+02  3.74510E-15
5.75440E+02  3.41588E-15
6.02560E+02  3.10754E-15
6.30957E+02  2.82067E-15
6.60693E+02  2.54851E-15
6.91831E+02  2.29395E-15
7.24436E+02  2.05899E-15
7.58577E+02  1.84032E-15
7.94328E+02  1.64020E-15
8.31763E+02  1.45493E-15
8.70963E+02  1.27872E-15
9.12011E+02  1.11672E-15
9.54993E+02  9.73355E-16
1.00000E+03  8.48282E-16
1.04713E+03  7.37378E-16
1.09648E+03  6.40235E-16
1.14815E+03  5.55103E-16
1.20226E+03  4.80897E-16
1.25893E+03  4.16058E-16
1.31826E+03  3.59730E-16
1.38038E+03  3.10913E-16
1.44544E+03  2.68462E-16
1.51356E+03  2.31820E-16
1.58489E+03  2.00171E-16
1.65959E+03  1.72699E-16
1.73780E+03  1.49028E-16
1.81970E+03  1.28627E-16
1.90546E+03  1.11002E-16
1.99526E+03  9.58264E-17
2.08930E+03  8.27530E-17
2.18776E+03  7.14920E-17
2.29087E+03  6.18438E-17
2.39883E+03  5.34969E-17
2.51189E+03  4.63061E-17
2.63027E+03  4.01266E-17
2.75423E+03  3.47949E-17
2.88403E+03  3.01877E-17
3.01995E+03  2.62179E-17
3.16228E+03  2.27922E-17
3.31131E+03  1.98395E-17
3.46737E+03  1.73242E-17
3.63078E+03  1.51449E-17
3.80189E+03  1.32836E-17
3.98107E+03  1.16797E-17
4.16869E+03  1.03308E-17
4.36516E+03  9.15459E-18
4.57088E+03  8.16281E-18
4.78630E+03  7.31090E-18
5.01187E+03  6.58578E-18
5.24807E+03  5.97217E-18
5.49541E+03  5.44476E-18
5.75440E+03  5.00107E-18
6.02560E+03  4.62472E-18
6.30957E+03  4.30965E-18
6.60693E+03  4.04101E-18
6.91831E+03  3.81554E-18
7.24436E+03  3.62870E-18
7.58577E+03  3.47245E-18
7.94328E+03  3.34414E-18
8.31763E+03  3.23948E-18
8.70963E+03  3.15538E-18
9.12010E+03  3.08835E-18
9.54993E+03  3.03668E-18
