#column 1 : lambda in microns
#column 2 : snu_eff in Jy / Lsun (in the cosmo of Planck 2013 XXX)
1.00000E+00  2.80260E-45
1.04713E+00  1.54143E-44
1.09648E+00  4.76441E-44
1.14815E+00  1.40130E-43
1.20226E+00  4.31600E-43
1.25893E+00  1.32142E-42
1.31826E+00  4.03013E-42
1.38038E+00  1.23272E-41
1.44544E+00  3.77874E-41
1.51356E+00  1.16028E-40
1.58489E+00  3.56972E-40
1.65959E+00  1.10032E-39
1.73780E+00  3.39793E-39
1.81970E+00  1.05128E-38
1.90546E+00  3.25847E-38
1.99526E+00  1.01179E-37
2.08930E+00  3.14730E-37
2.18776E+00  9.80695E-37
2.29087E+00  3.06098E-36
2.39883E+00  9.56959E-36
2.51189E+00  2.99647E-35
2.63027E+00  9.39694E-35
2.75423E+00  2.95121E-34
2.88403E+00  9.28151E-34
3.01995E+00  2.92294E-33
3.16228E+00  9.21668E-33
3.31131E+00  2.90974E-32
3.46737E+00  9.19675E-32
3.63078E+00  2.90998E-31
3.80189E+00  9.21699E-31
3.98107E+00  2.92220E-30
4.16869E+00  9.27316E-30
4.36516E+00  2.94520E-29
4.57088E+00  9.36163E-29
4.78630E+00  2.97795E-28
5.01187E+00  9.47950E-28
5.24807E+00  3.01951E-27
5.49541E+00  9.62401E-27
5.75440E+00  3.06917E-26
6.02560E+00  9.79299E-26
6.30957E+00  3.12625E-25
6.60693E+00  9.98461E-25
6.91831E+00  3.19022E-24
7.24436E+00  1.01972E-23
7.58578E+00  3.26062E-23
7.94328E+00  1.04296E-22
8.31764E+00  3.33705E-22
8.70964E+00  1.06804E-21
9.12011E+00  3.41923E-21
9.54992E+00  1.09490E-20
1.00000E+01  3.98786E-20
1.04713E+01  3.54464E-20
1.09648E+01  2.46491E-20
1.14815E+01  3.13764E-20
1.20226E+01  5.36381E-20
1.25893E+01  5.70299E-20
1.31826E+01  4.63808E-20
1.38038E+01  4.30735E-20
1.44544E+01  4.39461E-20
1.51356E+01  4.68299E-20
1.58489E+01  5.07749E-20
1.65959E+01  5.50342E-20
1.73780E+01  5.82126E-20
1.81970E+01  5.68027E-20
1.90546E+01  6.59760E-20
1.99526E+01  7.90670E-20
2.08930E+01  8.94089E-20
2.18776E+01  9.95996E-20
2.29087E+01  1.10231E-19
2.39883E+01  1.21845E-19
2.51189E+01  1.35012E-19
2.63027E+01  1.50114E-19
2.75423E+01  1.70228E-19
2.88403E+01  2.04352E-19
3.01995E+01  3.16072E-19
3.16228E+01  4.65160E-18
3.31131E+01  5.62612E-19
3.46737E+01  3.28856E-19
3.63078E+01  3.17632E-19
3.80189E+01  3.39911E-19
3.98107E+01  3.78706E-19
4.16869E+01  4.32603E-19
4.36516E+01  5.05087E-19
4.57088E+01  6.07505E-19
4.78630E+01  7.74172E-19
5.01187E+01  1.38068E-18
5.24807E+01  1.56475E-18
5.49541E+01  3.41611E-18
5.75440E+01  3.97960E-18
6.02560E+01  2.16401E-17
6.30957E+01  6.87493E-18
6.60693E+01  7.76835E-18
6.91831E+01  1.12162E-17
7.24436E+01  2.84874E-17
7.58578E+01  3.57926E-17
7.94328E+01  1.66030E-17
8.31764E+01  2.05199E-17
8.70963E+01  9.25121E-18
9.12011E+01  7.82386E-18
9.54992E+01  8.02532E-18
1.00000E+02  9.12894E-18
1.04713E+02  1.30595E-17
1.09648E+02  4.52697E-17
1.14815E+02  2.46219E-17
1.20226E+02  2.88805E-17
1.25893E+02  2.18858E-17
1.31826E+02  2.12385E-17
1.38038E+02  2.00102E-17
1.44544E+02  2.01158E-17
1.51356E+02  2.32027E-17
1.58489E+02  3.47840E-17
1.65959E+02  3.71771E-17
1.73780E+02  3.54508E-17
1.81970E+02  3.80869E-17
1.90546E+02  3.93776E-17
1.99526E+02  4.23873E-17
2.08930E+02  4.63627E-17
2.18776E+02  5.15025E-17
2.29087E+02  5.81929E-17
2.39883E+02  6.71737E-17
2.51189E+02  7.92500E-17
2.63027E+02  9.56506E-17
2.75423E+02  1.17728E-16
2.88403E+02  1.46547E-16
3.01995E+02  1.81889E-16
3.16228E+02  2.22650E-16
3.31131E+02  2.66203E-16
3.46737E+02  3.10298E-16
3.63078E+02  3.52813E-16
3.80189E+02  3.93196E-16
3.98107E+02  4.31735E-16
4.16869E+02  4.69231E-16
4.36516E+02  5.05868E-16
4.57088E+02  5.42204E-16
4.78630E+02  5.78067E-16
5.01187E+02  6.13193E-16
5.24807E+02  6.46295E-16
5.49541E+02  6.78391E-16
5.75440E+02  7.06976E-16
6.02560E+02  7.31985E-16
6.30957E+02  7.52552E-16
6.60693E+02  7.67802E-16
6.91831E+02  7.79458E-16
7.24436E+02  7.83287E-16
7.58577E+02  7.82580E-16
7.94328E+02  7.75224E-16
8.31763E+02  7.63722E-16
8.70963E+02  7.47224E-16
9.12011E+02  7.26008E-16
9.54993E+02  7.01534E-16
1.00000E+03  6.73953E-16
1.04713E+03  6.42566E-16
1.09648E+03  6.12012E-16
1.14815E+03  5.80058E-16
1.20226E+03  5.49211E-16
1.25893E+03  5.21736E-16
1.31826E+03  4.94340E-16
1.38038E+03  4.56816E-16
1.44544E+03  4.12665E-16
1.51356E+03  3.71319E-16
1.58489E+03  3.34359E-16
1.65959E+03  3.00908E-16
1.73780E+03  2.69994E-16
1.81970E+03  2.41687E-16
1.90546E+03  2.15669E-16
1.99526E+03  1.91843E-16
2.08930E+03  1.70246E-16
2.18776E+03  1.50449E-16
2.29087E+03  1.32661E-16
2.39883E+03  1.16384E-16
2.51189E+03  1.01090E-16
2.63027E+03  8.75244E-17
2.75423E+03  7.57117E-17
2.88403E+03  6.53394E-17
3.01995E+03  5.64025E-17
3.16228E+03  4.86785E-17
3.31131E+03  4.19439E-17
3.46737E+03  3.60785E-17
3.63078E+03  3.10641E-17
3.80189E+03  2.67182E-17
3.98107E+03  2.29691E-17
4.16869E+03  1.97577E-17
4.36516E+03  1.69960E-17
4.57088E+03  1.46123E-17
4.78630E+03  1.25761E-17
5.01187E+03  1.08231E-17
5.24807E+03  9.31835E-18
5.49541E+03  8.03178E-18
5.75440E+03  6.92137E-18
6.02560E+03  5.96306E-18
6.30957E+03  5.15213E-18
6.60693E+03  4.46635E-18
6.91831E+03  3.86122E-18
7.24436E+03  3.34886E-18
7.58577E+03  2.90822E-18
7.94328E+03  2.52962E-18
8.31763E+03  2.20462E-18
8.70963E+03  1.92501E-18
9.12010E+03  1.68462E-18
9.54993E+03  1.47862E-18
