#column 1 : lambda in microns
#column 2 : snu_eff in Jy / Lsun (in the cosmo of Planck 2013 XXX)
1.00000E+00  7.28675E-44
1.04713E+00  2.15800E-43
1.09648E+00  6.74025E-43
1.14815E+00  2.05430E-42
1.20226E+00  6.27782E-42
1.25893E+00  1.92118E-41
1.31826E+00  5.89204E-41
1.38038E+00  1.81023E-40
1.44544E+00  5.57177E-40
1.51356E+00  1.71823E-39
1.58489E+00  5.30857E-39
1.65959E+00  1.64316E-38
1.73780E+00  5.09534E-38
1.81970E+00  1.58287E-37
1.90546E+00  4.92586E-37
1.99526E+00  1.53554E-36
2.08930E+00  4.79474E-36
2.18776E+00  1.49959E-35
2.29087E+00  4.69739E-35
2.39883E+00  1.47365E-34
2.51189E+00  4.62979E-34
2.63027E+00  1.45656E-33
2.75423E+00  4.58850E-33
2.88403E+00  1.44730E-32
3.01995E+00  4.57054E-32
3.16228E+00  1.44500E-31
3.31131E+00  4.57337E-31
3.46737E+00  1.44891E-30
3.63078E+00  4.59480E-30
3.80189E+00  1.45840E-29
3.98107E+00  4.63293E-29
4.16869E+00  1.47291E-28
4.36516E+00  4.68617E-28
4.57088E+00  1.49196E-27
4.78630E+00  4.75314E-27
5.01187E+00  1.51518E-26
5.24807E+00  4.83264E-26
5.49541E+00  1.54218E-25
5.75440E+00  4.92375E-25
6.02560E+00  1.57271E-24
6.30957E+00  5.02553E-24
6.60693E+00  1.60652E-23
6.91831E+00  5.13737E-23
7.24436E+00  1.64338E-22
7.58578E+00  5.25863E-22
7.94328E+00  1.68317E-21
8.31764E+00  5.38880E-21
8.70964E+00  1.72570E-20
9.12011E+00  6.22760E-20
9.54992E+00  3.51001E-20
1.00000E+01  2.94410E-20
1.04713E+01  4.18585E-20
1.09648E+01  6.89106E-20
1.14815E+01  6.33516E-20
1.20226E+01  5.28948E-20
1.25893E+01  5.06840E-20
1.31826E+01  5.24260E-20
1.38038E+01  5.62163E-20
1.44544E+01  6.10284E-20
1.51356E+01  6.60893E-20
1.58489E+01  6.89003E-20
1.65959E+01  6.73195E-20
1.73780E+01  8.19963E-20
1.81970E+01  9.64277E-20
1.90546E+01  1.08447E-19
1.99526E+01  1.20349E-19
2.08930E+01  1.33150E-19
2.18776E+01  1.47217E-19
2.29087E+01  1.63200E-19
2.39883E+01  1.82178E-19
2.51189E+01  2.08181E-19
2.63027E+01  2.57485E-19
2.75423E+01  4.74747E-19
2.88403E+01  1.09916E-17
3.01995E+01  5.09926E-19
3.16228E+01  3.76921E-19
3.31131E+01  3.78374E-19
3.46737E+01  4.10315E-19
3.63078E+01  4.60168E-19
3.80189E+01  5.28125E-19
3.98107E+01  6.21351E-19
4.16869E+01  7.54452E-19
4.36516E+01  9.91011E-19
4.57088E+01  2.12597E-18
4.78630E+01  1.98461E-18
5.01187E+01  3.98101E-18
5.24807E+01  6.48368E-18
5.49541E+01  1.68537E-17
5.75440E+01  8.47584E-18
6.02560E+01  9.37618E-18
6.30957E+01  1.58144E-17
6.60693E+01  4.25292E-17
6.91831E+01  3.59741E-17
7.24436E+01  1.86374E-17
7.58578E+01  2.04488E-17
7.94328E+01  1.00363E-17
8.31764E+01  9.17589E-18
8.70963E+01  9.66143E-18
9.12011E+01  1.13578E-17
9.54992E+01  1.92337E-17
1.00000E+02  3.68163E-17
1.04713E+02  3.07870E-17
1.09648E+02  3.96981E-17
1.14815E+02  2.45774E-17
1.20226E+02  2.31499E-17
1.25893E+02  2.27406E-17
1.31826E+02  2.43987E-17
1.38038E+02  2.88095E-17
1.44544E+02  3.95973E-17
1.51356E+02  4.52320E-17
1.58489E+02  4.14431E-17
1.65959E+02  4.53296E-17
1.73780E+02  4.71671E-17
1.81970E+02  5.10463E-17
1.90546E+02  5.60471E-17
1.99526E+02  6.23768E-17
2.08930E+02  7.09152E-17
2.18776E+02  8.23099E-17
2.29087E+02  9.76724E-17
2.39883E+02  1.18582E-16
2.51189E+02  1.46442E-16
2.63027E+02  1.82431E-16
2.75423E+02  2.25999E-16
2.88403E+02  2.75084E-16
3.01995E+02  3.26960E-16
3.16228E+02  3.78404E-16
3.31131E+02  4.27841E-16
3.46737E+02  4.74908E-16
3.63078E+02  5.19897E-16
3.80189E+02  5.63470E-16
3.98107E+02  6.06767E-16
4.16869E+02  6.49417E-16
4.36516E+02  6.91497E-16
4.57088E+02  7.32514E-16
4.78630E+02  7.71948E-16
5.01187E+02  8.07717E-16
5.24807E+02  8.39700E-16
5.49541E+02  8.69607E-16
5.75440E+02  8.91563E-16
6.02560E+02  9.08929E-16
6.30957E+02  9.20722E-16
6.60693E+02  9.23892E-16
6.91831E+02  9.19598E-16
7.24436E+02  9.11058E-16
7.58577E+02  8.95146E-16
7.94328E+02  8.75194E-16
8.31763E+02  8.47952E-16
8.70963E+02  8.18377E-16
9.12011E+02  7.84664E-16
9.54993E+02  7.47707E-16
1.00000E+03  7.10461E-16
1.04713E+03  6.73929E-16
1.09648E+03  6.38240E-16
1.14815E+03  6.06185E-16
1.20226E+03  5.71190E-16
1.25893E+03  5.24558E-16
1.31826E+03  4.73236E-16
1.38038E+03  4.26478E-16
1.44544E+03  3.84210E-16
1.51356E+03  3.45253E-16
1.58489E+03  3.09686E-16
1.65959E+03  2.76641E-16
1.73780E+03  2.46789E-16
1.81970E+03  2.19326E-16
1.90546E+03  1.94477E-16
1.99526E+03  1.71913E-16
2.08930E+03  1.51424E-16
2.18776E+03  1.32466E-16
2.29087E+03  1.14853E-16
2.39883E+03  9.94088E-17
2.51189E+03  8.60013E-17
2.63027E+03  7.43249E-17
2.75423E+03  6.40950E-17
2.88403E+03  5.52240E-17
3.01995E+03  4.75131E-17
3.16228E+03  4.09597E-17
3.31131E+03  3.52476E-17
3.46737E+03  3.03048E-17
3.63078E+03  2.60745E-17
3.80189E+03  2.24234E-17
3.98107E+03  1.92858E-17
4.16869E+03  1.65921E-17
4.36516E+03  1.42662E-17
4.57088E+03  1.22774E-17
4.78630E+03  1.05673E-17
5.01187E+03  9.10628E-18
5.24807E+03  7.85272E-18
5.49541E+03  6.77831E-18
5.75440E+03  5.85485E-18
6.02560E+03  5.06659E-18
6.30957E+03  4.39291E-18
6.60693E+03  3.80910E-18
6.91831E+03  3.30825E-18
7.24436E+03  2.88018E-18
7.58577E+03  2.51077E-18
7.94328E+03  2.19234E-18
8.31763E+03  1.91983E-18
8.70963E+03  1.68735E-18
9.12010E+03  1.48751E-18
9.54993E+03  1.31660E-18
