#column 1 : lambda in microns
#column 2 : snu_eff in Jy / Lsun (in the cosmo of Planck 2013 XXX)
1.00000E+00  8.72947E-39
1.04713E+00  2.70078E-38
1.09648E+00  8.37118E-38
1.14815E+00  2.59935E-37
1.20226E+00  8.08560E-37
1.25893E+00  2.51947E-36
1.31826E+00  7.86380E-36
1.38038E+00  2.45848E-35
1.44544E+00  7.69811E-35
1.51356E+00  2.41413E-34
1.58489E+00  7.58178E-34
1.65959E+00  2.38447E-33
1.73780E+00  7.50917E-33
1.81970E+00  2.36780E-32
1.90546E+00  7.47527E-32
1.99526E+00  2.36270E-31
2.08930E+00  7.47586E-31
2.18776E+00  2.36789E-30
2.29087E+00  7.50728E-30
2.39883E+00  2.38231E-29
2.51189E+00  7.56637E-29
2.63027E+00  2.40505E-28
2.75423E+00  7.65048E-28
2.88403E+00  2.43532E-27
3.01995E+00  7.75728E-27
3.16228E+00  2.47245E-26
3.31131E+00  7.88482E-26
3.46737E+00  2.51586E-25
3.63078E+00  8.03149E-25
3.80189E+00  2.56508E-24
3.98107E+00  8.19582E-24
4.16869E+00  2.61971E-23
4.36516E+00  8.37667E-23
4.57088E+00  2.67938E-22
4.78630E+00  8.57307E-22
5.01187E+00  2.74385E-21
5.24807E+00  8.78413E-21
5.49541E+00  2.81285E-20
5.75440E+00  1.02450E-19
6.02560E+00  9.10638E-20
6.30957E+00  6.33249E-20
6.60693E+00  8.06077E-20
6.91831E+00  1.37799E-19
7.24436E+00  1.46513E-19
7.58578E+00  1.19155E-19
7.94328E+00  1.10658E-19
8.31764E+00  1.12900E-19
8.70964E+00  1.20308E-19
9.12011E+00  1.30443E-19
9.54992E+00  1.41386E-19
1.00000E+01  1.49551E-19
1.04713E+01  1.45929E-19
1.09648E+01  1.69496E-19
1.14815E+01  2.03127E-19
1.20226E+01  2.29696E-19
1.25893E+01  2.55877E-19
1.31826E+01  2.83190E-19
1.38038E+01  3.13025E-19
1.44544E+01  3.46852E-19
1.51356E+01  3.85650E-19
1.58489E+01  4.37323E-19
1.65959E+01  5.24992E-19
1.73780E+01  8.12005E-19
1.81970E+01  1.19502E-17
1.90546E+01  1.44538E-18
1.99526E+01  8.44848E-19
2.08930E+01  8.16014E-19
2.18776E+01  8.73249E-19
2.29087E+01  9.72916E-19
2.39883E+01  1.11138E-18
2.51189E+01  1.29759E-18
2.63027E+01  1.56071E-18
2.75423E+01  1.98889E-18
2.88403E+01  3.54703E-18
3.01995E+01  4.01992E-18
3.16228E+01  8.77615E-18
3.31131E+01  1.02238E-17
3.46737E+01  5.55946E-17
3.63078E+01  1.76620E-17
3.80189E+01  1.99573E-17
3.98107E+01  2.88149E-17
4.16869E+01  7.31855E-17
4.36516E+01  9.19529E-17
4.57088E+01  4.26541E-17
4.78630E+01  5.27166E-17
5.01187E+01  2.37668E-17
5.24807E+01  2.00999E-17
5.49541E+01  2.06175E-17
5.75440E+01  2.34527E-17
6.02560E+01  3.35504E-17
6.30957E+01  1.16302E-16
6.60693E+01  6.32548E-17
6.91831E+01  7.41954E-17
7.24436E+01  5.62257E-17
7.58578E+01  5.45628E-17
7.94328E+01  5.14070E-17
8.31764E+01  5.16785E-17
8.70963E+01  5.96088E-17
9.12011E+01  8.93619E-17
9.54992E+01  9.55098E-17
1.00000E+02  9.10749E-17
1.04713E+02  9.78473E-17
1.09648E+02  1.01163E-16
1.14815E+02  1.08895E-16
1.20226E+02  1.19108E-16
1.25893E+02  1.32313E-16
1.31826E+02  1.49501E-16
1.38038E+02  1.72573E-16
1.44544E+02  2.03598E-16
1.51356E+02  2.45732E-16
1.58489E+02  3.02449E-16
1.65959E+02  3.76488E-16
1.73780E+02  4.67283E-16
1.81970E+02  5.71999E-16
1.90546E+02  6.83889E-16
1.99526E+02  7.97172E-16
2.08930E+02  9.06396E-16
2.18776E+02  1.01014E-15
2.29087E+02  1.10915E-15
2.39883E+02  1.20548E-15
2.51189E+02  1.29960E-15
2.63027E+02  1.39295E-15
2.75423E+02  1.48509E-15
2.88403E+02  1.57532E-15
3.01995E+02  1.66036E-15
3.16228E+02  1.74282E-15
3.31131E+02  1.81626E-15
3.46737E+02  1.88051E-15
3.63078E+02  1.93334E-15
3.80189E+02  1.97252E-15
3.98107E+02  2.00247E-15
4.16869E+02  2.01231E-15
4.36516E+02  2.01049E-15
4.57088E+02  1.99159E-15
4.78630E+02  1.96204E-15
5.01187E+02  1.91966E-15
5.24807E+02  1.86515E-15
5.49541E+02  1.80228E-15
5.75440E+02  1.73142E-15
6.02560E+02  1.65079E-15
6.30957E+02  1.57229E-15
6.60693E+02  1.49020E-15
6.91831E+02  1.41095E-15
7.24436E+02  1.34037E-15
7.58577E+02  1.26998E-15
7.94328E+02  1.17358E-15
8.31763E+02  1.06016E-15
8.70963E+02  9.53938E-16
9.12011E+02  8.58985E-16
9.54993E+02  7.73048E-16
1.00000E+03  6.93628E-16
1.04713E+03  6.20906E-16
1.09648E+03  5.54064E-16
1.14815E+03  4.92854E-16
1.20226E+03  4.37371E-16
1.25893E+03  3.86512E-16
1.31826E+03  3.40813E-16
1.38038E+03  2.98996E-16
1.44544E+03  2.59706E-16
1.51356E+03  2.24855E-16
1.58489E+03  1.94507E-16
1.65959E+03  1.67860E-16
1.73780E+03  1.44901E-16
1.81970E+03  1.25057E-16
1.90546E+03  1.07756E-16
1.99526E+03  9.26875E-17
2.08930E+03  7.98054E-17
2.18776E+03  6.86403E-17
2.29087E+03  5.90088E-17
2.39883E+03  5.07586E-17
2.51189E+03  4.36637E-17
2.63027E+03  3.75398E-17
2.75423E+03  3.23086E-17
2.88403E+03  2.78051E-17
3.01995E+03  2.39394E-17
3.16228E+03  2.06341E-17
3.31131E+03  1.77813E-17
3.46737E+03  1.53195E-17
3.63078E+03  1.32361E-17
3.80189E+03  1.14742E-17
3.98107E+03  9.91968E-18
4.16869E+03  8.60342E-18
4.36516E+03  7.47135E-18
4.57088E+03  6.49873E-18
4.78630E+03  5.66381E-18
5.01187E+03  4.94543E-18
5.24807E+03  4.32787E-18
5.49541E+03  3.79865E-18
5.75440E+03  3.34904E-18
6.02560E+03  2.95728E-18
6.30957E+03  2.63145E-18
6.60693E+03  2.34712E-18
6.91831E+03  2.10985E-18
7.24436E+03  1.90593E-18
7.58577E+03  1.73392E-18
7.94328E+03  1.58780E-18
8.31763E+03  1.46636E-18
8.70963E+03  1.36245E-18
9.12010E+03  1.27619E-18
9.54993E+03  1.20481E-18
