#column 1 : lambda in microns
#column 2 : snu_eff in Jy / Lsun (in the cosmo of Planck 2013 XXX)
1.00000E+00  3.50872E-18
1.04713E+00  1.09577E-17
1.09648E+00  3.42232E-17
1.14815E+00  1.13052E-16
1.20226E+00  1.79642E-16
1.25893E+00  1.03459E-16
1.31826E+00  1.16756E-16
1.38038E+00  1.92173E-16
1.44544E+00  2.42881E-16
1.51356E+00  1.98152E-16
1.58489E+00  1.78840E-16
1.65959E+00  1.79821E-16
1.73780E+00  1.90290E-16
1.81970E+00  2.05952E-16
1.90546E+00  2.23802E-16
1.99526E+00  2.39445E-16
2.08930E+00  2.38920E-16
2.18776E+00  2.58667E-16
2.29087E+00  3.15203E-16
2.39883E+00  3.59295E-16
2.51189E+00  4.00554E-16
2.63027E+00  4.43043E-16
2.75423E+00  4.89226E-16
2.88403E+00  5.39935E-16
3.01995E+00  5.98192E-16
3.16228E+00  6.71442E-16
3.31131E+00  7.83986E-16
3.46737E+00  1.08045E-15
3.63078E+00  4.97899E-15
3.80189E+00  3.53264E-15
3.98107E+00  1.36742E-15
4.16869E+00  1.22887E-15
4.36516E+00  1.27120E-15
4.57088E+00  1.37665E-15
4.78630E+00  1.52917E-15
5.01187E+00  1.73703E-15
5.24807E+00  2.02896E-15
5.49541E+00  2.50072E-15
5.75440E+00  3.85405E-15
6.02560E+00  5.71924E-15
6.30957E+00  9.59879E-15
6.60693E+00  1.18143E-14
6.91831E+00  6.49211E-14
7.24436E+00  2.65266E-14
7.58578E+00  2.81030E-14
7.94328E+00  3.47887E-14
8.31764E+00  7.82241E-14
8.70964E+00  1.35592E-13
9.12011E+00  6.81875E-14
9.54992E+00  6.66474E-14
1.00000E+01  3.58463E-14
1.04713E+01  2.52717E-14
1.09648E+01  2.43642E-14
1.14815E+01  2.66769E-14
1.20226E+01  3.58887E-14
1.25893E+01  1.64517E-13
1.31826E+01  7.53276E-14
1.38038E+01  8.28916E-14
1.44544E+01  8.17586E-14
1.51356E+01  7.00513E-14
1.58489E+01  5.96456E-14
1.65959E+01  5.55036E-14
1.73780E+01  6.10705E-14
1.81970E+01  7.74671E-14
1.90546E+01  9.78480E-14
1.99526E+01  9.11782E-14
2.08930E+01  8.87736E-14
2.18776E+01  9.12129E-14
2.29087E+01  9.50540E-14
2.39883E+01  1.00956E-13
2.51189E+01  1.08663E-13
2.63027E+01  1.18550E-13
2.75423E+01  1.31340E-13
2.88403E+01  1.47587E-13
3.01995E+01  1.68316E-13
3.16228E+01  1.94160E-13
3.31131E+01  2.25043E-13
3.46737E+01  2.60720E-13
3.63078E+01  2.99879E-13
3.80189E+01  3.41110E-13
3.98107E+01  3.83878E-13
4.16869E+01  4.28641E-13
4.36516E+01  4.76397E-13
4.57088E+01  5.28757E-13
4.78630E+01  5.88060E-13
5.01187E+01  6.55544E-13
5.24807E+01  7.32731E-13
5.49541E+01  8.21179E-13
5.75440E+01  9.21165E-13
6.02560E+01  1.03267E-12
6.30957E+01  1.15581E-12
6.60693E+01  1.28979E-12
6.91831E+01  1.43332E-12
7.24436E+01  1.58426E-12
7.58578E+01  1.74093E-12
7.94328E+01  1.89983E-12
8.31764E+01  2.05976E-12
8.70963E+01  2.21500E-12
9.12011E+01  2.36318E-12
9.54992E+01  2.50269E-12
1.00000E+02  2.62999E-12
1.04713E+02  2.74243E-12
1.09648E+02  2.83852E-12
1.14815E+02  2.91595E-12
1.20226E+02  2.97474E-12
1.25893E+02  3.01761E-12
1.31826E+02  3.05001E-12
1.38038E+02  3.07343E-12
1.44544E+02  3.09886E-12
1.51356E+02  3.12049E-12
1.58489E+02  3.07413E-12
1.65959E+02  2.92898E-12
1.73780E+02  2.76417E-12
1.81970E+02  2.60414E-12
1.90546E+02  2.44856E-12
1.99526E+02  2.29472E-12
2.08930E+02  2.14318E-12
2.18776E+02  1.99086E-12
2.29087E+02  1.84042E-12
2.39883E+02  1.69398E-12
2.51189E+02  1.55154E-12
2.63027E+02  1.41520E-12
2.75423E+02  1.28324E-12
2.88403E+02  1.15233E-12
3.01995E+02  1.02652E-12
3.16228E+02  9.12432E-13
3.31131E+02  8.09613E-13
3.46737E+02  7.16022E-13
3.63078E+02  6.31645E-13
3.80189E+02  5.56141E-13
3.98107E+02  4.88765E-13
4.16869E+02  4.28685E-13
4.36516E+02  3.75356E-13
4.57088E+02  3.28346E-13
4.78630E+02  2.86688E-13
5.01187E+02  2.50161E-13
5.24807E+02  2.18131E-13
5.49541E+02  1.89887E-13
5.75440E+02  1.65282E-13
6.02560E+02  1.43679E-13
6.30957E+02  1.24902E-13
6.60693E+02  1.08465E-13
6.91831E+02  9.41975E-14
7.24436E+02  8.17786E-14
7.58577E+02  7.10158E-14
7.94328E+02  6.16339E-14
8.31763E+02  5.34693E-14
8.70963E+02  4.63992E-14
9.12011E+02  4.02415E-14
9.54993E+02  3.48814E-14
1.00000E+03  3.02250E-14
1.04713E+03  2.61827E-14
1.09648E+03  2.26691E-14
1.14815E+03  1.96595E-14
1.20226E+03  1.70294E-14
1.25893E+03  1.47728E-14
1.31826E+03  1.28109E-14
1.38038E+03  1.11551E-14
1.44544E+03  9.69581E-15
1.51356E+03  8.45901E-15
1.58489E+03  7.38913E-15
1.65959E+03  6.47096E-15
1.73780E+03  5.68720E-15
1.81970E+03  5.00787E-15
1.90546E+03  4.43006E-15
1.99526E+03  3.93427E-15
2.08930E+03  3.51414E-15
2.18776E+03  3.14984E-15
2.29087E+03  2.83920E-15
2.39883E+03  2.57535E-15
2.51189E+03  2.34956E-15
2.63027E+03  2.15795E-15
2.75423E+03  1.99528E-15
2.88403E+03  1.85807E-15
3.01995E+03  1.74184E-15
3.16228E+03  1.64385E-15
3.31131E+03  1.56249E-15
3.46737E+03  1.49411E-15
3.63078E+03  1.43743E-15
3.80189E+03  1.39112E-15
3.98107E+03  1.35383E-15
4.16869E+03  1.32404E-15
4.36516E+03  1.30108E-15
4.57088E+03  1.28399E-15
4.78630E+03  1.27183E-15
5.01187E+03  1.26426E-15
5.24807E+03  1.26073E-15
5.49541E+03  1.26057E-15
5.75440E+03  1.26361E-15
6.02560E+03  1.26943E-15
6.30957E+03  1.27778E-15
6.60693E+03  1.28840E-15
6.91831E+03  1.30113E-15
7.24436E+03  1.31579E-15
7.58577E+03  1.33225E-15
7.94328E+03  1.35037E-15
8.31763E+03  1.37008E-15
8.70963E+03  1.39130E-15
9.12010E+03  1.41398E-15
9.54993E+03  1.43805E-15
