#column 1 : lambda in microns
#column 2 : snu_eff in Jy / Lsun (in the cosmo of Planck 2013 XXX)
1.00000E+00  2.08905E-31
1.04713E+00  6.58745E-31
1.09648E+00  2.07853E-30
1.14815E+00  6.56232E-30
1.20226E+00  2.07305E-29
1.25893E+00  6.55251E-29
1.31826E+00  2.07224E-28
1.38038E+00  6.55690E-28
1.44544E+00  2.07575E-27
1.51356E+00  6.57448E-27
1.58489E+00  2.08329E-26
1.65959E+00  6.60446E-26
1.73780E+00  2.09465E-25
1.81970E+00  6.64613E-25
1.90546E+00  2.10961E-24
1.99526E+00  6.69891E-24
2.08930E+00  2.12799E-23
2.18776E+00  6.76230E-23
2.29087E+00  2.14967E-22
2.39883E+00  6.83593E-22
2.51189E+00  2.17453E-21
2.63027E+00  6.91947E-21
2.75423E+00  2.20249E-20
2.88403E+00  7.01267E-20
3.01995E+00  2.24419E-19
3.16228E+00  6.01486E-19
3.31131E+00  3.05689E-19
3.46737E+00  2.99286E-19
3.63078E+00  4.66148E-19
3.80189E+00  6.87710E-19
3.98107E+00  5.78457E-19
4.16869E+00  5.01766E-19
4.36516E+00  4.93125E-19
4.57088E+00  5.16388E-19
4.78630E+00  5.56446E-19
5.01187E+00  6.04943E-19
5.24807E+00  6.51503E-19
5.49541E+00  6.65275E-19
5.75440E+00  6.75880E-19
6.02560E+00  8.34238E-19
6.30957E+00  9.63740E-19
6.60693E+00  1.07936E-18
6.91831E+00  1.19635E-18
7.24436E+00  1.32247E-18
7.58578E+00  1.46157E-18
7.94328E+00  1.61885E-18
8.31764E+00  1.81180E-18
8.70964E+00  2.09027E-18
9.12011E+00  2.70143E-18
9.54992E+00  6.83281E-18
1.00000E+01  2.33523E-17
1.04713E+01  4.22970E-18
1.09648E+01  3.52777E-18
1.14815E+01  3.61070E-18
1.20226E+01  3.92059E-18
1.25893E+01  4.38368E-18
1.31826E+01  5.01088E-18
1.38038E+01  5.87903E-18
1.44544E+01  7.17704E-18
1.51356E+01  9.96649E-18
1.58489E+01  1.96265E-17
1.65959E+01  2.15848E-17
1.73780E+01  3.34366E-17
1.81970E+01  1.01753E-16
1.90546E+01  9.94679E-17
1.99526E+01  8.24557E-17
2.08930E+01  9.24792E-17
2.18776E+01  1.79968E-16
2.29087E+01  4.06684E-16
2.39883E+01  2.55891E-16
2.51189E+01  1.75489E-16
2.63027E+01  1.38170E-16
2.75423E+01  8.33543E-17
2.88403E+01  7.88017E-17
3.01995E+01  8.46225E-17
3.16228E+01  1.04664E-16
3.31131E+01  2.62235E-16
3.46737E+01  2.49716E-16
3.63078E+01  2.59233E-16
3.80189E+01  3.24543E-16
3.98107E+01  2.21412E-16
4.16869E+01  1.93152E-16
4.36516E+01  1.89382E-16
4.57088E+01  2.07407E-16
4.78630E+01  2.48754E-16
5.01187E+01  3.30312E-16
5.24807E+01  3.40509E-16
5.49541E+01  3.31269E-16
5.75440E+01  3.52781E-16
6.02560E+01  3.71562E-16
6.30957E+01  4.00349E-16
6.60693E+01  4.37677E-16
6.91831E+01  4.84494E-16
7.24436E+01  5.46084E-16
7.58578E+01  6.25917E-16
7.94328E+01  7.30665E-16
8.31764E+01  8.68189E-16
8.70963E+01  1.04396E-15
9.12011E+01  1.26130E-15
9.54992E+01  1.51495E-15
1.00000E+02  1.79739E-15
1.04713E+02  2.09709E-15
1.09648E+02  2.40517E-15
1.14815E+02  2.71890E-15
1.20226E+02  3.04147E-15
1.25893E+02  3.37797E-15
1.31826E+02  3.73200E-15
1.38038E+02  4.10986E-15
1.44544E+02  4.51022E-15
1.51356E+02  4.93441E-15
1.58489E+02  5.37432E-15
1.65959E+02  5.82682E-15
1.73780E+02  6.28395E-15
1.81970E+02  6.73871E-15
1.90546E+02  7.17630E-15
1.99526E+02  7.59044E-15
2.08930E+02  7.97008E-15
2.18776E+02  8.30750E-15
2.29087E+02  8.59264E-15
2.39883E+02  8.81781E-15
2.51189E+02  8.97935E-15
2.63027E+02  9.08020E-15
2.75423E+02  9.11555E-15
2.88403E+02  9.08642E-15
3.01995E+02  8.99624E-15
3.16228E+02  8.84874E-15
3.31131E+02  8.65752E-15
3.46737E+02  8.43897E-15
3.63078E+02  8.20347E-15
3.80189E+02  7.97530E-15
3.98107E+02  7.75639E-15
4.16869E+02  7.45099E-15
4.36516E+02  6.93266E-15
4.57088E+02  6.37063E-15
4.78630E+02  5.84352E-15
5.01187E+02  5.35314E-15
5.24807E+02  4.89512E-15
5.49541E+02  4.46355E-15
5.75440E+02  4.05133E-15
6.02560E+02  3.66634E-15
6.30957E+02  3.30535E-15
6.60693E+02  2.96692E-15
6.91831E+02  2.65501E-15
7.24436E+02  2.36665E-15
7.58577E+02  2.09147E-15
7.94328E+02  1.83394E-15
8.31763E+02  1.60385E-15
8.70963E+02  1.40124E-15
9.12011E+02  1.22147E-15
9.54993E+02  1.06359E-15
1.00000E+03  9.24339E-16
1.04713E+03  8.02287E-16
1.09648E+03  6.95722E-16
1.14815E+03  6.03001E-16
1.20226E+03  5.22074E-16
1.25893E+03  4.51670E-16
1.31826E+03  3.90773E-16
1.38038E+03  3.37746E-16
1.44544E+03  2.91924E-16
1.51356E+03  2.52134E-16
1.58489E+03  2.17855E-16
1.65959E+03  1.88137E-16
1.73780E+03  1.62556E-16
1.81970E+03  1.40459E-16
1.90546E+03  1.21423E-16
1.99526E+03  1.05008E-16
2.08930E+03  9.08771E-17
2.18776E+03  7.86516E-17
2.29087E+03  6.81438E-17
2.39883E+03  5.90630E-17
2.51189E+03  5.12099E-17
2.63027E+03  4.44191E-17
2.75423E+03  3.85604E-17
2.88403E+03  3.35140E-17
3.01995E+03  2.91719E-17
3.16228E+03  2.54735E-17
3.31131E+03  2.22753E-17
3.46737E+03  1.95140E-17
3.63078E+03  1.71516E-17
3.80189E+03  1.51513E-17
3.98107E+03  1.34114E-17
4.16869E+03  1.19424E-17
4.36516E+03  1.06872E-17
4.57088E+03  9.61967E-18
4.78630E+03  8.70355E-18
5.01187E+03  7.92249E-18
5.24807E+03  7.26345E-18
5.49541E+03  6.70639E-18
5.75440E+03  6.22992E-18
6.02560E+03  5.83149E-18
6.30957E+03  5.49607E-18
6.60693E+03  5.21388E-18
6.91831E+03  4.97977E-18
7.24436E+03  4.78640E-18
7.58577E+03  4.62795E-18
7.94328E+03  4.49986E-18
8.31763E+03  4.39737E-18
8.70963E+03  4.31778E-18
9.12010E+03  4.25704E-18
9.54993E+03  4.21356E-18
