#column 1 : lambda in microns
#column 2 : snu_eff in Jy / Lsun (in the cosmo of Planck 2013 XXX)
1.00000E+00  1.49497E-36
1.04713E+00  4.68062E-36
1.09648E+00  1.46763E-35
1.14815E+00  4.60837E-35
1.20226E+00  1.44901E-34
1.25893E+00  4.56210E-34
1.31826E+00  1.43814E-33
1.38038E+00  4.53897E-33
1.44544E+00  1.43419E-32
1.51356E+00  4.53649E-32
1.58489E+00  1.43641E-31
1.65959E+00  4.55255E-31
1.73780E+00  1.44420E-30
1.81970E+00  4.58535E-30
1.90546E+00  1.45703E-29
1.99526E+00  4.63330E-29
2.08930E+00  1.47442E-28
2.18776E+00  4.69508E-28
2.29087E+00  1.49601E-27
2.39883E+00  4.76956E-27
2.51189E+00  1.52145E-26
2.63027E+00  4.85575E-26
2.75423E+00  1.55046E-25
2.88403E+00  4.95286E-25
3.01995E+00  1.58281E-24
3.16228E+00  5.06019E-24
3.31131E+00  1.61829E-23
3.46737E+00  5.17714E-23
3.63078E+00  1.65675E-22
3.80189E+00  5.30330E-22
3.98107E+00  1.69805E-21
4.16869E+00  5.43825E-21
4.36516E+00  1.74207E-20
4.57088E+00  5.58164E-20
4.78630E+00  2.01447E-19
5.01187E+00  1.13557E-19
5.24807E+00  9.52524E-20
5.49541E+00  1.35423E-19
5.75440E+00  2.22996E-19
6.02560E+00  2.04970E-19
6.30957E+00  1.71120E-19
6.60693E+00  1.63966E-19
6.91831E+00  1.69607E-19
7.24436E+00  1.81865E-19
7.58578E+00  1.97433E-19
7.94328E+00  2.13772E-19
8.31764E+00  2.22858E-19
8.70964E+00  2.17719E-19
9.12011E+00  2.65310E-19
9.54992E+00  3.11845E-19
1.00000E+01  3.50680E-19
1.04713E+01  3.89220E-19
1.09648E+01  4.30549E-19
1.14815E+01  4.76037E-19
1.20226E+01  5.27508E-19
1.25893E+01  5.88652E-19
1.31826E+01  6.72336E-19
1.38038E+01  8.31088E-19
1.44544E+01  1.53272E-18
1.51356E+01  3.55271E-17
1.58489E+01  1.64318E-18
1.65959E+01  1.21068E-18
1.73780E+01  1.21172E-18
1.81970E+01  1.30977E-18
1.90546E+01  1.46386E-18
1.99526E+01  1.67457E-18
2.08930E+01  1.96322E-18
2.18776E+01  2.37802E-18
2.29087E+01  3.12275E-18
2.39883E+01  6.75596E-18
2.51189E+01  6.27180E-18
2.63027E+01  1.26610E-17
2.75423E+01  2.06671E-17
2.88403E+01  5.39099E-17
3.01995E+01  2.69470E-17
3.16228E+01  2.97712E-17
3.31131E+01  5.03310E-17
3.46737E+01  1.35741E-16
3.63078E+01  1.14621E-16
3.80189E+01  5.90673E-17
3.98107E+01  6.47566E-17
4.16869E+01  3.13025E-17
4.36516E+01  2.83974E-17
4.57088E+01  2.98232E-17
4.78630E+01  3.51274E-17
5.01187E+01  6.02555E-17
5.24807E+01  1.16376E-16
5.49541E+01  9.69837E-17
5.75440E+01  1.25323E-16
6.02560E+01  7.67514E-17
6.30957E+01  7.19806E-17
6.60693E+01  7.03795E-17
6.91831E+01  7.52240E-17
7.24436E+01  8.87191E-17
7.58578E+01  1.22299E-16
7.94328E+01  1.39331E-16
8.31764E+01  1.26429E-16
8.70963E+01  1.37859E-16
9.12011E+01  1.42935E-16
9.54992E+01  1.54337E-16
1.00000E+02  1.69068E-16
1.04713E+02  1.87716E-16
1.09648E+02  2.12802E-16
1.14815E+02  2.46189E-16
1.20226E+02  2.91163E-16
1.25893E+02  3.52225E-16
1.31826E+02  4.33518E-16
1.38038E+02  5.38475E-16
1.44544E+02  6.65897E-16
1.51356E+02  8.10268E-16
1.58489E+02  9.64099E-16
1.65959E+02  1.11873E-15
1.73780E+02  1.27010E-15
1.81970E+02  1.41702E-15
1.90546E+02  1.56038E-15
1.99526E+02  1.70236E-15
2.08930E+02  1.84545E-15
2.18776E+02  1.98932E-15
2.29087E+02  2.13355E-15
2.39883E+02  2.27668E-15
2.51189E+02  2.41666E-15
2.63027E+02  2.54778E-15
2.75423E+02  2.66863E-15
2.88403E+02  2.78238E-15
3.01995E+02  2.87401E-15
3.16228E+02  2.95092E-15
3.31131E+02  3.00875E-15
3.46737E+02  3.04068E-15
3.63078E+02  3.04813E-15
3.80189E+02  3.03853E-15
3.98107E+02  3.00475E-15
4.16869E+02  2.95514E-15
4.36516E+02  2.88142E-15
4.57088E+02  2.79645E-15
4.78630E+02  2.69590E-15
5.01187E+02  2.58322E-15
5.24807E+02  2.46781E-15
5.49541E+02  2.35255E-15
5.75440E+02  2.23959E-15
6.02560E+02  2.13689E-15
6.30957E+02  2.02349E-15
6.60693E+02  1.86527E-15
6.91831E+02  1.68955E-15
7.24436E+02  1.52766E-15
7.58577E+02  1.38092E-15
7.94328E+02  1.24512E-15
8.31763E+02  1.12043E-15
8.70963E+02  1.00399E-15
9.12011E+02  8.98205E-16
9.54993E+02  8.00478E-16
1.00000E+03  7.11630E-16
1.04713E+03  6.30543E-16
1.09648E+03  5.56775E-16
1.14815E+03  4.88207E-16
1.20226E+03  4.24164E-16
1.25893E+03  3.67857E-16
1.31826E+03  3.18814E-16
1.38038E+03  2.75984E-16
1.44544E+03  2.38410E-16
1.51356E+03  2.05738E-16
1.58489E+03  1.77330E-16
1.65959E+03  1.53037E-16
1.73780E+03  1.31850E-16
1.81970E+03  1.13498E-16
1.90546E+03  9.77549E-17
1.99526E+03  8.41414E-17
2.08930E+03  7.24340E-17
2.18776E+03  6.23530E-17
2.29087E+03  5.36602E-17
2.39883E+03  4.62023E-17
2.51189E+03  3.97863E-17
2.63027E+03  3.42963E-17
2.75423E+03  2.95827E-17
2.88403E+03  2.55347E-17
3.01995E+03  2.20540E-17
3.16228E+03  1.90790E-17
3.31131E+03  1.65301E-17
3.46737E+03  1.43266E-17
3.63078E+03  1.24328E-17
3.80189E+03  1.08110E-17
3.98107E+03  9.41099E-18
4.16869E+03  8.20384E-18
4.36516E+03  7.16947E-18
4.57088E+03  6.28490E-18
4.78630E+03  5.52485E-18
5.01187E+03  4.87354E-18
5.24807E+03  4.32212E-18
5.49541E+03  3.84765E-18
5.75440E+03  3.44904E-18
6.02560E+03  3.10147E-18
6.30957E+03  2.81079E-18
6.60693E+03  2.56208E-18
6.91831E+03  2.35741E-18
7.24436E+03  2.18007E-18
7.58577E+03  2.03252E-18
7.94328E+03  1.90786E-18
8.31763E+03  1.80412E-18
8.70963E+03  1.71736E-18
9.12010E+03  1.64671E-18
9.54993E+03  1.58901E-18
