#column 1 : lambda in microns
#column 2 : snu_eff in Jy / Lsun (in the cosmo of Planck 2013 XXX)
1.00000E+00  1.11290E-36
1.04713E+00  3.47833E-36
1.09648E+00  1.08886E-35
1.14815E+00  3.41374E-35
1.20226E+00  1.07183E-34
1.25893E+00  3.37003E-34
1.31826E+00  1.06102E-33
1.38038E+00  3.34483E-33
1.44544E+00  1.05573E-32
1.51356E+00  3.33607E-32
1.58489E+00  1.05535E-31
1.65959E+00  3.34201E-31
1.73780E+00  1.05937E-30
1.81970E+00  3.36113E-30
1.90546E+00  1.06734E-29
1.99526E+00  3.39214E-29
2.08930E+00  1.07889E-28
2.18776E+00  3.43393E-28
2.29087E+00  1.09370E-27
2.39883E+00  3.48557E-27
2.51189E+00  1.11148E-26
2.63027E+00  3.54623E-26
2.75423E+00  1.13201E-25
2.88403E+00  3.61525E-25
3.01995E+00  1.15509E-24
3.16228E+00  3.69206E-24
3.31131E+00  1.18055E-23
3.46737E+00  3.77616E-23
3.63078E+00  1.20826E-22
3.80189E+00  3.86719E-22
3.98107E+00  1.23809E-21
4.16869E+00  3.96480E-21
4.36516E+00  1.26997E-20
4.57088E+00  4.06872E-20
4.78630E+00  1.48240E-19
5.01187E+00  1.31758E-19
5.24807E+00  9.16191E-20
5.49541E+00  1.16634E-19
5.75440E+00  1.99419E-19
6.02560E+00  2.11983E-19
6.30957E+00  1.72406E-19
6.60693E+00  1.60120E-19
6.91831E+00  1.63352E-19
7.24436E+00  1.74073E-19
7.58578E+00  1.88737E-19
7.94328E+00  2.04584E-19
8.31764E+00  2.16422E-19
8.70964E+00  2.11156E-19
9.12011E+00  2.45189E-19
9.54992E+00  2.93819E-19
1.00000E+01  3.32328E-19
1.04713E+01  3.70103E-19
1.09648E+01  4.09588E-19
1.14815E+01  4.52768E-19
1.20226E+01  5.01468E-19
1.25893E+01  5.57536E-19
1.31826E+01  6.31866E-19
1.38038E+01  7.58187E-19
1.44544E+01  1.17259E-18
1.51356E+01  1.72767E-17
1.58489E+01  2.08564E-18
1.65959E+01  1.21537E-18
1.73780E+01  1.17064E-18
1.81970E+01  1.24919E-18
1.90546E+01  1.38756E-18
1.99526E+01  1.57994E-18
2.08930E+01  1.83938E-18
2.18776E+01  2.20682E-18
2.29087E+01  2.80956E-18
2.39883E+01  5.03614E-18
2.51189E+01  5.69429E-18
2.63027E+01  1.25136E-17
2.75423E+01  1.45617E-17
2.88403E+01  7.97539E-17
3.01995E+01  2.51617E-17
3.16228E+01  2.84052E-17
3.31131E+01  4.10502E-17
3.46737E+01  1.04569E-16
3.63078E+01  1.31320E-16
3.80189E+01  6.06313E-17
3.98107E+01  7.49515E-17
4.16869E+01  3.33728E-17
4.36516E+01  2.79846E-17
4.57088E+01  2.86146E-17
4.78630E+01  3.25633E-17
5.01187E+01  4.69573E-17
5.24807E+01  1.65587E-16
5.49541E+01  8.93262E-17
5.75440E+01  1.04861E-16
6.02560E+01  7.89532E-17
6.30957E+01  7.64001E-17
6.60693E+01  7.16563E-17
6.91831E+01  7.17038E-17
7.24436E+01  8.25549E-17
7.58578E+01  1.24358E-16
7.94328E+01  1.32437E-16
8.31764E+01  1.25319E-16
8.70963E+01  1.34221E-16
9.12011E+01  1.38238E-16
9.54992E+01  1.48533E-16
1.00000E+02  1.62153E-16
1.04713E+02  1.79710E-16
1.09648E+02  2.02605E-16
1.14815E+02  2.33241E-16
1.20226E+02  2.74386E-16
1.25893E+02  3.30164E-16
1.31826E+02  4.05159E-16
1.38038E+02  5.03064E-16
1.44544E+02  6.23319E-16
1.51356E+02  7.62496E-16
1.58489E+02  9.12309E-16
1.65959E+02  1.06564E-15
1.73780E+02  1.21564E-15
1.81970E+02  1.36062E-15
1.90546E+02  1.50169E-15
1.99526E+02  1.64111E-15
2.08930E+02  1.77977E-15
2.18776E+02  1.91947E-15
2.29087E+02  2.05937E-15
2.39883E+02  2.19852E-15
2.51189E+02  2.33255E-15
2.63027E+02  2.46372E-15
2.75423E+02  2.58429E-15
2.88403E+02  2.69264E-15
3.01995E+02  2.78590E-15
3.16228E+02  2.86064E-15
3.31131E+02  2.92079E-15
3.46737E+02  2.95391E-15
3.63078E+02  2.96824E-15
3.80189E+02  2.95790E-15
3.98107E+02  2.93004E-15
4.16869E+02  2.88222E-15
4.36516E+02  2.81542E-15
4.57088E+02  2.73394E-15
4.78630E+02  2.63920E-15
5.01187E+02  2.52883E-15
5.24807E+02  2.41905E-15
5.49541E+02  2.30354E-15
5.75440E+02  2.19078E-15
6.02560E+02  2.08954E-15
6.30957E+02  1.98767E-15
6.60693E+02  1.84379E-15
6.91831E+02  1.67158E-15
7.24436E+02  1.50896E-15
7.58577E+02  1.36292E-15
7.94328E+02  1.23016E-15
8.31763E+02  1.10687E-15
8.70963E+02  9.93521E-16
9.12011E+02  8.88839E-16
9.54993E+02  7.92541E-16
1.00000E+03  7.04904E-16
1.04713E+03  6.24375E-16
1.09648E+03  5.51715E-16
1.14815E+03  4.84950E-16
1.20226E+03  4.22020E-16
1.25893E+03  3.66024E-16
1.31826E+03  3.17159E-16
1.38038E+03  2.74195E-16
1.44544E+03  2.37033E-16
1.51356E+03  2.04805E-16
1.58489E+03  1.76694E-16
1.65959E+03  1.52184E-16
1.73780E+03  1.31168E-16
1.81970E+03  1.12938E-16
1.90546E+03  9.71842E-17
1.99526E+03  8.36651E-17
2.08930E+03  7.20244E-17
2.18776E+03  6.19694E-17
2.29087E+03  5.33600E-17
2.39883E+03  4.59442E-17
2.51189E+03  3.95711E-17
2.63027E+03  3.41130E-17
2.75423E+03  2.94049E-17
2.88403E+03  2.53457E-17
3.01995E+03  2.18938E-17
3.16228E+03  1.89666E-17
3.31131E+03  1.63979E-17
3.46737E+03  1.42132E-17
3.63078E+03  1.23345E-17
3.80189E+03  1.07191E-17
3.98107E+03  9.33062E-18
4.16869E+03  8.13465E-18
4.36516E+03  7.10644E-18
4.57088E+03  6.22464E-18
4.78630E+03  5.47514E-18
5.01187E+03  4.82086E-18
5.24807E+03  4.27632E-18
5.49541E+03  3.80068E-18
5.75440E+03  3.40202E-18
6.02560E+03  3.06016E-18
6.30957E+03  2.77076E-18
6.60693E+03  2.52383E-18
6.91831E+03  2.31789E-18
7.24436E+03  2.14110E-18
7.58577E+03  1.99355E-18
7.94328E+03  1.87066E-18
8.31763E+03  1.76673E-18
8.70963E+03  1.68168E-18
9.12010E+03  1.61072E-18
9.54993E+03  1.55310E-18
