#column 1 : lambda in microns
#column 2 : snu_eff in Jy / Lsun (in the cosmo of Planck 2013 XXX)
1.00000E+00  2.59840E-26
1.04713E+00  8.14714E-26
1.09648E+00  2.55513E-25
1.14815E+00  8.01545E-25
1.20226E+00  2.51505E-24
1.25893E+00  7.89348E-24
1.31826E+00  2.47794E-23
1.38038E+00  7.78060E-23
1.44544E+00  2.44361E-22
1.51356E+00  7.67622E-22
1.58489E+00  2.41189E-21
1.65959E+00  7.57987E-21
1.73780E+00  2.38264E-20
1.81970E+00  7.49110E-20
1.90546E+00  2.35572E-19
1.99526E+00  7.40954E-19
2.08930E+00  2.63481E-18
2.18776E+00  1.49715E-18
2.29087E+00  1.26289E-18
2.39883E+00  1.78823E-18
2.51189E+00  2.93259E-18
2.63027E+00  2.70101E-18
2.75423E+00  2.26486E-18
2.88403E+00  2.17659E-18
3.01995E+00  2.25522E-18
3.16228E+00  2.41990E-18
3.31131E+00  2.62798E-18
3.46737E+00  2.84497E-18
3.63078E+00  2.96905E-18
3.80189E+00  2.90805E-18
3.98107E+00  3.53737E-18
4.16869E+00  4.14458E-18
4.36516E+00  4.65533E-18
4.57088E+00  5.16641E-18
4.78630E+00  5.70877E-18
5.01187E+00  6.30628E-18
5.24807E+00  6.97603E-18
5.49541E+00  7.76868E-18
5.75440E+00  8.84960E-18
6.02560E+00  1.08931E-17
6.30957E+00  1.99770E-17
6.60693E+00  4.60883E-16
6.91831E+00  2.13014E-17
7.24436E+00  1.55978E-17
7.58578E+00  1.54732E-17
7.94328E+00  1.65468E-17
8.31764E+00  1.82750E-17
8.70964E+00  2.06547E-17
9.12011E+00  2.39076E-17
9.54992E+00  2.86755E-17
1.00000E+01  3.75483E-17
1.04713E+01  8.32582E-17
1.09648E+01  7.59129E-17
1.14815E+01  1.56212E-16
1.20226E+01  2.56637E-16
1.25893E+01  6.76438E-16
1.31826E+01  3.31489E-16
1.38038E+01  3.64478E-16
1.44544E+01  6.20065E-16
1.51356E+01  1.68595E-15
1.58489E+01  1.41469E-15
1.65959E+01  7.17949E-16
1.73780E+01  7.85351E-16
1.81970E+01  3.65173E-16
1.90546E+01  3.24246E-16
1.99526E+01  3.36194E-16
2.08930E+01  3.96009E-16
2.18776E+01  7.01805E-16
2.29087E+01  1.38459E-15
2.39883E+01  1.13648E-15
2.51189E+01  1.46890E-15
2.63027E+01  8.63226E-16
2.75423E+01  7.92061E-16
2.88403E+01  7.56784E-16
3.01995E+01  7.93403E-16
3.16228E+01  9.24749E-16
3.31131E+01  1.27344E-15
3.46737E+01  1.42643E-15
3.63078E+01  1.25168E-15
3.80189E+01  1.34199E-15
3.98107E+01  1.36754E-15
4.16869E+01  1.45544E-15
4.36516E+01  1.57175E-15
4.57088E+01  1.71783E-15
4.78630E+01  1.91033E-15
5.01187E+01  2.15732E-15
5.24807E+01  2.47507E-15
5.49541E+01  2.88117E-15
5.75440E+01  3.38882E-15
6.02560E+01  4.00287E-15
6.30957E+01  4.71176E-15
6.60693E+01  5.48770E-15
6.91831E+01  6.30728E-15
7.24436E+01  7.15392E-15
7.58578E+01  8.03358E-15
7.94328E+01  8.95796E-15
8.31764E+01  9.94811E-15
8.70963E+01  1.10338E-14
9.12011E+01  1.22243E-14
9.54992E+01  1.35421E-14
1.00000E+02  1.49831E-14
1.04713E+02  1.65468E-14
1.09648E+02  1.82192E-14
1.14815E+02  1.99840E-14
1.20226E+02  2.18112E-14
1.25893E+02  2.36768E-14
1.31826E+02  2.55488E-14
1.38038E+02  2.73842E-14
1.44544E+02  2.91393E-14
1.51356E+02  3.07805E-14
1.58489E+02  3.22636E-14
1.65959E+02  3.35525E-14
1.73780E+02  3.46472E-14
1.81970E+02  3.55229E-14
1.90546E+02  3.61501E-14
1.99526E+02  3.65337E-14
2.08930E+02  3.66578E-14
2.18776E+02  3.65636E-14
2.29087E+02  3.63196E-14
2.39883E+02  3.59701E-14
2.51189E+02  3.55847E-14
2.63027E+02  3.52411E-14
2.75423E+02  3.46404E-14
2.88403E+02  3.29513E-14
3.01995E+02  3.07503E-14
3.16228E+02  2.85867E-14
3.31131E+02  2.65629E-14
3.46737E+02  2.46147E-14
3.63078E+02  2.27410E-14
3.80189E+02  2.09077E-14
3.98107E+02  1.91621E-14
4.16869E+02  1.74838E-14
4.36516E+02  1.58915E-14
4.57088E+02  1.43805E-14
4.78630E+02  1.29627E-14
5.01187E+02  1.15927E-14
5.24807E+02  1.02606E-14
5.49541E+02  9.05644E-15
5.75440E+02  7.98024E-15
6.02560E+02  7.01543E-15
6.30957E+02  6.15217E-15
6.60693E+02  5.38656E-15
6.91831E+02  4.70815E-15
7.24436E+02  4.11113E-15
7.58577E+02  3.58317E-15
7.94328E+02  3.11911E-15
8.31763E+02  2.71385E-15
8.70963E+02  2.35803E-15
9.12011E+02  2.04799E-15
9.54993E+02  1.77677E-15
1.00000E+03  1.54125E-15
1.04713E+03  1.33592E-15
1.09648E+03  1.15744E-15
1.14815E+03  1.00285E-15
1.20226E+03  8.69079E-16
1.25893E+03  7.52825E-16
1.31826E+03  6.51999E-16
1.38038E+03  5.65105E-16
1.44544E+03  4.89613E-16
1.51356E+03  4.24453E-16
1.58489E+03  3.67834E-16
1.65959E+03  3.18881E-16
1.73780E+03  2.76318E-16
1.81970E+03  2.39446E-16
1.90546E+03  2.07569E-16
1.99526E+03  1.80084E-16
2.08930E+03  1.56344E-16
2.18776E+03  1.35850E-16
2.29087E+03  1.18389E-16
2.39883E+03  1.03279E-16
2.51189E+03  9.03688E-17
2.63027E+03  7.91611E-17
2.75423E+03  6.95949E-17
2.88403E+03  6.14038E-17
3.01995E+03  5.44824E-17
3.16228E+03  4.84529E-17
3.31131E+03  4.33434E-17
3.46737E+03  3.89471E-17
3.63078E+03  3.52124E-17
3.80189E+03  3.20009E-17
3.98107E+03  2.93031E-17
4.16869E+03  2.70016E-17
4.36516E+03  2.50620E-17
4.57088E+03  2.34116E-17
4.78630E+03  2.20200E-17
5.01187E+03  2.08534E-17
5.24807E+03  1.98767E-17
5.49541E+03  1.90698E-17
5.75440E+03  1.84065E-17
6.02560E+03  1.78660E-17
6.30957E+03  1.74283E-17
6.60693E+03  1.70850E-17
6.91831E+03  1.68229E-17
7.24436E+03  1.66329E-17
7.58577E+03  1.65030E-17
7.94328E+03  1.64275E-17
8.31763E+03  1.63998E-17
8.70963E+03  1.64136E-17
9.12010E+03  1.64657E-17
9.54993E+03  1.65514E-17
