#column 1 : lambda in microns
#column 2 : snu_eff in Jy / Lsun (in the cosmo of Planck 2013 XXX)
1.00000E+00  1.91221E-20
1.04713E+00  5.97019E-20
1.09648E+00  1.86416E-19
1.14815E+00  5.82130E-19
1.20226E+00  1.81802E-18
1.25893E+00  5.67831E-18
1.31826E+00  1.87582E-17
1.38038E+00  2.98066E-17
1.44544E+00  1.71660E-17
1.51356E+00  1.93717E-17
1.58489E+00  3.18851E-17
1.65959E+00  4.02980E-17
1.73780E+00  3.28758E-17
1.81970E+00  2.96714E-17
1.90546E+00  2.98347E-17
1.99526E+00  3.15717E-17
2.08930E+00  3.41717E-17
2.18776E+00  3.71323E-17
2.29087E+00  3.97281E-17
2.39883E+00  3.96432E-17
2.51189E+00  4.29199E-17
2.63027E+00  5.23022E-17
2.75423E+00  5.96196E-17
2.88403E+00  6.64665E-17
3.01995E+00  7.35204E-17
3.16228E+00  8.11873E-17
3.31131E+00  8.96115E-17
3.46737E+00  9.92908E-17
3.63078E+00  1.11465E-16
3.80189E+00  1.30175E-16
3.98107E+00  1.79425E-16
4.16869E+00  8.26649E-16
4.36516E+00  5.86663E-16
4.57088E+00  2.27348E-16
4.78630E+00  2.04535E-16
5.01187E+00  2.11820E-16
5.24807E+00  2.29681E-16
5.49541E+00  2.55481E-16
5.75440E+00  2.90609E-16
6.02560E+00  3.39877E-16
6.30957E+00  4.19249E-16
6.60693E+00  6.45388E-16
6.91831E+00  9.56929E-16
7.24436E+00  1.60388E-15
7.58578E+00  1.97457E-15
7.94328E+00  1.08125E-14
8.31764E+00  4.42860E-15
8.70964E+00  4.69497E-15
9.12011E+00  5.81304E-15
9.54992E+00  1.30547E-14
1.00000E+01  2.26246E-14
1.04713E+01  1.13984E-14
1.09648E+01  1.11471E-14
1.14815E+01  6.02170E-15
1.20226E+01  4.26875E-15
1.25893E+01  4.12654E-15
1.31826E+01  4.52104E-15
1.38038E+01  6.06400E-15
1.44544E+01  2.75041E-14
1.51356E+01  1.26562E-14
1.58489E+01  1.39308E-14
1.65959E+01  1.37578E-14
1.73780E+01  1.18204E-14
1.81970E+01  1.01015E-14
1.90546E+01  9.43669E-15
1.99526E+01  1.04058E-14
2.08930E+01  1.32038E-14
2.18776E+01  1.66868E-14
2.29087E+01  1.56341E-14
2.39883E+01  1.52962E-14
2.51189E+01  1.57703E-14
2.63027E+01  1.64787E-14
2.75423E+01  1.75468E-14
2.88403E+01  1.89354E-14
3.01995E+01  2.07125E-14
3.16228E+01  2.30100E-14
3.31131E+01  2.59305E-14
3.46737E+01  2.96629E-14
3.63078E+01  3.43330E-14
3.80189E+01  3.99369E-14
3.98107E+01  4.64424E-14
4.16869E+01  5.36170E-14
4.36516E+01  6.11990E-14
4.57088E+01  6.90702E-14
4.78630E+01  7.72929E-14
5.01187E+01  8.60197E-14
5.24807E+01  9.55175E-14
5.49541E+01  1.06182E-13
5.75440E+01  1.18219E-13
6.02560E+01  1.31874E-13
6.30957E+01  1.47401E-13
6.60693E+01  1.64818E-13
6.91831E+01  1.84094E-13
7.24436E+01  2.05215E-13
7.58578E+01  2.28022E-13
7.94328E+01  2.52258E-13
8.31764E+01  2.77541E-13
8.70963E+01  3.03551E-13
9.12011E+01  3.29702E-13
9.54992E+01  3.55758E-13
1.00000E+02  3.80777E-13
1.04713E+02  4.04377E-13
1.09648E+02  4.26285E-13
1.14815E+02  4.45966E-13
1.20226E+02  4.63023E-13
1.25893E+02  4.77184E-13
1.31826E+02  4.88172E-13
1.38038E+02  4.95983E-13
1.44544E+02  5.01139E-13
1.51356E+02  5.04555E-13
1.58489E+02  5.06514E-13
1.65959E+02  5.08777E-13
1.73780E+02  5.10473E-13
1.81970E+02  5.01188E-13
1.90546E+02  4.76079E-13
1.99526E+02  4.48051E-13
2.08930E+02  4.20950E-13
2.18776E+02  3.94781E-13
2.29087E+02  3.69038E-13
2.39883E+02  3.43822E-13
2.51189E+02  3.18633E-13
2.63027E+02  2.93891E-13
2.75423E+02  2.69945E-13
2.88403E+02  2.46735E-13
3.01995E+02  2.24618E-13
3.16228E+02  2.03304E-13
3.31131E+02  1.82237E-13
3.46737E+02  1.62082E-13
3.63078E+02  1.43829E-13
3.80189E+02  1.27434E-13
3.98107E+02  1.12542E-13
4.16869E+02  9.91501E-14
4.36516E+02  8.71893E-14
4.57088E+02  7.65373E-14
4.78630E+02  6.70535E-14
5.01187E+02  5.86526E-14
5.24807E+02  5.12560E-14
5.49541E+02  4.47131E-14
5.75440E+02  3.89830E-14
6.02560E+02  3.39640E-14
6.30957E+02  2.95450E-14
6.60693E+02  2.56971E-14
6.91831E+02  2.23268E-14
7.24436E+02  1.93959E-14
7.58577E+02  1.68356E-14
7.94328E+02  1.46133E-14
8.31763E+02  1.26807E-14
8.70963E+02  1.10078E-14
9.12011E+02  9.55013E-15
9.54993E+02  8.28281E-15
1.00000E+03  7.18589E-15
1.04713E+03  6.23132E-15
1.09648E+03  5.40076E-15
1.14815E+03  4.67974E-15
1.20226E+03  4.05395E-15
1.25893E+03  3.51052E-15
1.31826E+03  3.04524E-15
1.38038E+03  2.63880E-15
1.44544E+03  2.29026E-15
1.51356E+03  1.98737E-15
1.58489E+03  1.73177E-15
1.65959E+03  1.50674E-15
1.73780E+03  1.31604E-15
1.81970E+03  1.15117E-15
1.90546E+03  1.00972E-15
1.99526E+03  8.89044E-16
2.08930E+03  7.84495E-16
2.18776E+03  6.95617E-16
2.29087E+03  6.19399E-16
2.39883E+03  5.54842E-16
2.51189E+03  4.98917E-16
2.63027E+03  4.51241E-16
2.75423E+03  4.10795E-16
2.88403E+03  3.76211E-16
3.01995E+03  3.46905E-16
3.16228E+03  3.22053E-16
3.31131E+03  3.01125E-16
3.46737E+03  2.83428E-16
3.63078E+03  2.68548E-16
3.80189E+03  2.56234E-16
3.98107E+03  2.45922E-16
4.16869E+03  2.37420E-16
4.36516E+03  2.30520E-16
4.57088E+03  2.25016E-16
4.78630E+03  2.20674E-16
5.01187E+03  2.17392E-16
5.24807E+03  2.15020E-16
5.49541E+03  2.13419E-16
5.75440E+03  2.12532E-16
6.02560E+03  2.12276E-16
6.30957E+03  2.12551E-16
6.60693E+03  2.13328E-16
6.91831E+03  2.14544E-16
7.24436E+03  2.16159E-16
7.58577E+03  2.18137E-16
7.94328E+03  2.20450E-16
8.31763E+03  2.23072E-16
8.70963E+03  2.25983E-16
9.12010E+03  2.29165E-16
9.54993E+03  2.32602E-16
