#column 1 : lambda in microns
#column 2 : snu_eff in Jy / Lsun (in the cosmo of Planck 2013 XXX)
1.00000E+00  1.01061E-25
1.04713E+00  3.16825E-25
1.09648E+00  9.93465E-25
1.14815E+00  3.11587E-24
1.20226E+00  9.77453E-24
1.25893E+00  3.06693E-23
1.31826E+00  9.62498E-23
1.38038E+00  3.02123E-22
1.44544E+00  9.48533E-22
1.51356E+00  2.97855E-21
1.58489E+00  9.35495E-21
1.65959E+00  2.93874E-20
1.73780E+00  9.23342E-20
1.81970E+00  2.90164E-19
1.90546E+00  9.12024E-19
1.99526E+00  3.24148E-18
2.08930E+00  1.84237E-18
2.18776E+00  1.55440E-18
2.29087E+00  2.20073E-18
2.39883E+00  3.60851E-18
2.51189E+00  3.32390E-18
2.63027E+00  2.78760E-18
2.75423E+00  2.67926E-18
2.88403E+00  2.77618E-18
3.01995E+00  2.97901E-18
3.16228E+00  3.23518E-18
3.31131E+00  3.50237E-18
3.46737E+00  3.65521E-18
3.63078E+00  3.58043E-18
3.80189E+00  4.35484E-18
3.98107E+00  5.10206E-18
4.16869E+00  5.73064E-18
4.36516E+00  6.35944E-18
4.57088E+00  7.02680E-18
4.78630E+00  7.76185E-18
5.01187E+00  8.58565E-18
5.24807E+00  9.56016E-18
5.49541E+00  1.08888E-17
5.75440E+00  1.34005E-17
6.02560E+00  2.45701E-17
6.30957E+00  5.66836E-16
6.60693E+00  2.61887E-17
6.91831E+00  1.91651E-17
7.24436E+00  1.89986E-17
7.58578E+00  2.03011E-17
7.94328E+00  2.24020E-17
8.31764E+00  2.52953E-17
8.70964E+00  2.92537E-17
9.12011E+00  3.50616E-17
9.54992E+00  4.59008E-17
1.00000E+01  1.01991E-16
1.04713E+01  9.28627E-17
1.09648E+01  1.91389E-16
1.14815E+01  3.14584E-16
1.20226E+01  8.29903E-16
1.25893E+01  4.06059E-16
1.31826E+01  4.46282E-16
1.38038E+01  7.59595E-16
1.44544E+01  2.06665E-15
1.51356E+01  1.73321E-15
1.58489E+01  8.78464E-16
1.65959E+01  9.60682E-16
1.73780E+01  4.45084E-16
1.81970E+01  3.94405E-16
1.90546E+01  4.08540E-16
1.99526E+01  4.81318E-16
2.08930E+01  8.55723E-16
2.18776E+01  1.69159E-15
2.29087E+01  1.38686E-15
2.39883E+01  1.79288E-15
2.51189E+01  1.05010E-15
2.63027E+01  9.61938E-16
2.75423E+01  9.17405E-16
2.88403E+01  9.60320E-16
3.01995E+01  1.11822E-15
3.16228E+01  1.54016E-15
3.31131E+01  1.72284E-15
3.46737E+01  1.50678E-15
3.63078E+01  1.61312E-15
3.80189E+01  1.64100E-15
3.98107E+01  1.74426E-15
4.16869E+01  1.88133E-15
4.36516E+01  2.05358E-15
4.57088E+01  2.28075E-15
4.78630E+01  2.57203E-15
5.01187E+01  2.94625E-15
5.24807E+01  3.42370E-15
5.49541E+01  4.01893E-15
5.75440E+01  4.73687E-15
6.02560E+01  5.56323E-15
6.30957E+01  6.46541E-15
6.60693E+01  7.41693E-15
6.91831E+01  8.39993E-15
7.24436E+01  9.42278E-15
7.58578E+01  1.05008E-14
7.94328E+01  1.16598E-14
8.31764E+01  1.29358E-14
8.70963E+01  1.43404E-14
9.12011E+01  1.59015E-14
9.54992E+01  1.76151E-14
1.00000E+02  1.94818E-14
1.04713E+02  2.14860E-14
1.09648E+02  2.36098E-14
1.14815E+02  2.58181E-14
1.20226E+02  2.80831E-14
1.25893E+02  3.03670E-14
1.31826E+02  3.26182E-14
1.38038E+02  3.47850E-14
1.44544E+02  3.68248E-14
1.51356E+02  3.86844E-14
1.58489E+02  4.03189E-14
1.65959E+02  4.17264E-14
1.73780E+02  4.28735E-14
1.81970E+02  4.37246E-14
1.90546E+02  4.42830E-14
1.99526E+02  4.45264E-14
2.08930E+02  4.45044E-14
2.18776E+02  4.42966E-14
2.29087E+02  4.39589E-14
2.39883E+02  4.35746E-14
2.51189E+02  4.32402E-14
2.63027E+02  4.25850E-14
2.75423E+02  4.05770E-14
2.88403E+02  3.79237E-14
3.01995E+02  3.53080E-14
3.16228E+02  3.28557E-14
3.31131E+02  3.04894E-14
3.46737E+02  2.82075E-14
3.63078E+02  2.59683E-14
3.80189E+02  2.38306E-14
3.98107E+02  2.17703E-14
4.16869E+02  1.98107E-14
4.36516E+02  1.79472E-14
4.57088E+02  1.61949E-14
4.78630E+02  1.44981E-14
5.01187E+02  1.28446E-14
5.24807E+02  1.13479E-14
5.49541E+02  1.00080E-14
5.75440E+02  8.80529E-15
6.02560E+02  7.72796E-15
6.30957E+02  6.77122E-15
6.60693E+02  5.92253E-15
6.91831E+02  5.17489E-15
7.24436E+02  4.51312E-15
7.58577E+02  3.93092E-15
7.94328E+02  3.42205E-15
8.31763E+02  2.97489E-15
8.70963E+02  2.58498E-15
9.12011E+02  2.24365E-15
9.54993E+02  1.94705E-15
1.00000E+03  1.68829E-15
1.04713E+03  1.46325E-15
1.09648E+03  1.26823E-15
1.14815E+03  1.09935E-15
1.20226E+03  9.52547E-16
1.25893E+03  8.25179E-16
1.31826E+03  7.15327E-16
1.38038E+03  6.19863E-16
1.44544E+03  5.37433E-16
1.51356E+03  4.65776E-16
1.58489E+03  4.03798E-16
1.65959E+03  3.49887E-16
1.73780E+03  3.03172E-16
1.81970E+03  2.62770E-16
1.90546E+03  2.27927E-16
1.99526E+03  1.97817E-16
2.08930E+03  1.71821E-16
2.18776E+03  1.49661E-16
2.29087E+03  1.30484E-16
2.39883E+03  1.14092E-16
2.51189E+03  9.98564E-17
2.63027E+03  8.77020E-17
2.75423E+03  7.72927E-17
2.88403E+03  6.84929E-17
3.01995E+03  6.08254E-17
3.16228E+03  5.43249E-17
3.31131E+03  4.87295E-17
3.46737E+03  4.39744E-17
3.63078E+03  3.98832E-17
3.80189E+03  3.64441E-17
3.98107E+03  3.35086E-17
4.16869E+03  3.10325E-17
4.36516E+03  2.89237E-17
4.57088E+03  2.71434E-17
4.78630E+03  2.56486E-17
5.01187E+03  2.43952E-17
5.24807E+03  2.33573E-17
5.49541E+03  2.25016E-17
5.75440E+03  2.18016E-17
6.02560E+03  2.12321E-17
6.30957E+03  2.07821E-17
6.60693E+03  2.04348E-17
6.91831E+03  2.01789E-17
7.24436E+03  1.99989E-17
7.58577E+03  1.98875E-17
7.94328E+03  1.98366E-17
8.31763E+03  1.98378E-17
8.70963E+03  1.98873E-17
9.12010E+03  1.99788E-17
9.54993E+03  2.01090E-17
