#column 1 : lambda in microns
#column 2 : snu_eff in Jy / Lsun (in the cosmo of Planck 2013 XXX)
1.00000E+00  2.19989E-24
1.04713E+00  6.87898E-24
1.09648E+00  2.15143E-23
1.14815E+00  6.72997E-23
1.20226E+00  2.10561E-22
1.25893E+00  6.58907E-22
1.31826E+00  2.06229E-21
1.38038E+00  6.45586E-21
1.44544E+00  2.02133E-20
1.51356E+00  6.32994E-20
1.58489E+00  1.98262E-19
1.65959E+00  6.21100E-19
1.73780E+00  1.95560E-18
1.81970E+00  5.19996E-18
1.90546E+00  2.66305E-18
1.99526E+00  2.61347E-18
2.08930E+00  4.05351E-18
2.18776E+00  5.96466E-18
2.29087E+00  5.03271E-18
2.39883E+00  4.38035E-18
2.51189E+00  4.31401E-18
2.63027E+00  4.52190E-18
2.75423E+00  4.87495E-18
2.88403E+00  5.30083E-18
3.01995E+00  5.71053E-18
3.16228E+00  5.83823E-18
3.31131E+00  5.93969E-18
3.46737E+00  7.31191E-18
3.63078E+00  8.43610E-18
3.80189E+00  9.44003E-18
3.98107E+00  1.04573E-17
4.16869E+00  1.15510E-17
4.36516E+00  1.27545E-17
4.57088E+00  1.41110E-17
4.78630E+00  1.57714E-17
5.01187E+00  1.81583E-17
5.24807E+00  2.33901E-17
5.49541E+00  5.88277E-17
5.75440E+00  2.00546E-16
6.02560E+00  3.63458E-17
6.30957E+00  3.01991E-17
6.60693E+00  3.07330E-17
6.91831E+00  3.31414E-17
7.24436E+00  3.67657E-17
7.58578E+00  4.16930E-17
7.94328E+00  4.85354E-17
8.31764E+00  5.88942E-17
8.70964E+00  8.17930E-17
9.12011E+00  1.62993E-16
9.54992E+00  1.78239E-16
1.00000E+01  2.77335E-16
1.04713E+01  8.54967E-16
1.09648E+01  8.32425E-16
1.14815E+01  6.85138E-16
1.20226E+01  7.66090E-16
1.25893E+01  1.49855E-15
1.31826E+01  3.39666E-15
1.38038E+01  2.12397E-15
1.44544E+01  1.44785E-15
1.51356E+01  1.13103E-15
1.58489E+01  6.69039E-16
1.65959E+01  6.24916E-16
1.73780E+01  6.66155E-16
1.81970E+01  8.25892E-16
1.90546E+01  2.13464E-15
1.99526E+01  2.01750E-15
2.08930E+01  2.08282E-15
2.18776E+01  2.60604E-15
2.29087E+01  1.73747E-15
2.39883E+01  1.48901E-15
2.51189E+01  1.43787E-15
2.63027E+01  1.55726E-15
2.75423E+01  1.85431E-15
2.88403E+01  2.45618E-15
3.01995E+01  2.49042E-15
3.16228E+01  2.37500E-15
3.31131E+01  2.49728E-15
3.46737E+01  2.59970E-15
3.63078E+01  2.77168E-15
3.80189E+01  2.99798E-15
3.98107E+01  3.28144E-15
4.16869E+01  3.65247E-15
4.36516E+01  4.12563E-15
4.57088E+01  4.73134E-15
4.78630E+01  5.50158E-15
5.01187E+01  6.44937E-15
5.24807E+01  7.57499E-15
5.49541E+01  8.84109E-15
5.75440E+01  1.02090E-14
6.02560E+01  1.16427E-14
6.30957E+01  1.31248E-14
6.60693E+01  1.46695E-14
6.91831E+01  1.63191E-14
7.24436E+01  1.81220E-14
7.58578E+01  2.01125E-14
7.94328E+01  2.23404E-14
8.31764E+01  2.48138E-14
8.70963E+01  2.75599E-14
9.12011E+01  3.05447E-14
9.54992E+01  3.37724E-14
1.00000E+02  3.71982E-14
1.04713E+02  4.07935E-14
1.09648E+02  4.44759E-14
1.14815E+02  4.81999E-14
1.20226E+02  5.18847E-14
1.25893E+02  5.54644E-14
1.31826E+02  5.88405E-14
1.38038E+02  6.19364E-14
1.44544E+02  6.47023E-14
1.51356E+02  6.71095E-14
1.58489E+02  6.90874E-14
1.65959E+02  7.06072E-14
1.73780E+02  7.16464E-14
1.81970E+02  7.21883E-14
1.90546E+02  7.23310E-14
1.99526E+02  7.21956E-14
2.08930E+02  7.18504E-14
2.18776E+02  7.14841E-14
2.29087E+02  7.11624E-14
2.39883E+02  6.98622E-14
2.51189E+02  6.62777E-14
2.63027E+02  6.20010E-14
2.75423E+02  5.78815E-14
2.88403E+02  5.39441E-14
3.01995E+02  5.01623E-14
3.16228E+02  4.64818E-14
3.31131E+02  4.28603E-14
3.46737E+02  3.93716E-14
3.63078E+02  3.60111E-14
3.80189E+02  3.27745E-14
3.98107E+02  2.97191E-14
4.16869E+02  2.68262E-14
4.36516E+02  2.39951E-14
4.57088E+02  2.12869E-14
4.78630E+02  1.88226E-14
5.01187E+02  1.66159E-14
5.24807E+02  1.46285E-14
5.49541E+02  1.28561E-14
5.75440E+02  1.12710E-14
6.02560E+02  9.86368E-15
6.30957E+02  8.62120E-15
6.60693E+02  7.52715E-15
6.91831E+02  6.56214E-15
7.24436E+02  5.71385E-15
7.58577E+02  4.97324E-15
7.94328E+02  4.32295E-15
8.31763E+02  3.75576E-15
8.70963E+02  3.25977E-15
9.12011E+02  2.82928E-15
9.54993E+02  2.45333E-15
1.00000E+03  2.12720E-15
1.04713E+03  1.84399E-15
1.09648E+03  1.59874E-15
1.14815E+03  1.38583E-15
1.20226E+03  1.20153E-15
1.25893E+03  1.04144E-15
1.31826E+03  9.03079E-16
1.38038E+03  7.82951E-16
1.44544E+03  6.78551E-16
1.51356E+03  5.87890E-16
1.58489E+03  5.09354E-16
1.65959E+03  4.41428E-16
1.73780E+03  3.82746E-16
1.81970E+03  3.32538E-16
1.90546E+03  2.89018E-16
1.99526E+03  2.51240E-16
2.08930E+03  2.18834E-16
2.18776E+03  1.91271E-16
2.29087E+03  1.67190E-16
2.39883E+03  1.46784E-16
2.51189E+03  1.29283E-16
2.63027E+03  1.14316E-16
2.75423E+03  1.01407E-16
2.88403E+03  9.03396E-17
3.01995E+03  8.09410E-17
3.16228E+03  7.29383E-17
3.31131E+03  6.60340E-17
3.46737E+03  6.02054E-17
3.63078E+03  5.52362E-17
3.80189E+03  5.10006E-17
3.98107E+03  4.74215E-17
4.16869E+03  4.44053E-17
4.36516E+03  4.18645E-17
4.57088E+03  3.97428E-17
4.78630E+03  3.79654E-17
5.01187E+03  3.64990E-17
5.24807E+03  3.52895E-17
5.49541E+03  3.43105E-17
5.75440E+03  3.35253E-17
6.02560E+03  3.29132E-17
6.30957E+03  3.24539E-17
6.60693E+03  3.21277E-17
6.91831E+03  3.19147E-17
7.24436E+03  3.18007E-17
7.58577E+03  3.17782E-17
7.94328E+03  3.18330E-17
8.31763E+03  3.19601E-17
8.70963E+03  3.21502E-17
9.12010E+03  3.23986E-17
9.54993E+03  3.26984E-17
