#column 1 : lambda in microns
#column 2 : snu_eff in Jy / Lsun (in the cosmo of Planck 2013 XXX)
1.00000E+00  8.51289E-42
1.04713E+00  2.60628E-41
1.09648E+00  7.99132E-41
1.14815E+00  2.45516E-40
1.20226E+00  7.55691E-40
1.25893E+00  2.33041E-39
1.31826E+00  7.19996E-39
1.38038E+00  2.22860E-38
1.44544E+00  6.91076E-38
1.51356E+00  2.14683E-37
1.58489E+00  6.68086E-37
1.65959E+00  2.08264E-36
1.73780E+00  6.50305E-36
1.81970E+00  2.03387E-35
1.90546E+00  6.37101E-35
1.99526E+00  1.99870E-34
2.08930E+00  6.27933E-34
2.18776E+00  1.97551E-33
2.29087E+00  6.22332E-33
2.39883E+00  1.96295E-32
2.51189E+00  6.19896E-32
2.63027E+00  1.95984E-31
2.75423E+00  6.20281E-31
2.88403E+00  1.96515E-30
3.01995E+00  6.23186E-30
3.16228E+00  1.97802E-29
3.31131E+00  6.28358E-29
3.46737E+00  1.99769E-28
3.63078E+00  6.35580E-28
3.80189E+00  2.02354E-27
3.98107E+00  6.44662E-27
4.16869E+00  2.05501E-26
4.36516E+00  6.55447E-26
4.57088E+00  2.09164E-25
4.78630E+00  6.67802E-25
5.01187E+00  2.13305E-24
5.24807E+00  6.81607E-24
5.49541E+00  2.17890E-23
5.75440E+00  6.96776E-23
6.02560E+00  2.22891E-22
6.30957E+00  7.13218E-22
6.60693E+00  2.28286E-21
6.91831E+00  7.30878E-21
7.24436E+00  2.34054E-20
7.58578E+00  8.44641E-20
7.94328E+00  4.76058E-20
8.31764E+00  3.99304E-20
8.70964E+00  5.67721E-20
9.12011E+00  9.34626E-20
9.54992E+00  8.59229E-20
1.00000E+01  7.17405E-20
1.04713E+01  6.87420E-20
1.09648E+01  7.11047E-20
1.14815E+01  7.62455E-20
1.20226E+01  8.27720E-20
1.25893E+01  8.96360E-20
1.31826E+01  9.34485E-20
1.38038E+01  9.13045E-20
1.44544E+01  1.11210E-19
1.51356E+01  1.30784E-19
1.58489E+01  1.47085E-19
1.65959E+01  1.63228E-19
1.73780E+01  1.80589E-19
1.81970E+01  1.99669E-19
1.90546E+01  2.21346E-19
1.99526E+01  2.47086E-19
2.08930E+01  2.82354E-19
2.18776E+01  3.49223E-19
2.29087E+01  6.43897E-19
2.39883E+01  1.49067E-17
2.51189E+01  6.91606E-19
2.63027E+01  5.11214E-19
2.75423E+01  5.13184E-19
2.88403E+01  5.56504E-19
3.01995E+01  6.24120E-19
3.16228E+01  7.16291E-19
3.31131E+01  8.42730E-19
3.46737E+01  1.02325E-18
3.63078E+01  1.34410E-18
3.80189E+01  2.88342E-18
3.98107E+01  2.69170E-18
4.16869E+01  5.39938E-18
4.36516E+01  8.79373E-18
4.57088E+01  2.28589E-17
4.78630E+01  1.14957E-17
5.01187E+01  1.27168E-17
5.24807E+01  2.14489E-17
5.49541E+01  5.76823E-17
5.75440E+01  4.87906E-17
6.02560E+01  2.52776E-17
6.30957E+01  2.77344E-17
6.60693E+01  1.36122E-17
6.91831E+01  1.24451E-17
7.24436E+01  1.31037E-17
7.58578E+01  1.54044E-17
7.94328E+01  2.60868E-17
8.31764E+01  4.99335E-17
8.70963E+01  4.17560E-17
9.12011E+01  5.38420E-17
9.54992E+01  3.33340E-17
1.00000E+02  3.13979E-17
1.04713E+02  3.08428E-17
1.09648E+02  3.30916E-17
1.14815E+02  3.90741E-17
1.20226E+02  5.37053E-17
1.25893E+02  6.13476E-17
1.31826E+02  5.62087E-17
1.38038E+02  6.14800E-17
1.44544E+02  6.39722E-17
1.51356E+02  6.92334E-17
1.58489E+02  7.60159E-17
1.65959E+02  8.46009E-17
1.73780E+02  9.61815E-17
1.81970E+02  1.11636E-16
1.90546E+02  1.32472E-16
1.99526E+02  1.60831E-16
2.08930E+02  1.98617E-16
2.18776E+02  2.47430E-16
2.29087E+02  3.06520E-16
2.39883E+02  3.73091E-16
2.51189E+02  4.43451E-16
2.63027E+02  5.13225E-16
2.75423E+02  5.80274E-16
2.88403E+02  6.44111E-16
3.01995E+02  7.05130E-16
3.16228E+02  7.64227E-16
3.31131E+02  8.22949E-16
3.46737E+02  8.80796E-16
3.63078E+02  9.37868E-16
3.80189E+02  9.93500E-16
3.98107E+02  1.04698E-15
4.16869E+02  1.09550E-15
4.36516E+02  1.13887E-15
4.57088E+02  1.17944E-15
4.78630E+02  1.20921E-15
5.01187E+02  1.23277E-15
5.24807E+02  1.24876E-15
5.49541E+02  1.25306E-15
5.75440E+02  1.24724E-15
6.02560E+02  1.23566E-15
6.30957E+02  1.21407E-15
6.60693E+02  1.18701E-15
6.91831E+02  1.15007E-15
7.24436E+02  1.10995E-15
7.58577E+02  1.06423E-15
7.94328E+02  1.01411E-15
8.31763E+02  9.63590E-16
8.70963E+02  9.14041E-16
9.12011E+02  8.65637E-16
9.54993E+02  8.22161E-16
1.00000E+03  7.74697E-16
1.04713E+03  7.11450E-16
1.09648E+03  6.41843E-16
1.14815E+03  5.78426E-16
1.20226E+03  5.21098E-16
1.25893E+03  4.68262E-16
1.31826E+03  4.20023E-16
1.38038E+03  3.75204E-16
1.44544E+03  3.34717E-16
1.51356E+03  2.97469E-16
1.58489E+03  2.63766E-16
1.65959E+03  2.33163E-16
1.73780E+03  2.05374E-16
1.81970E+03  1.79661E-16
1.90546E+03  1.55774E-16
1.99526E+03  1.34827E-16
2.08930E+03  1.16642E-16
2.18776E+03  1.00806E-16
2.29087E+03  8.69311E-17
2.39883E+03  7.48998E-17
2.51189E+03  6.44414E-17
2.63027E+03  5.55531E-17
2.75423E+03  4.78059E-17
2.88403E+03  4.11018E-17
3.01995E+03  3.53645E-17
3.16228E+03  3.04126E-17
3.31131E+03  2.61571E-17
3.46737E+03  2.25038E-17
3.63078E+03  1.93490E-17
3.80189E+03  1.66516E-17
3.98107E+03  1.43323E-17
4.16869E+03  1.23508E-17
4.36516E+03  1.06505E-17
4.57088E+03  9.19336E-18
4.78630E+03  7.94085E-18
5.01187E+03  6.87175E-18
5.24807E+03  5.95804E-18
5.49541E+03  5.16623E-18
5.75440E+03  4.48694E-18
6.02560E+03  3.90635E-18
6.30957E+03  3.40532E-18
6.60693E+03  2.97344E-18
6.91831E+03  2.60384E-18
7.24436E+03  2.28853E-18
7.58577E+03  2.01749E-18
7.94328E+03  1.78569E-18
8.31763E+03  1.58936E-18
8.70963E+03  1.42084E-18
9.12010E+03  1.27995E-18
9.54993E+03  1.15658E-18
