#column 1 : lambda in microns
#column 2 : snu_eff in Jy / Lsun (in the cosmo of Planck 2013 XXX)
1.00000E+00  8.23797E-35
1.04713E+00  2.60202E-34
1.09648E+00  8.22708E-34
1.14815E+00  2.60375E-33
1.20226E+00  8.24812E-33
1.25893E+00  2.61509E-32
1.31826E+00  8.29810E-32
1.38038E+00  2.63516E-31
1.44544E+00  8.37444E-31
1.51356E+00  2.66319E-30
1.58489E+00  8.47485E-30
1.65959E+00  2.69854E-29
1.73780E+00  8.59754E-29
1.81970E+00  2.74065E-28
1.90546E+00  8.74083E-28
1.99526E+00  2.78905E-27
2.08930E+00  8.90336E-27
2.18776E+00  2.84336E-26
2.29087E+00  9.08402E-26
2.39883E+00  2.90324E-25
2.51189E+00  9.28184E-25
2.63027E+00  2.96841E-24
2.75423E+00  9.49608E-24
2.88403E+00  3.03867E-23
3.01995E+00  9.72605E-23
3.16228E+00  3.11383E-22
3.31131E+00  9.97127E-22
3.46737E+00  3.19373E-21
3.63078E+00  1.02314E-20
3.80189E+00  3.27831E-20
3.98107E+00  1.05566E-19
4.16869E+00  2.83802E-19
4.36516E+00  1.43801E-19
4.57088E+00  1.40637E-19
4.78630E+00  2.19447E-19
5.01187E+00  3.24073E-19
5.24807E+00  2.72265E-19
5.49541E+00  2.35824E-19
5.75440E+00  2.31547E-19
6.02560E+00  2.42370E-19
6.30957E+00  2.61133E-19
6.60693E+00  2.83832E-19
6.91831E+00  3.05601E-19
7.24436E+00  3.11957E-19
7.58578E+00  3.16668E-19
7.94328E+00  3.91395E-19
8.31764E+00  4.52307E-19
8.70964E+00  5.06830E-19
9.12011E+00  5.61909E-19
9.54992E+00  6.21163E-19
1.00000E+01  6.86696E-19
1.04713E+01  7.61244E-19
1.09648E+01  8.52209E-19
1.14815E+01  9.84003E-19
1.20226E+01  1.27344E-18
1.25893E+01  3.22883E-18
1.31826E+01  1.10485E-17
1.38038E+01  1.99952E-18
1.44544E+01  1.66932E-18
1.51356E+01  1.71168E-18
1.58489E+01  1.86298E-18
1.65959E+01  2.08848E-18
1.73780E+01  2.39358E-18
1.81970E+01  2.81549E-18
1.90546E+01  3.44407E-18
1.99526E+01  4.78343E-18
2.08930E+01  9.38645E-18
2.18776E+01  1.03430E-17
2.29087E+01  1.60010E-17
2.39883E+01  4.85028E-17
2.51189E+01  4.74742E-17
2.63027E+01  3.94360E-17
2.75423E+01  4.42745E-17
2.88403E+01  8.60493E-17
3.01995E+01  1.94327E-16
3.16228E+01  1.22523E-16
3.31131E+01  8.41922E-17
3.46737E+01  6.64473E-17
3.63078E+01  4.02761E-17
3.80189E+01  3.82028E-17
3.98107E+01  4.11366E-17
4.16869E+01  5.08906E-17
4.36516E+01  1.26529E-16
4.57088E+01  1.20872E-16
4.78630E+01  1.25818E-16
5.01187E+01  1.57762E-16
5.24807E+01  1.08484E-16
5.49541E+01  9.52582E-17
5.75440E+01  9.39075E-17
6.02560E+01  1.03276E-16
6.30957E+01  1.24315E-16
6.60693E+01  1.65562E-16
6.91831E+01  1.71455E-16
7.24436E+01  1.67568E-16
7.58578E+01  1.79126E-16
7.94328E+01  1.89255E-16
8.31764E+01  2.04588E-16
8.70963E+01  2.24454E-16
9.12011E+01  2.49598E-16
9.54992E+01  2.83006E-16
1.00000E+02  3.27177E-16
1.04713E+02  3.86468E-16
1.09648E+02  4.66348E-16
1.14815E+02  5.71327E-16
1.20226E+02  7.04509E-16
1.25893E+02  8.62814E-16
1.31826E+02  1.04128E-15
1.38038E+02  1.23065E-15
1.44544E+02  1.42249E-15
1.51356E+02  1.61375E-15
1.58489E+02  1.80437E-15
1.65959E+02  1.99641E-15
1.73780E+02  2.19176E-15
1.81970E+02  2.39363E-15
1.90546E+02  2.60115E-15
1.99526E+02  2.81426E-15
2.08930E+02  3.02850E-15
2.18776E+02  3.24024E-15
2.29087E+02  3.44773E-15
2.39883E+02  3.64725E-15
2.51189E+02  3.82848E-15
2.63027E+02  3.99055E-15
2.75423E+02  4.12787E-15
2.88403E+02  4.24049E-15
3.01995E+02  4.32196E-15
3.16228E+02  4.37254E-15
3.31131E+02  4.38763E-15
3.46737E+02  4.37235E-15
3.63078E+02  4.32779E-15
3.80189E+02  4.25483E-15
3.98107E+02  4.15440E-15
4.16869E+02  4.03291E-15
4.36516E+02  3.89347E-15
4.57088E+02  3.74685E-15
4.78630E+02  3.59492E-15
5.01187E+02  3.45117E-15
5.24807E+02  3.31460E-15
5.49541E+02  3.14660E-15
5.75440E+02  2.89644E-15
6.02560E+02  2.63624E-15
6.30957E+02  2.39531E-15
6.60693E+02  2.17397E-15
6.91831E+02  1.97010E-15
7.24436E+02  1.78091E-15
7.58577E+02  1.60278E-15
7.94328E+02  1.43891E-15
8.31763E+02  1.28728E-15
8.70963E+02  1.14690E-15
9.12011E+02  1.01914E-15
9.54993E+02  9.02389E-16
1.00000E+03  7.92302E-16
1.04713E+03  6.90405E-16
1.09648E+03  6.00366E-16
1.14815E+03  5.21612E-16
1.20226E+03  4.52185E-16
1.25893E+03  3.91869E-16
1.31826E+03  3.39027E-16
1.38038E+03  2.92971E-16
1.44544E+03  2.53001E-16
1.51356E+03  2.18450E-16
1.58489E+03  1.88448E-16
1.65959E+03  1.62481E-16
1.73780E+03  1.40133E-16
1.81970E+03  1.20766E-16
1.90546E+03  1.04118E-16
1.99526E+03  8.97106E-17
2.08930E+03  7.73445E-17
2.18776E+03  6.66681E-17
2.29087E+03  5.75090E-17
2.39883E+03  4.96360E-17
2.51189E+03  4.28422E-17
2.63027E+03  3.70322E-17
2.75423E+03  3.20386E-17
2.88403E+03  2.77285E-17
3.01995E+03  2.40335E-17
3.16228E+03  2.08480E-17
3.31131E+03  1.81023E-17
3.46737E+03  1.57326E-17
3.63078E+03  1.36941E-17
3.80189E+03  1.19416E-17
3.98107E+03  1.04358E-17
4.16869E+03  9.15949E-18
4.36516E+03  8.05578E-18
4.57088E+03  7.10626E-18
4.78630E+03  6.29535E-18
5.01187E+03  5.61206E-18
5.24807E+03  5.02032E-18
5.49541E+03  4.52146E-18
5.75440E+03  4.09588E-18
6.02560E+03  3.73631E-18
6.30957E+03  3.42916E-18
6.60693E+03  3.16879E-18
6.91831E+03  2.95087E-18
7.24436E+03  2.76806E-18
7.58577E+03  2.61317E-18
7.94328E+03  2.48505E-18
8.31763E+03  2.37897E-18
8.70963E+03  2.29099E-18
9.12010E+03  2.21979E-18
9.54993E+03  2.16272E-18
