#column 1 : lambda in microns
#column 2 : snu_eff in Jy / Lsun (in the cosmo of Planck 2013 XXX)
1.00000E+00  1.55979E-34
1.04713E+00  4.92739E-34
1.09648E+00  1.55811E-33
1.14815E+00  4.93159E-33
1.20226E+00  1.56230E-32
1.25893E+00  4.95346E-32
1.31826E+00  1.57182E-31
1.38038E+00  4.99142E-31
1.44544E+00  1.58619E-30
1.51356E+00  5.04407E-30
1.58489E+00  1.60502E-29
1.65959E+00  5.11027E-29
1.73780E+00  1.62798E-28
1.81970E+00  5.18901E-28
1.90546E+00  1.65477E-27
1.99526E+00  5.27947E-27
2.08930E+00  1.68514E-26
2.18776E+00  5.38093E-26
2.29087E+00  1.71889E-25
2.39883E+00  5.49282E-25
2.51189E+00  1.75586E-24
2.63027E+00  5.61463E-24
2.75423E+00  1.79591E-23
2.88403E+00  5.74600E-23
3.01995E+00  1.83892E-22
3.16228E+00  5.88661E-22
3.31131E+00  1.88481E-21
3.46737E+00  6.03617E-21
3.63078E+00  1.93351E-20
3.80189E+00  6.19458E-20
3.98107E+00  2.25633E-19
4.16869E+00  2.00559E-19
4.36516E+00  1.39500E-19
4.57088E+00  1.77595E-19
4.78630E+00  3.03659E-19
5.01187E+00  3.22674E-19
5.24807E+00  2.62511E-19
5.49541E+00  2.43866E-19
5.75440E+00  2.48783E-19
6.02560E+00  2.65130E-19
6.30957E+00  2.87472E-19
6.60693E+00  3.11661E-19
6.91831E+00  3.29774E-19
7.24436E+00  3.21736E-19
7.58578E+00  3.73376E-19
7.94328E+00  4.47338E-19
8.31764E+00  5.06161E-19
8.70964E+00  5.63418E-19
9.12011E+00  6.23490E-19
9.54992E+00  6.89335E-19
1.00000E+01  7.62916E-19
1.04713E+01  8.48245E-19
1.09648E+01  9.60485E-19
1.14815E+01  1.15175E-18
1.20226E+01  1.78068E-18
1.25893E+01  2.62627E-17
1.31826E+01  3.16373E-18
1.38038E+01  1.83725E-18
1.44544E+01  1.76367E-18
1.51356E+01  1.87532E-18
1.58489E+01  2.07507E-18
1.65959E+01  2.35277E-18
1.73780E+01  2.72897E-18
1.81970E+01  3.26313E-18
1.90546E+01  4.14921E-18
1.99526E+01  7.48482E-18
2.08930E+01  8.43748E-18
2.18776E+01  1.86972E-17
2.29087E+01  2.17263E-17
2.39883E+01  1.20061E-16
2.51189E+01  3.75456E-17
2.63027E+01  4.23361E-17
2.75423E+01  6.12484E-17
2.88403E+01  1.56572E-16
3.01995E+01  1.96480E-16
3.16228E+01  9.01794E-17
3.31131E+01  1.11491E-16
3.46737E+01  4.88561E-17
3.63078E+01  4.05063E-17
3.80189E+01  4.12303E-17
3.98107E+01  4.69300E-17
4.16869E+01  6.83737E-17
4.36516E+01  2.46381E-16
4.57088E+01  1.31438E-16
4.78630E+01  1.54345E-16
5.01187E+01  1.15135E-16
5.24807E+01  1.10872E-16
5.49541E+01  1.03253E-16
5.75440E+01  1.02597E-16
6.02560E+01  1.17706E-16
6.30957E+01  1.78156E-16
6.60693E+01  1.88683E-16
6.91831E+01  1.76644E-16
7.24436E+01  1.88319E-16
7.58578E+01  1.92877E-16
7.94328E+01  2.06617E-16
8.31764E+01  2.24837E-16
8.70963E+01  2.48128E-16
9.12011E+01  2.78540E-16
9.54992E+01  3.18771E-16
1.00000E+02  3.72323E-16
1.04713E+02  4.44105E-16
1.09648E+02  5.39619E-16
1.14815E+02  6.63349E-16
1.20226E+02  8.14703E-16
1.25893E+02  9.89963E-16
1.31826E+02  1.18041E-15
1.38038E+02  1.37865E-15
1.44544E+02  1.57746E-15
1.51356E+02  1.77554E-15
1.58489E+02  1.97499E-15
1.65959E+02  2.17782E-15
1.73780E+02  2.38597E-15
1.81970E+02  2.60166E-15
1.90546E+02  2.82340E-15
1.99526E+02  3.05005E-15
2.08930E+02  3.27628E-15
2.18776E+02  3.50185E-15
2.29087E+02  3.71930E-15
2.39883E+02  3.92298E-15
2.51189E+02  4.10936E-15
2.63027E+02  4.27287E-15
2.75423E+02  4.41283E-15
2.88403E+02  4.51941E-15
3.01995E+02  4.59394E-15
3.16228E+02  4.63267E-15
3.31131E+02  4.64024E-15
3.46737E+02  4.61475E-15
3.63078E+02  4.55714E-15
3.80189E+02  4.47026E-15
3.98107E+02  4.35862E-15
4.16869E+02  4.21944E-15
4.36516E+02  4.07315E-15
4.57088E+02  3.91658E-15
4.78630E+02  3.75984E-15
5.01187E+02  3.61689E-15
5.24807E+02  3.46975E-15
5.49541E+02  3.24456E-15
5.75440E+02  2.96368E-15
6.02560E+02  2.69378E-15
6.30957E+02  2.44902E-15
6.60693E+02  2.22444E-15
6.91831E+02  2.01363E-15
7.24436E+02  1.81810E-15
7.58577E+02  1.63563E-15
7.94328E+02  1.46611E-15
8.31763E+02  1.31048E-15
8.70963E+02  1.16659E-15
9.12011E+02  1.03563E-15
9.54993E+02  9.14201E-16
1.00000E+03  7.98887E-16
1.04713E+03  6.95613E-16
1.09648E+03  6.05004E-16
1.14815E+03  5.25050E-16
1.20226E+03  4.55371E-16
1.25893E+03  3.94528E-16
1.31826E+03  3.41353E-16
1.38038E+03  2.94860E-16
1.44544E+03  2.54750E-16
1.51356E+03  2.19878E-16
1.58489E+03  1.89627E-16
1.65959E+03  1.63567E-16
1.73780E+03  1.41061E-16
1.81970E+03  1.21581E-16
1.90546E+03  1.04826E-16
1.99526E+03  9.03681E-17
2.08930E+03  7.79141E-17
2.18776E+03  6.72117E-17
2.29087E+03  5.79803E-17
2.39883E+03  5.00326E-17
2.51189E+03  4.32138E-17
2.63027E+03  3.74037E-17
2.75423E+03  3.23466E-17
2.88403E+03  2.80123E-17
3.01995E+03  2.42844E-17
3.16228E+03  2.10735E-17
3.31131E+03  1.83062E-17
3.46737E+03  1.59178E-17
3.63078E+03  1.38634E-17
3.80189E+03  1.20984E-17
3.98107E+03  1.05970E-17
4.16869E+03  9.28178E-18
4.36516E+03  8.18609E-18
4.57088E+03  7.22708E-18
4.78630E+03  6.41773E-18
5.01187E+03  5.72603E-18
5.24807E+03  5.13733E-18
5.49541E+03  4.63181E-18
5.75440E+03  4.20791E-18
6.02560E+03  3.84250E-18
6.30957E+03  3.53530E-18
6.60693E+03  3.27723E-18
6.91831E+03  3.05741E-18
7.24436E+03  2.87426E-18
7.58577E+03  2.72006E-18
7.94328E+03  2.59174E-18
8.31763E+03  2.48620E-18
8.70963E+03  2.39879E-18
9.12010E+03  2.32824E-18
9.54993E+03  2.27161E-18
