#column 1 : lambda in microns
#column 2 : snu_eff in Jy / Lsun (in the cosmo of Planck 2013 XXX)
1.00000E+00  5.42503E-38
1.04713E+00  1.68306E-37
1.09648E+00  5.23083E-37
1.14815E+00  1.62854E-36
1.20226E+00  5.07889E-36
1.25893E+00  1.58656E-35
1.31826E+00  4.96411E-35
1.38038E+00  1.55560E-34
1.44544E+00  4.88206E-34
1.51356E+00  1.53436E-33
1.58489E+00  4.82888E-33
1.65959E+00  1.52172E-32
1.73780E+00  4.80134E-32
1.81970E+00  1.51671E-31
1.90546E+00  4.79656E-31
1.99526E+00  1.51851E-30
2.08930E+00  4.81212E-30
2.18776E+00  1.52639E-29
2.29087E+00  4.84593E-29
2.39883E+00  1.53975E-28
2.51189E+00  4.89620E-28
2.63027E+00  1.55806E-27
2.75423E+00  4.96140E-27
2.88403E+00  1.58088E-26
3.01995E+00  5.04021E-26
3.16228E+00  1.60782E-25
3.31131E+00  5.13154E-25
3.46737E+00  1.63856E-24
3.63078E+00  5.23445E-24
3.80189E+00  1.67284E-23
3.98107E+00  5.34814E-23
4.16869E+00  1.71042E-22
4.36516E+00  5.47195E-22
4.57088E+00  1.75110E-21
4.78630E+00  5.60535E-21
5.01187E+00  1.79475E-20
5.24807E+00  5.77560E-20
5.49541E+00  1.55203E-19
5.75440E+00  7.86610E-20
6.02560E+00  7.69093E-20
6.30957E+00  1.20032E-19
6.60693E+00  1.77226E-19
6.91831E+00  1.48919E-19
7.24436E+00  1.28980E-19
7.58578E+00  1.26625E-19
7.94328E+00  1.32558E-19
8.31764E+00  1.42839E-19
8.70964E+00  1.55219E-19
9.12011E+00  1.67095E-19
9.54992E+00  1.70649E-19
1.00000E+01  1.73173E-19
1.04713E+01  2.14170E-19
1.09648E+01  2.47403E-19
1.14815E+01  2.77366E-19
1.20226E+01  3.07584E-19
1.25893E+01  3.39967E-19
1.31826E+01  3.75889E-19
1.38038E+01  4.17300E-19
1.44544E+01  4.67259E-19
1.51356E+01  5.40092E-19
1.58489E+01  6.99675E-19
1.65959E+01  1.77284E-18
1.73780E+01  6.06365E-18
1.81970E+01  1.10456E-18
1.90546E+01  9.27764E-19
1.99526E+01  9.57065E-19
2.08930E+01  1.04874E-18
2.18776E+01  1.18390E-18
2.29087E+01  1.36632E-18
2.39883E+01  1.61755E-18
2.51189E+01  1.98780E-18
2.63027E+01  2.75669E-18
2.75423E+01  5.33466E-18
2.88403E+01  5.91099E-18
3.01995E+01  9.09739E-18
3.16228E+01  2.71995E-17
3.31131E+01  2.67182E-17
3.46737E+01  2.23409E-17
3.63078E+01  2.51437E-17
3.80189E+01  4.85949E-17
3.98107E+01  1.09370E-16
4.16869E+01  6.93937E-17
4.36516E+01  4.80644E-17
4.57088E+01  3.83254E-17
4.78630E+01  2.38721E-17
5.01187E+01  2.29323E-17
5.24807E+01  2.47885E-17
5.49541E+01  3.04377E-17
5.75440E+01  7.28559E-17
6.02560E+01  6.99640E-17
6.30957E+01  7.30108E-17
6.60693E+01  9.12648E-17
6.91831E+01  6.39416E-17
7.24436E+01  5.68783E-17
7.58578E+01  5.66601E-17
7.94328E+01  6.27152E-17
8.31764E+01  7.56942E-17
8.70963E+01  1.00524E-16
9.12011E+01  1.05245E-16
9.54992E+01  1.04427E-16
1.00000E+02  1.12468E-16
1.04713E+02  1.19499E-16
1.09648E+02  1.29843E-16
1.14815E+02  1.43216E-16
1.20226E+02  1.60261E-16
1.25893E+02  1.83005E-16
1.31826E+02  2.13403E-16
1.38038E+02  2.54606E-16
1.44544E+02  3.10595E-16
1.51356E+02  3.84833E-16
1.58489E+02  4.79428E-16
1.65959E+02  5.91332E-16
1.73780E+02  7.16283E-16
1.81970E+02  8.46240E-16
1.90546E+02  9.73128E-16
1.99526E+02  1.09505E-15
2.08930E+02  1.21080E-15
2.18776E+02  1.32173E-15
2.29087E+02  1.42971E-15
2.39883E+02  1.53686E-15
2.51189E+02  1.64298E-15
2.63027E+02  1.74769E-15
2.75423E+02  1.84889E-15
2.88403E+02  1.94269E-15
3.01995E+02  2.03133E-15
3.16228E+02  2.11304E-15
3.31131E+02  2.17909E-15
3.46737E+02  2.23209E-15
3.63078E+02  2.26840E-15
3.80189E+02  2.29269E-15
3.98107E+02  2.29806E-15
4.16869E+02  2.28975E-15
4.36516E+02  2.26081E-15
4.57088E+02  2.21695E-15
4.78630E+02  2.16170E-15
5.01187E+02  2.09570E-15
5.24807E+02  2.01611E-15
5.49541E+02  1.93171E-15
5.75440E+02  1.83974E-15
6.02560E+02  1.74823E-15
6.30957E+02  1.65546E-15
6.60693E+02  1.56992E-15
6.91831E+02  1.49004E-15
7.24436E+02  1.39848E-15
7.58577E+02  1.27379E-15
7.94328E+02  1.14884E-15
8.31763E+02  1.03457E-15
8.70963E+02  9.30759E-16
9.12011E+02  8.36447E-16
9.54993E+02  7.50105E-16
1.00000E+03  6.69843E-16
1.04713E+03  5.97036E-16
1.09648E+03  5.30455E-16
1.14815E+03  4.69414E-16
1.20226E+03  4.14569E-16
1.25893E+03  3.64885E-16
1.31826E+03  3.18519E-16
1.38038E+03  2.76023E-16
1.44544E+03  2.38892E-16
1.51356E+03  2.06517E-16
1.58489E+03  1.78108E-16
1.65959E+03  1.53771E-16
1.73780E+03  1.32511E-16
1.81970E+03  1.14090E-16
1.90546E+03  9.81848E-17
1.99526E+03  8.45152E-17
2.08930E+03  7.26870E-17
2.18776E+03  6.24951E-17
2.29087E+03  5.37605E-17
2.39883E+03  4.62255E-17
2.51189E+03  3.97827E-17
2.63027E+03  3.42207E-17
2.75423E+03  2.94556E-17
2.88403E+03  2.53597E-17
3.01995E+03  2.18584E-17
3.16228E+03  1.88624E-17
3.31131E+03  1.62591E-17
3.46737E+03  1.40629E-17
3.63078E+03  1.21718E-17
3.80189E+03  1.05468E-17
3.98107E+03  9.15457E-18
4.16869E+03  7.95630E-18
4.36516E+03  6.92793E-18
4.57088E+03  6.04101E-18
4.78630E+03  5.28031E-18
5.01187E+03  4.62756E-18
5.24807E+03  4.06654E-18
5.49541E+03  3.59502E-18
5.75440E+03  3.18643E-18
6.02560E+03  2.83652E-18
6.30957E+03  2.53818E-18
6.60693E+03  2.28895E-18
6.91831E+03  2.07487E-18
7.24436E+03  1.89476E-18
7.58577E+03  1.74117E-18
7.94328E+03  1.61325E-18
8.31763E+03  1.50501E-18
8.70963E+03  1.41436E-18
9.12010E+03  1.33998E-18
9.54993E+03  1.27863E-18
