#column 1 : lambda in microns
#column 2 : snu_eff in Jy / Lsun (in the cosmo of Planck 2013 XXX)
1.00000E+00  7.61458E-32
1.04713E+00  2.40542E-31
1.09648E+00  7.60359E-31
1.14815E+00  2.40499E-30
1.20226E+00  7.61142E-30
1.25893E+00  2.41026E-29
1.31826E+00  7.63655E-29
1.38038E+00  2.42078E-28
1.44544E+00  7.67766E-28
1.51356E+00  2.43616E-27
1.58489E+00  7.73354E-27
1.65959E+00  2.45607E-26
1.73780E+00  7.80333E-26
1.81970E+00  2.48022E-25
1.90546E+00  7.88617E-25
1.99526E+00  2.50840E-24
2.08930E+00  7.98138E-24
2.18776E+00  2.54040E-23
2.29087E+00  8.08845E-23
2.39883E+00  2.57608E-22
2.51189E+00  8.20689E-22
2.63027E+00  2.61529E-21
2.75423E+00  8.33638E-21
2.88403E+00  2.65794E-20
3.01995E+00  8.47661E-20
3.16228E+00  2.85765E-19
3.31131E+00  4.55669E-19
3.46737E+00  2.59885E-19
3.63078E+00  2.93194E-19
3.80189E+00  4.85474E-19
3.98107E+00  6.14416E-19
4.16869E+00  4.98909E-19
4.36516E+00  4.48502E-19
4.57088E+00  4.49969E-19
4.78630E+00  4.75672E-19
5.01187E+00  5.14649E-19
5.24807E+00  5.59076E-19
5.49541E+00  5.97832E-19
5.75440E+00  5.95292E-19
6.02560E+00  6.44534E-19
6.30957E+00  7.87854E-19
6.60693E+00  8.99333E-19
6.91831E+00  1.00349E-18
7.24436E+00  1.11116E-18
7.58578E+00  1.22833E-18
7.94328E+00  1.35750E-18
8.31764E+00  1.50649E-18
8.70964E+00  1.69481E-18
9.12011E+00  1.98536E-18
9.54992E+00  2.74977E-18
1.00000E+01  1.27664E-17
1.04713E+01  9.06479E-18
1.09648E+01  3.52004E-18
1.14815E+01  3.18737E-18
1.20226E+01  3.32991E-18
1.25893E+01  3.64767E-18
1.31826E+01  4.10403E-18
1.38038E+01  4.72168E-18
1.44544E+01  5.58135E-18
1.51356E+01  6.93634E-18
1.58489E+01  1.06131E-17
1.65959E+01  1.56648E-17
1.73780E+01  2.60249E-17
1.81970E+01  3.21125E-17
1.90546E+01  1.71511E-16
1.99526E+01  7.15058E-17
2.08930E+01  7.62189E-17
2.18776E+01  9.45264E-17
2.29087E+01  2.10460E-16
2.39883E+01  3.64319E-16
2.51189E+01  1.85781E-16
2.63027E+01  1.82173E-16
2.75423E+01  1.00764E-16
2.88403E+01  7.33235E-17
3.01995E+01  7.20845E-17
3.16228E+01  7.95858E-17
3.31131E+01  1.05500E-16
3.46737E+01  4.50440E-16
3.63078E+01  2.14445E-16
3.80189E+01  2.37188E-16
3.98107E+01  2.36936E-16
4.16869E+01  2.07898E-16
4.36516E+01  1.82397E-16
4.57088E+01  1.74826E-16
4.78630E+01  1.95696E-16
5.01187E+01  2.49551E-16
5.24807E+01  3.17459E-16
5.49541E+01  3.06939E-16
5.75440E+01  3.08616E-16
6.02560E+01  3.24622E-16
6.30957E+01  3.44941E-16
6.60693E+01  3.73176E-16
6.91831E+01  4.09287E-16
7.24436E+01  4.55463E-16
7.58578E+01  5.15790E-16
7.94328E+01  5.94315E-16
8.31764E+01  6.98275E-16
8.70963E+01  8.34417E-16
9.12011E+01  1.00666E-15
9.54992E+01  1.21816E-15
1.00000E+02  1.46327E-15
1.04713E+02  1.73189E-15
1.09648E+02  2.01370E-15
1.14815E+02  2.30317E-15
1.20226E+02  2.59762E-15
1.25893E+02  2.89934E-15
1.31826E+02  3.21489E-15
1.38038E+02  3.54652E-15
1.44544E+02  3.89752E-15
1.51356E+02  4.27038E-15
1.58489E+02  4.66066E-15
1.65959E+02  5.06339E-15
1.73780E+02  5.47483E-15
1.81970E+02  5.88730E-15
1.90546E+02  6.29246E-15
1.99526E+02  6.67913E-15
2.08930E+02  7.03999E-15
2.18776E+02  7.36548E-15
2.29087E+02  7.65116E-15
2.39883E+02  7.88347E-15
2.51189E+02  8.06149E-15
2.63027E+02  8.18159E-15
2.75423E+02  8.24451E-15
2.88403E+02  8.24931E-15
3.01995E+02  8.19505E-15
3.16228E+02  8.08869E-15
3.31131E+02  7.93163E-15
3.46737E+02  7.73894E-15
3.63078E+02  7.52697E-15
3.80189E+02  7.30672E-15
3.98107E+02  7.09217E-15
4.16869E+02  6.88464E-15
4.36516E+02  6.55377E-15
4.57088E+02  6.05526E-15
4.78630E+02  5.55478E-15
5.01187E+02  5.08711E-15
5.24807E+02  4.65509E-15
5.49541E+02  4.24846E-15
5.75440E+02  3.86816E-15
6.02560E+02  3.50541E-15
6.30957E+02  3.16441E-15
6.60693E+02  2.84812E-15
6.91831E+02  2.55244E-15
7.24436E+02  2.28062E-15
7.58577E+02  2.02790E-15
7.94328E+02  1.78649E-15
8.31763E+02  1.56353E-15
8.70963E+02  1.36578E-15
9.12011E+02  1.19260E-15
9.54993E+02  1.03871E-15
1.00000E+03  9.03342E-16
1.04713E+03  7.84585E-16
1.09648E+03  6.80791E-16
1.14815E+03  5.89880E-16
1.20226E+03  5.10735E-16
1.25893E+03  4.42002E-16
1.31826E+03  3.82128E-16
1.38038E+03  3.30352E-16
1.44544E+03  2.85552E-16
1.51356E+03  2.46604E-16
1.58489E+03  2.13000E-16
1.65959E+03  1.83980E-16
1.73780E+03  1.58885E-16
1.81970E+03  1.37249E-16
1.90546E+03  1.18587E-16
1.99526E+03  1.02494E-16
2.08930E+03  8.86873E-17
2.18776E+03  7.67303E-17
2.29087E+03  6.64227E-17
2.39883E+03  5.75540E-17
2.51189E+03  4.98941E-17
2.63027E+03  4.32693E-17
2.75423E+03  3.75550E-17
2.88403E+03  3.26198E-17
3.01995E+03  2.83625E-17
3.16228E+03  2.47336E-17
3.31131E+03  2.15854E-17
3.46737E+03  1.88958E-17
3.63078E+03  1.65739E-17
3.80189E+03  1.46210E-17
3.98107E+03  1.29158E-17
4.16869E+03  1.14763E-17
4.36516E+03  1.02389E-17
4.57088E+03  9.18402E-18
4.78630E+03  8.29005E-18
5.01187E+03  7.52058E-18
5.24807E+03  6.87200E-18
5.49541E+03  6.32063E-18
5.75440E+03  5.85802E-18
6.02560E+03  5.46225E-18
6.30957E+03  5.12897E-18
6.60693E+03  4.85144E-18
6.91831E+03  4.61823E-18
7.24436E+03  4.42539E-18
7.58577E+03  4.26668E-18
7.94328E+03  4.13769E-18
8.31763E+03  4.03335E-18
8.70963E+03  3.95113E-18
9.12010E+03  3.88861E-18
9.54993E+03  3.84171E-18
