#column 1 : lambda in microns
#column 2 : snu_eff in Jy / Lsun (in the cosmo of Planck 2013 XXX)
1.00000E+00  2.14996E-34
1.04713E+00  6.79156E-34
1.09648E+00  2.14750E-33
1.14815E+00  6.79673E-33
1.20226E+00  2.15303E-32
1.25893E+00  6.82595E-32
1.31826E+00  2.16582E-31
1.38038E+00  6.87712E-31
1.44544E+00  2.18524E-30
1.51356E+00  6.94834E-30
1.58489E+00  2.21074E-29
1.65959E+00  7.03809E-29
1.73780E+00  2.24189E-28
1.81970E+00  7.14500E-28
1.90546E+00  2.27828E-27
1.99526E+00  7.26797E-27
2.08930E+00  2.31959E-26
2.18776E+00  7.40605E-26
2.29087E+00  2.36555E-25
2.39883E+00  7.55846E-25
2.51189E+00  2.41592E-24
2.63027E+00  7.72453E-24
2.75423E+00  2.47055E-23
2.88403E+00  7.90378E-23
3.01995E+00  2.52925E-22
3.16228E+00  8.09578E-22
3.31131E+00  2.59194E-21
3.46737E+00  8.30014E-21
3.63078E+00  2.65851E-20
3.80189E+00  8.51674E-20
3.98107E+00  3.07188E-19
4.16869E+00  1.73270E-19
4.36516E+00  1.45392E-19
4.57088E+00  2.06654E-19
4.78630E+00  3.40336E-19
5.01187E+00  3.12777E-19
5.24807E+00  2.61147E-19
5.49541E+00  2.50264E-19
5.75440E+00  2.58914E-19
6.02560E+00  2.77631E-19
6.30957E+00  3.01405E-19
6.60693E+00  3.26277E-19
6.91831E+00  3.40158E-19
7.24436E+00  3.32314E-19
7.58578E+00  4.05183E-19
7.94328E+00  4.75844E-19
8.31764E+00  5.35010E-19
8.70964E+00  5.93960E-19
9.12011E+00  6.56880E-19
9.54992E+00  7.26302E-19
1.00000E+01  8.04419E-19
1.04713E+01  8.97269E-19
1.09648E+01  1.02421E-18
1.14815E+01  1.26505E-18
1.20226E+01  2.33308E-18
1.25893E+01  5.41223E-17
1.31826E+01  2.49632E-18
1.38038E+01  1.83345E-18
1.44544E+01  1.82942E-18
1.51356E+01  1.97071E-18
1.58489E+01  2.19445E-18
1.65959E+01  2.50180E-18
1.73780E+01  2.92134E-18
1.81970E+01  3.52942E-18
1.90546E+01  4.63326E-18
1.99526E+01  1.01117E-17
2.08930E+01  9.33132E-18
2.18776E+01  1.89626E-17
2.29087E+01  3.10267E-17
2.39883E+01  8.12060E-17
2.51189E+01  4.03337E-17
2.63027E+01  4.45017E-17
2.75423E+01  7.54138E-17
2.88403E+01  2.03960E-16
3.01995E+01  1.71904E-16
3.16228E+01  8.80895E-17
3.31131E+01  9.64915E-17
3.46737E+01  4.59150E-17
3.63078E+01  4.13113E-17
3.80189E+01  4.32507E-17
3.98107E+01  5.10298E-17
4.16869E+01  8.86728E-17
4.36516E+01  1.72788E-16
4.57088E+01  1.43385E-16
4.78630E+01  1.85547E-16
5.01187E+01  1.12247E-16
5.24807E+01  1.04671E-16
5.49541E+01  1.01734E-16
5.75440E+01  1.08184E-16
6.02560E+01  1.27316E-16
6.30957E+01  1.75793E-16
6.60693E+01  1.99496E-16
6.91831E+01  1.79198E-16
7.24436E+01  1.94607E-16
7.58578E+01  2.00958E-16
7.94328E+01  2.16315E-16
8.31764E+01  2.36216E-16
8.70963E+01  2.61344E-16
9.12011E+01  2.94865E-16
9.54992E+01  3.39021E-16
1.00000E+02  3.97973E-16
1.04713E+02  4.76987E-16
1.09648E+02  5.81112E-16
1.14815E+02  7.14247E-16
1.20226E+02  8.75418E-16
1.25893E+02  1.05853E-15
1.31826E+02  1.25527E-15
1.38038E+02  1.45669E-15
1.44544E+02  1.65930E-15
1.51356E+02  1.86170E-15
1.58489E+02  2.06552E-15
1.65959E+02  2.27426E-15
1.73780E+02  2.48960E-15
1.81970E+02  2.71282E-15
1.90546E+02  2.94230E-15
1.99526E+02  3.17624E-15
2.08930E+02  3.41105E-15
2.18776E+02  3.64057E-15
2.29087E+02  3.86068E-15
2.39883E+02  4.07096E-15
2.51189E+02  4.25794E-15
2.63027E+02  4.42455E-15
2.75423E+02  4.56220E-15
2.88403E+02  4.66677E-15
3.01995E+02  4.73528E-15
3.16228E+02  4.77154E-15
3.31131E+02  4.77161E-15
3.46737E+02  4.74193E-15
3.63078E+02  4.67516E-15
3.80189E+02  4.58247E-15
3.98107E+02  4.46103E-15
4.16869E+02  4.31697E-15
4.36516E+02  4.16391E-15
4.57088E+02  4.00536E-15
4.78630E+02  3.84878E-15
5.01187E+02  3.70360E-15
5.24807E+02  3.53858E-15
5.49541E+02  3.28490E-15
5.75440E+02  2.99710E-15
6.02560E+02  2.72680E-15
6.30957E+02  2.48044E-15
6.60693E+02  2.25062E-15
6.91831E+02  2.03741E-15
7.24436E+02  1.83634E-15
7.58577E+02  1.65170E-15
7.94328E+02  1.47977E-15
8.31763E+02  1.32201E-15
8.70963E+02  1.17670E-15
9.12011E+02  1.04391E-15
9.54993E+02  9.19396E-16
1.00000E+03  8.02002E-16
1.04713E+03  6.98192E-16
1.09648E+03  6.07253E-16
1.14815E+03  5.27372E-16
1.20226E+03  4.57080E-16
1.25893E+03  3.95678E-16
1.31826E+03  3.42174E-16
1.38038E+03  2.95970E-16
1.44544E+03  2.55600E-16
1.51356E+03  2.20552E-16
1.58489E+03  1.90354E-16
1.65959E+03  1.64150E-16
1.73780E+03  1.41571E-16
1.81970E+03  1.22032E-16
1.90546E+03  1.05204E-16
1.99526E+03  9.06870E-17
2.08930E+03  7.81802E-17
2.18776E+03  6.74485E-17
2.29087E+03  5.82191E-17
2.39883E+03  5.02675E-17
2.51189E+03  4.34213E-17
2.63027E+03  3.75594E-17
2.75423E+03  3.25124E-17
2.88403E+03  2.81646E-17
3.01995E+03  2.44160E-17
3.16228E+03  2.11957E-17
3.31131E+03  1.84130E-17
3.46737E+03  1.60119E-17
3.63078E+03  1.39500E-17
3.80189E+03  1.21804E-17
3.98107E+03  1.06606E-17
4.16869E+03  9.35389E-18
4.36516E+03  8.24798E-18
4.57088E+03  7.29332E-18
4.78630E+03  6.48594E-18
5.01187E+03  5.78557E-18
5.24807E+03  5.19368E-18
5.49541E+03  4.68820E-18
5.75440E+03  4.26680E-18
6.02560E+03  3.90139E-18
6.30957E+03  3.59476E-18
6.60693E+03  3.33376E-18
6.91831E+03  3.11453E-18
7.24436E+03  2.92886E-18
7.58577E+03  2.77538E-18
7.94328E+03  2.64736E-18
8.31763E+03  2.54235E-18
8.70963E+03  2.45548E-18
9.12010E+03  2.38493E-18
9.54993E+03  2.32901E-18
