#column 1 : lambda in microns
#column 2 : snu_eff in Jy / Lsun (in the cosmo of Planck 2013 XXX)
1.00000E+00  4.04760E-31
1.04713E+00  1.27586E-30
1.09648E+00  4.02412E-30
1.14815E+00  1.26997E-29
1.20226E+00  4.01017E-29
1.25893E+00  1.26698E-28
1.31826E+00  4.00504E-28
1.38038E+00  1.26668E-27
1.44544E+00  4.00811E-27
1.51356E+00  1.26888E-26
1.58489E+00  4.01883E-26
1.65959E+00  1.27343E-25
1.73780E+00  4.03679E-25
1.81970E+00  1.28020E-24
1.90546E+00  4.06159E-24
1.99526E+00  1.28909E-23
2.08930E+00  4.09292E-23
2.18776E+00  1.30000E-22
2.29087E+00  4.13053E-22
2.39883E+00  1.31285E-21
2.51189E+00  4.17419E-21
2.63027E+00  1.32760E-20
2.75423E+00  4.22375E-20
2.88403E+00  1.34418E-19
3.01995E+00  4.86586E-19
3.16228E+00  4.32943E-19
3.31131E+00  3.01976E-19
3.46737E+00  3.84186E-19
3.63078E+00  6.55657E-19
3.80189E+00  6.96704E-19
3.98107E+00  5.67836E-19
4.16869E+00  5.28214E-19
4.36516E+00  5.39200E-19
4.57088E+00  5.74848E-19
4.78630E+00  6.23385E-19
5.01187E+00  6.75998E-19
5.24807E+00  7.15611E-19
5.49541E+00  6.98827E-19
5.75440E+00  8.10189E-19
6.02560E+00  9.69845E-19
6.30957E+00  1.09722E-18
6.60693E+00  1.22074E-18
6.91831E+00  1.35052E-18
7.24436E+00  1.49302E-18
7.58578E+00  1.65124E-18
7.94328E+00  1.83552E-18
8.31764E+00  2.07648E-18
8.70964E+00  2.48733E-18
9.12011E+00  3.83846E-18
9.54992E+00  5.64611E-17
1.00000E+01  6.80626E-18
1.04713E+01  3.95127E-18
1.09648E+01  3.78661E-18
1.14815E+01  4.01715E-18
1.20226E+01  4.43345E-18
1.25893E+01  5.01164E-18
1.31826E+01  5.79714E-18
1.38038E+01  6.91395E-18
1.44544E+01  8.78001E-18
1.51356E+01  1.58843E-17
1.58489E+01  1.78701E-17
1.65959E+01  3.97792E-17
1.73780E+01  4.61767E-17
1.81970E+01  2.56451E-16
1.90546E+01  7.97725E-17
1.99526E+01  8.98685E-17
2.08930E+01  1.30061E-16
2.18776E+01  3.33065E-16
2.29087E+01  4.17649E-16
2.39883E+01  1.91097E-16
2.51189E+01  2.36263E-16
2.63027E+01  1.02878E-16
2.75423E+01  8.49407E-17
2.88403E+01  8.61626E-17
3.01995E+01  9.79119E-17
3.16228E+01  1.43046E-16
3.31131E+01  5.20112E-16
3.46737E+01  2.75429E-16
3.63078E+01  3.22841E-16
3.80189E+01  2.39088E-16
3.98107E+01  2.29027E-16
4.16869E+01  2.11935E-16
4.36516E+01  2.09375E-16
4.57088E+01  2.39201E-16
4.78630E+01  3.61504E-16
5.01187E+01  3.80984E-16
5.24807E+01  3.54499E-16
5.49541E+01  3.76464E-16
5.75440E+01  3.84060E-16
6.02560E+01  4.10011E-16
6.30957E+01  4.44631E-16
6.60693E+01  4.88509E-16
6.91831E+01  5.45633E-16
7.24436E+01  6.19888E-16
7.58578E+01  7.16796E-16
7.94328E+01  8.43508E-16
8.31764E+01  1.00763E-15
8.70963E+01  1.21477E-15
9.12011E+01  1.46245E-15
9.54992E+01  1.74438E-15
1.00000E+02  2.04911E-15
1.04713E+02  2.36816E-15
1.09648E+02  2.69376E-15
1.14815E+02  3.02685E-15
1.20226E+02  3.37348E-15
1.25893E+02  3.73714E-15
1.31826E+02  4.12320E-15
1.38038E+02  4.53597E-15
1.44544E+02  4.97303E-15
1.51356E+02  5.43388E-15
1.58489E+02  5.91050E-15
1.65959E+02  6.39822E-15
1.73780E+02  6.88899E-15
1.81970E+02  7.36829E-15
1.90546E+02  7.83000E-15
1.99526E+02  8.26161E-15
2.08930E+02  8.65361E-15
2.18776E+02  8.99750E-15
2.29087E+02  9.27930E-15
2.39883E+02  9.49612E-15
2.51189E+02  9.64874E-15
2.63027E+02  9.73289E-15
2.75423E+02  9.74835E-15
2.88403E+02  9.69340E-15
3.01995E+02  9.57884E-15
3.16228E+02  9.40153E-15
3.31131E+02  9.19163E-15
3.46737E+02  8.95579E-15
3.63078E+02  8.71004E-15
3.80189E+02  8.48317E-15
3.98107E+02  8.23855E-15
4.16869E+02  7.79173E-15
4.36516E+02  7.19092E-15
4.57088E+02  6.59996E-15
4.78630E+02  6.05728E-15
5.01187E+02  5.55250E-15
5.24807E+02  5.07143E-15
5.49541E+02  4.61888E-15
5.75440E+02  4.18997E-15
6.02560E+02  3.78567E-15
6.30957E+02  3.40958E-15
6.60693E+02  3.05771E-15
6.91831E+02  2.73359E-15
7.24436E+02  2.42904E-15
7.58577E+02  2.13623E-15
7.94328E+02  1.87146E-15
8.31763E+02  1.63712E-15
8.70963E+02  1.42871E-15
9.12011E+02  1.24545E-15
9.54993E+02  1.08408E-15
1.00000E+03  9.42245E-16
1.04713E+03  8.17524E-16
1.09648E+03  7.09111E-16
1.14815E+03  6.14402E-16
1.20226E+03  5.31762E-16
1.25893E+03  4.60182E-16
1.31826E+03  3.98073E-16
1.38038E+03  3.44086E-16
1.44544E+03  2.97409E-16
1.51356E+03  2.56972E-16
1.58489E+03  2.22012E-16
1.65959E+03  1.91850E-16
1.73780E+03  1.65755E-16
1.81970E+03  1.43280E-16
1.90546E+03  1.23849E-16
1.99526E+03  1.07220E-16
2.08930E+03  9.27805E-17
2.18776E+03  8.03305E-17
2.29087E+03  6.96034E-17
2.39883E+03  6.03395E-17
2.51189E+03  5.23304E-17
2.63027E+03  4.53994E-17
2.75423E+03  3.94276E-17
2.88403E+03  3.42828E-17
3.01995E+03  2.98999E-17
3.16228E+03  2.60464E-17
3.31131E+03  2.28328E-17
3.46737E+03  2.00103E-17
3.63078E+03  1.76174E-17
3.80189E+03  1.55722E-17
3.98107E+03  1.38258E-17
4.16869E+03  1.23191E-17
4.36516E+03  1.10486E-17
4.57088E+03  9.95055E-18
4.78630E+03  9.02215E-18
5.01187E+03  8.23748E-18
5.24807E+03  7.56540E-18
5.49541E+03  6.99923E-18
5.75440E+03  6.51899E-18
6.02560E+03  6.11366E-18
6.30957E+03  5.77520E-18
6.60693E+03  5.49054E-18
6.91831E+03  5.25450E-18
7.24436E+03  5.05963E-18
7.58577E+03  4.90044E-18
7.94328E+03  4.77222E-18
8.31763E+03  4.67090E-18
8.70963E+03  4.59192E-18
9.12010E+03  4.53299E-18
9.54993E+03  4.49156E-18
