#column 1 : lambda in microns
#column 2 : snu_eff in Jy / Lsun (in the cosmo of Planck 2013 XXX)
1.00000E+00  1.49035E-31
1.04713E+00  4.70277E-31
1.09648E+00  1.48489E-30
1.14815E+00  4.69132E-30
1.20226E+00  1.48302E-29
1.25893E+00  4.69078E-29
1.31826E+00  1.48448E-28
1.38038E+00  4.70034E-28
1.44544E+00  1.48902E-27
1.51356E+00  4.71927E-27
1.58489E+00  1.49641E-26
1.65959E+00  4.74698E-26
1.73780E+00  1.50650E-25
1.81970E+00  4.78295E-25
1.90546E+00  1.51913E-24
1.99526E+00  4.82677E-24
2.08930E+00  1.53418E-23
2.18776E+00  4.87806E-23
2.29087E+00  1.55155E-22
2.39883E+00  4.93656E-22
2.51189E+00  1.57116E-21
2.63027E+00  5.00202E-21
2.75423E+00  1.59294E-20
2.88403E+00  5.07427E-20
3.01995E+00  1.61684E-19
3.16228E+00  5.80612E-19
3.31131E+00  3.28279E-19
3.46737E+00  2.75924E-19
3.63078E+00  3.91709E-19
3.80189E+00  6.44337E-19
3.98107E+00  5.92506E-19
4.16869E+00  4.95351E-19
4.36516E+00  4.75129E-19
4.57088E+00  4.91804E-19
4.78630E+00  5.27476E-19
5.01187E+00  5.72717E-19
5.24807E+00  6.19933E-19
5.49541E+00  6.46536E-19
5.75440E+00  6.32139E-19
6.02560E+00  7.70362E-19
6.30957E+00  9.03822E-19
6.60693E+00  1.01585E-18
6.91831E+00  1.12787E-18
7.24436E+00  1.24697E-18
7.58578E+00  1.37845E-18
7.94328E+00  1.52606E-18
8.31764E+00  1.70130E-18
8.70964E+00  1.94077E-18
9.12011E+00  2.39449E-18
9.54992E+00  4.40868E-18
1.00000E+01  1.02088E-16
1.04713E+01  4.71254E-18
1.09648E+01  3.45855E-18
1.14815E+01  3.44544E-18
1.20226E+01  3.70387E-18
1.25893E+01  4.11475E-18
1.31826E+01  4.68028E-18
1.38038E+01  5.45058E-18
1.44544E+01  6.57234E-18
1.51356E+01  8.62233E-18
1.58489E+01  1.88959E-17
1.65959E+01  1.73788E-17
1.73780E+01  3.54353E-17
1.81970E+01  5.80467E-17
1.90546E+01  1.52182E-16
1.99526E+01  7.53061E-17
2.08930E+01  8.30140E-17
2.18776E+01  1.40822E-16
2.29087E+01  3.81357E-16
2.39883E+01  3.21020E-16
2.51189E+01  1.64057E-16
2.63027E+01  1.79636E-16
2.75423E+01  8.49863E-17
2.88403E+01  7.62132E-17
3.01995E+01  7.95750E-17
3.16228E+01  9.38203E-17
3.31131E+01  1.63720E-16
3.46737E+01  3.19905E-16
3.63078E+01  2.64564E-16
3.80189E+01  3.42003E-16
3.98107E+01  2.05220E-16
4.16869E+01  1.90413E-16
4.36516E+01  1.84132E-16
4.57088E+01  1.94959E-16
4.78630E+01  2.28736E-16
5.01187E+01  3.15182E-16
5.24807E+01  3.56256E-16
5.49541E+01  3.18459E-16
5.75440E+01  3.44630E-16
6.02560E+01  3.54823E-16
6.30957E+01  3.80764E-16
6.60693E+01  4.14531E-16
6.91831E+01  4.56971E-16
7.24436E+01  5.13064E-16
7.58578E+01  5.85935E-16
7.94328E+01  6.81551E-16
8.31764E+01  8.06903E-16
8.70963E+01  9.68472E-16
9.12011E+01  1.17044E-15
9.54992E+01  1.41082E-15
1.00000E+02  1.68083E-15
1.04713E+02  1.97002E-15
1.09648E+02  2.26845E-15
1.14815E+02  2.57400E-15
1.20226E+02  2.88638E-15
1.25893E+02  3.20961E-15
1.31826E+02  3.55065E-15
1.38038E+02  3.91114E-15
1.44544E+02  4.29540E-15
1.51356E+02  4.70050E-15
1.58489E+02  5.12414E-15
1.65959E+02  5.56046E-15
1.73780E+02  6.00178E-15
1.81970E+02  6.43938E-15
1.90546E+02  6.86730E-15
1.99526E+02  7.27223E-15
2.08930E+02  7.64854E-15
2.18776E+02  7.98157E-15
2.29087E+02  8.26705E-15
2.39883E+02  8.49475E-15
2.51189E+02  8.66186E-15
2.63027E+02  8.76819E-15
2.75423E+02  8.81618E-15
2.88403E+02  8.79764E-15
3.01995E+02  8.72170E-15
3.16228E+02  8.58668E-15
3.31131E+02  8.40382E-15
3.46737E+02  8.19546E-15
3.63078E+02  7.96849E-15
3.80189E+02  7.74049E-15
3.98107E+02  7.52695E-15
4.16869E+02  7.26816E-15
4.36516E+02  6.80696E-15
4.57088E+02  6.26332E-15
4.78630E+02  5.74297E-15
5.01187E+02  5.26494E-15
5.24807E+02  4.81431E-15
5.49541E+02  4.39083E-15
5.75440E+02  3.98644E-15
6.02560E+02  3.61020E-15
6.30957E+02  3.25611E-15
6.60693E+02  2.92733E-15
6.91831E+02  2.62116E-15
7.24436E+02  2.33911E-15
7.58577E+02  2.07167E-15
7.94328E+02  1.81678E-15
8.31763E+02  1.58950E-15
8.70963E+02  1.38901E-15
9.12011E+02  1.21158E-15
9.54993E+02  1.05458E-15
1.00000E+03  9.16757E-16
1.04713E+03  7.95961E-16
1.09648E+03  6.90775E-16
1.14815E+03  5.98523E-16
1.20226E+03  5.18103E-16
1.25893E+03  4.48461E-16
1.31826E+03  3.87771E-16
1.38038E+03  3.35284E-16
1.44544E+03  2.89646E-16
1.51356E+03  2.50270E-16
1.58489E+03  2.16146E-16
1.65959E+03  1.86659E-16
1.73780E+03  1.61266E-16
1.81970E+03  1.39379E-16
1.90546E+03  1.20457E-16
1.99526E+03  1.04124E-16
2.08930E+03  9.01130E-17
2.18776E+03  7.79917E-17
2.29087E+03  6.75605E-17
2.39883E+03  5.85367E-17
2.51189E+03  5.07628E-17
2.63027E+03  4.40316E-17
2.75423E+03  3.82153E-17
2.88403E+03  3.32077E-17
3.01995E+03  2.88996E-17
3.16228E+03  2.51946E-17
3.31131E+03  2.20010E-17
3.46737E+03  1.92940E-17
3.63078E+03  1.69533E-17
3.80189E+03  1.49637E-17
3.98107E+03  1.32401E-17
4.16869E+03  1.17751E-17
4.36516E+03  1.05236E-17
4.57088E+03  9.47218E-18
4.78630E+03  8.55907E-18
5.01187E+03  7.78894E-18
5.24807E+03  7.13000E-18
5.49541E+03  6.57331E-18
5.75440E+03  6.09814E-18
6.02560E+03  5.70201E-18
6.30957E+03  5.36754E-18
6.60693E+03  5.08919E-18
6.91831E+03  4.85533E-18
7.24436E+03  4.66175E-18
7.58577E+03  4.50307E-18
7.94328E+03  4.37376E-18
8.31763E+03  4.27090E-18
8.70963E+03  4.19037E-18
9.12010E+03  4.12913E-18
9.54993E+03  4.08409E-18
