#column 1 : lambda in microns
#column 2 : snu_eff in Jy / Lsun (in the cosmo of Planck 2013 XXX)
1.00000E+00  2.52660E-23
1.04713E+00  7.90440E-23
1.09648E+00  2.47322E-22
1.14815E+00  7.73964E-22
1.20226E+00  2.42236E-21
1.25893E+00  7.58260E-21
1.31826E+00  2.37387E-20
1.38038E+00  7.43288E-20
1.44544E+00  2.32764E-19
1.51356E+00  7.29007E-19
1.58489E+00  2.28353E-18
1.65959E+00  8.09557E-18
1.73780E+00  4.60721E-18
1.81970E+00  3.89056E-18
1.90546E+00  5.50482E-18
1.99526E+00  9.01902E-18
2.08930E+00  8.31118E-18
2.18776E+00  6.97550E-18
2.29087E+00  6.70749E-18
2.39883E+00  6.95176E-18
2.51189E+00  7.46054E-18
2.63027E+00  8.10218E-18
2.75423E+00  8.77166E-18
2.88403E+00  9.15573E-18
3.01995E+00  8.97176E-18
3.16228E+00  1.09072E-17
3.31131E+00  1.27743E-17
3.46737E+00  1.43460E-17
3.63078E+00  1.59170E-17
3.80189E+00  1.75845E-17
3.98107E+00  1.94198E-17
4.16869E+00  2.14750E-17
4.36516E+00  2.39051E-17
4.57088E+00  2.72152E-17
4.78630E+00  3.34708E-17
5.01187E+00  6.13070E-17
5.24807E+00  1.41315E-15
5.49541E+00  6.52829E-17
5.75440E+00  4.77227E-17
6.02560E+00  4.72355E-17
6.30957E+00  5.03784E-17
6.60693E+00  5.54764E-17
6.91831E+00  6.24973E-17
7.24436E+00  7.21229E-17
7.58578E+00  8.62750E-17
7.94328E+00  1.12876E-16
8.31764E+00  2.51961E-16
8.70964E+00  2.28668E-16
9.12011E+00  4.72930E-16
9.54992E+00  7.78225E-16
1.00000E+01  2.05720E-15
1.04713E+01  1.00295E-15
1.09648E+01  1.10126E-15
1.14815E+01  1.87656E-15
1.20226E+01  5.11367E-15
1.25893E+01  4.28376E-15
1.31826E+01  2.16537E-15
1.38038E+01  2.36717E-15
1.44544E+01  1.08837E-15
1.51356E+01  9.60160E-16
1.58489E+01  9.92001E-16
1.65959E+01  1.16891E-15
1.73780E+01  2.09353E-15
1.81970E+01  4.15751E-15
1.90546E+01  3.39969E-15
1.99526E+01  4.39746E-15
2.08930E+01  2.55500E-15
2.18776E+01  2.33113E-15
2.29087E+01  2.21318E-15
2.39883E+01  2.30788E-15
2.51189E+01  2.68125E-15
2.63027E+01  3.69610E-15
2.75423E+01  4.12034E-15
2.88403E+01  3.57113E-15
3.01995E+01  3.80822E-15
3.16228E+01  3.85590E-15
3.31131E+01  4.08449E-15
3.46737E+01  4.39045E-15
3.63078E+01  4.77587E-15
3.80189E+01  5.28461E-15
3.98107E+01  5.93561E-15
4.16869E+01  6.76846E-15
4.36516E+01  7.82441E-15
4.57088E+01  9.13035E-15
4.78630E+01  1.06911E-14
5.01187E+01  1.24708E-14
5.24807E+01  1.43980E-14
5.49541E+01  1.64218E-14
5.75440E+01  1.85144E-14
6.02560E+01  2.07042E-14
6.30957E+01  2.30365E-14
6.60693E+01  2.55774E-14
6.91831E+01  2.84140E-14
7.24436E+01  3.15805E-14
7.58578E+01  3.51462E-14
7.94328E+01  3.91116E-14
8.31764E+01  4.34908E-14
8.70963E+01  4.82554E-14
9.12011E+01  5.33737E-14
9.54992E+01  5.87711E-14
1.00000E+02  6.43905E-14
1.04713E+02  7.01478E-14
1.09648E+02  7.59197E-14
1.14815E+02  8.15901E-14
1.20226E+02  8.70357E-14
1.25893E+02  9.21355E-14
1.31826E+02  9.67617E-14
1.38038E+02  1.00902E-13
1.44544E+02  1.04442E-13
1.51356E+02  1.07297E-13
1.58489E+02  1.09450E-13
1.65959E+02  1.10831E-13
1.73780E+02  1.11548E-13
1.81970E+02  1.11775E-13
1.90546E+02  1.11664E-13
1.99526E+02  1.11414E-13
2.08930E+02  1.11279E-13
2.18776E+02  1.10278E-13
2.29087E+02  1.05669E-13
2.39883E+02  9.92639E-14
2.51189E+02  9.28775E-14
2.63027E+02  8.68395E-14
2.75423E+02  8.09609E-14
2.88403E+02  7.52387E-14
3.01995E+02  6.95681E-14
3.16228E+02  6.41072E-14
3.31131E+02  5.87998E-14
3.46737E+02  5.37055E-14
3.63078E+02  4.88328E-14
3.80189E+02  4.42134E-14
3.98107E+02  3.97143E-14
4.16869E+02  3.52944E-14
4.36516E+02  3.12769E-14
4.57088E+02  2.76628E-14
4.78630E+02  2.44030E-14
5.01187E+02  2.14712E-14
5.24807E+02  1.88579E-14
5.49541E+02  1.65313E-14
5.75440E+02  1.44747E-14
6.02560E+02  1.26487E-14
6.30957E+02  1.10377E-14
6.60693E+02  9.62551E-15
6.91831E+02  8.38162E-15
7.24436E+02  7.29376E-15
7.58577E+02  6.33967E-15
7.94328E+02  5.50914E-15
8.31763E+02  4.78259E-15
8.70963E+02  4.14957E-15
9.12011E+02  3.60014E-15
9.54993E+02  3.12362E-15
1.00000E+03  2.70898E-15
1.04713E+03  2.34839E-15
1.09648E+03  2.03698E-15
1.14815E+03  1.76602E-15
1.20226E+03  1.53178E-15
1.25893E+03  1.32788E-15
1.31826E+03  1.15134E-15
1.38038E+03  9.97557E-16
1.44544E+03  8.64195E-16
1.51356E+03  7.48695E-16
1.58489E+03  6.49046E-16
1.65959E+03  5.62789E-16
1.73780E+03  4.88319E-16
1.81970E+03  4.24723E-16
1.90546E+03  3.69678E-16
1.99526E+03  3.22565E-16
2.08930E+03  2.81605E-16
2.18776E+03  2.46608E-16
2.29087E+03  2.16611E-16
2.39883E+03  1.91220E-16
2.51189E+03  1.69076E-16
2.63027E+03  1.50282E-16
2.75423E+03  1.34081E-16
2.88403E+03  1.20296E-16
3.01995E+03  1.08418E-16
3.16228E+03  9.84131E-17
3.31131E+03  8.98550E-17
3.46737E+03  8.26182E-17
3.63078E+03  7.64378E-17
3.80189E+03  7.12019E-17
3.98107E+03  6.67830E-17
4.16869E+03  6.30616E-17
4.36516E+03  5.99594E-17
4.57088E+03  5.73795E-17
4.78630E+03  5.52457E-17
5.01187E+03  5.34860E-17
5.24807E+03  5.20678E-17
5.49541E+03  5.09429E-17
5.75440E+03  5.00787E-17
6.02560E+03  4.94303E-17
6.30957E+03  4.89761E-17
6.60693E+03  4.86923E-17
6.91831E+03  4.85552E-17
7.24436E+03  4.85529E-17
7.58577E+03  4.86683E-17
7.94328E+03  4.88904E-17
8.31763E+03  4.92069E-17
8.70963E+03  4.96096E-17
9.12010E+03  5.00913E-17
9.54993E+03  5.06469E-17
