#column 1 : lambda in microns
#column 2 : snu_eff in Jy / Lsun (in the cosmo of Planck 2013 XXX)
1.00000E+00  5.99859E-35
1.04713E+00  1.89432E-34
1.09648E+00  5.98839E-34
1.14815E+00  1.89493E-33
1.20226E+00  6.00183E-33
1.25893E+00  1.90265E-32
1.31826E+00  6.03667E-32
1.38038E+00  1.91682E-31
1.44544E+00  6.09100E-31
1.51356E+00  1.93687E-30
1.58489E+00  6.16310E-30
1.65959E+00  1.96232E-29
1.73780E+00  6.25163E-29
1.81970E+00  1.99276E-28
1.90546E+00  6.35535E-28
1.99526E+00  2.02784E-27
2.08930E+00  6.47324E-27
2.18776E+00  2.06725E-26
2.29087E+00  6.60446E-26
2.39883E+00  2.11077E-25
2.51189E+00  6.74829E-25
2.63027E+00  2.15817E-24
2.75423E+00  6.90416E-24
2.88403E+00  2.20931E-23
3.01995E+00  7.07157E-23
3.16228E+00  2.26403E-22
3.31131E+00  7.25015E-22
3.46737E+00  2.32222E-21
3.63078E+00  7.43963E-21
3.80189E+00  2.38384E-20
3.98107E+00  7.63974E-20
4.16869E+00  2.75663E-19
4.36516E+00  1.55450E-19
4.57088E+00  1.30418E-19
4.78630E+00  1.85393E-19
5.01187E+00  3.05340E-19
5.24807E+00  2.80612E-19
5.49541E+00  2.34268E-19
5.75440E+00  2.24487E-19
6.02560E+00  2.32233E-19
6.30957E+00  2.49016E-19
6.60693E+00  2.70336E-19
6.91831E+00  2.92656E-19
7.24436E+00  3.05097E-19
7.58578E+00  2.98042E-19
7.94328E+00  3.63378E-19
8.31764E+00  4.26831E-19
8.70964E+00  4.79925E-19
9.12011E+00  5.32773E-19
9.54992E+00  5.89235E-19
1.00000E+01  6.51501E-19
1.04713E+01  7.21625E-19
1.09648E+01  8.04964E-19
1.14815E+01  9.18909E-19
1.20226E+01  1.13512E-18
1.25893E+01  2.09370E-18
1.31826E+01  4.85754E-17
1.38038E+01  2.24037E-18
1.44544E+01  1.64552E-18
1.51356E+01  1.64207E-18
1.58489E+01  1.76916E-18
1.65959E+01  1.97036E-18
1.73780E+01  2.24657E-18
1.81970E+01  2.62403E-18
1.90546E+01  3.17057E-18
1.99526E+01  4.16224E-18
2.08930E+01  9.08170E-18
2.18776E+01  8.38297E-18
2.29087E+01  1.70318E-17
2.39883E+01  2.78648E-17
2.51189E+01  7.29298E-17
2.63027E+01  3.62312E-17
2.75423E+01  3.99766E-17
2.88403E+01  6.77397E-17
3.01995E+01  1.83199E-16
3.16228E+01  1.54416E-16
3.31131E+01  7.91449E-17
3.46737E+01  8.66950E-17
3.63078E+01  4.12661E-17
3.80189E+01  3.71358E-17
3.98107E+01  3.88880E-17
4.16869E+01  4.58875E-17
4.36516E+01  7.97329E-17
4.57088E+01  1.55357E-16
4.78630E+01  1.28969E-16
5.01187E+01  1.66935E-16
5.24807E+01  1.01059E-16
5.49541E+01  9.42937E-17
5.75440E+01  9.16981E-17
6.02560E+01  9.75635E-17
6.30957E+01  1.14861E-16
6.60693E+01  1.58680E-16
6.91831E+01  1.80166E-16
7.24436E+01  1.61852E-16
7.58578E+01  1.75834E-16
7.94328E+01  1.81594E-16
8.31764E+01  1.95531E-16
8.70963E+01  2.13587E-16
9.12011E+01  2.36416E-16
9.54992E+01  2.66951E-16
1.00000E+02  3.07316E-16
1.04713E+02  3.61411E-16
1.09648E+02  4.34283E-16
1.14815E+02  5.30761E-16
1.20226E+02  6.54708E-16
1.25893E+02  8.05239E-16
1.31826E+02  9.76578E-16
1.38038E+02  1.16072E-15
1.44544E+02  1.34881E-15
1.51356E+02  1.53714E-15
1.58489E+02  1.72424E-15
1.65959E+02  1.91145E-15
1.73780E+02  2.10184E-15
1.81970E+02  2.29721E-15
1.90546E+02  2.49840E-15
1.99526E+02  2.70408E-15
2.08930E+02  2.91254E-15
2.18776E+02  3.12059E-15
2.29087E+02  3.32222E-15
2.39883E+02  3.51405E-15
2.51189E+02  3.69660E-15
2.63027E+02  3.85608E-15
2.75423E+02  3.99668E-15
2.88403E+02  4.11088E-15
3.01995E+02  4.19401E-15
3.16228E+02  4.24430E-15
3.31131E+02  4.26653E-15
3.46737E+02  4.25596E-15
3.63078E+02  4.21958E-15
3.80189E+02  4.14987E-15
3.98107E+02  4.05846E-15
4.16869E+02  3.94213E-15
4.36516E+02  3.80627E-15
4.57088E+02  3.66332E-15
4.78630E+02  3.51654E-15
5.01187E+02  3.37188E-15
5.24807E+02  3.23829E-15
5.49541E+02  3.08766E-15
5.75440E+02  2.86158E-15
6.02560E+02  2.60653E-15
6.30957E+02  2.36800E-15
6.60693E+02  2.15090E-15
6.91831E+02  1.94876E-15
7.24436E+02  1.76168E-15
7.58577E+02  1.58566E-15
7.94328E+02  1.42444E-15
8.31763E+02  1.27459E-15
8.70963E+02  1.13739E-15
9.12011E+02  1.01128E-15
9.54993E+02  8.96182E-16
1.00000E+03  7.88471E-16
1.04713E+03  6.87138E-16
1.09648E+03  5.97657E-16
1.14815E+03  5.19370E-16
1.20226E+03  4.50704E-16
1.25893E+03  3.90330E-16
1.31826E+03  3.37638E-16
1.38038E+03  2.91763E-16
1.44544E+03  2.52225E-16
1.51356E+03  2.17697E-16
1.58489E+03  1.87739E-16
1.65959E+03  1.61952E-16
1.73780E+03  1.39594E-16
1.81970E+03  1.20340E-16
1.90546E+03  1.03695E-16
1.99526E+03  8.93577E-17
2.08930E+03  7.70047E-17
2.18776E+03  6.63660E-17
2.29087E+03  5.72432E-17
2.39883E+03  4.94006E-17
2.51189E+03  4.26485E-17
2.63027E+03  3.68376E-17
2.75423E+03  3.18634E-17
2.88403E+03  2.75856E-17
3.01995E+03  2.38982E-17
3.16228E+03  2.07212E-17
3.31131E+03  1.79935E-17
3.46737E+03  1.56374E-17
3.63078E+03  1.36047E-17
3.80189E+03  1.18600E-17
3.98107E+03  1.03637E-17
4.16869E+03  9.07845E-18
4.36516E+03  7.97433E-18
4.57088E+03  7.03982E-18
4.78630E+03  6.23363E-18
5.01187E+03  5.55266E-18
5.24807E+03  4.96148E-18
5.49541E+03  4.46279E-18
5.75440E+03  4.03679E-18
6.02560E+03  3.68246E-18
6.30957E+03  3.37529E-18
6.60693E+03  3.11790E-18
6.91831E+03  2.89911E-18
7.24436E+03  2.71564E-18
7.58577E+03  2.56059E-18
7.94328E+03  2.43275E-18
8.31763E+03  2.32649E-18
8.70963E+03  2.23970E-18
9.12010E+03  2.16822E-18
9.54993E+03  2.11047E-18
