#column 1 : lambda in microns
#column 2 : snu_eff in Jy / Lsun (in the cosmo of Planck 2013 XXX)
1.00000E+00  6.30724E-42
1.04713E+00  1.92903E-41
1.09648E+00  5.91362E-41
1.14815E+00  1.81596E-40
1.20226E+00  5.58701E-40
1.25893E+00  1.72216E-39
1.31826E+00  5.31840E-39
1.38038E+00  1.64549E-38
1.44544E+00  5.10040E-38
1.51356E+00  1.58378E-37
1.58489E+00  4.92667E-37
1.65959E+00  1.53519E-36
1.73780E+00  4.79182E-36
1.81970E+00  1.49812E-35
1.90546E+00  4.69113E-35
1.99526E+00  1.47118E-34
2.08930E+00  4.62051E-34
2.18776E+00  1.45319E-33
2.29087E+00  4.57654E-33
2.39883E+00  1.44313E-32
2.51189E+00  4.55615E-32
2.63027E+00  1.44009E-31
2.75423E+00  4.55679E-31
2.88403E+00  1.44335E-30
3.01995E+00  4.57621E-30
3.16228E+00  1.45223E-29
3.31131E+00  4.61251E-29
3.46737E+00  1.46618E-28
3.63078E+00  4.66407E-28
3.80189E+00  1.48472E-27
3.98107E+00  4.72946E-27
4.16869E+00  1.50745E-26
4.36516E+00  4.80752E-26
4.57088E+00  1.53401E-25
4.78630E+00  4.89725E-25
5.01187E+00  1.56413E-24
5.24807E+00  4.99775E-24
5.49541E+00  1.59753E-23
5.75440E+00  5.10837E-23
6.02560E+00  1.63403E-22
6.30957E+00  5.22843E-22
6.60693E+00  1.67344E-21
6.91831E+00  5.35752E-21
7.24436E+00  1.71563E-20
7.58578E+00  6.24874E-20
7.94328E+00  5.55427E-20
8.31764E+00  3.86239E-20
8.70964E+00  4.91652E-20
9.12011E+00  8.40483E-20
9.54992E+00  8.93628E-20
1.00000E+01  7.26763E-20
1.04713E+01  6.74939E-20
1.09648E+01  6.88613E-20
1.14815E+01  7.33800E-20
1.20226E+01  7.95616E-20
1.25893E+01  8.62357E-20
1.31826E+01  9.12161E-20
1.38038E+01  8.90069E-20
1.44544E+01  1.03381E-19
1.51356E+01  1.23894E-19
1.58489E+01  1.40099E-19
1.65959E+01  1.56068E-19
1.73780E+01  1.72727E-19
1.81970E+01  1.90924E-19
1.90546E+01  2.11557E-19
1.99526E+01  2.35221E-19
2.08930E+01  2.66738E-19
2.18776E+01  3.20209E-19
2.29087E+01  4.95268E-19
2.39883E+01  7.28864E-18
2.51189E+01  8.81586E-19
2.63027E+01  5.15300E-19
2.75423E+01  4.97714E-19
2.88403E+01  5.32623E-19
3.01995E+01  5.93413E-19
3.16228E+01  6.77867E-19
3.31131E+01  7.91445E-19
3.46737E+01  9.51929E-19
3.63078E+01  1.21309E-18
3.80189E+01  2.16345E-18
3.98107E+01  2.45188E-18
4.16869E+01  5.35285E-18
4.36516E+01  6.23579E-18
4.57088E+01  3.39090E-17
4.78630E+01  1.07727E-17
5.01187E+01  1.21726E-17
5.24807E+01  1.75751E-17
5.49541E+01  4.46386E-17
5.75440E+01  5.60851E-17
6.02560E+01  2.60161E-17
6.30957E+01  3.21535E-17
6.60693E+01  1.44961E-17
6.91831E+01  1.22596E-17
7.24436E+01  1.25753E-17
7.58578E+01  1.43046E-17
7.94328E+01  2.04635E-17
8.31764E+01  7.09359E-17
8.70963E+01  3.85812E-17
9.12011E+01  4.52542E-17
9.54992E+01  3.42940E-17
1.00000E+02  3.32796E-17
1.04713E+02  3.13549E-17
1.09648E+02  3.15204E-17
1.14815E+02  3.63574E-17
1.20226E+02  5.45046E-17
1.25893E+02  5.82546E-17
1.31826E+02  5.55496E-17
1.38038E+02  5.96803E-17
1.44544E+02  6.17027E-17
1.51356E+02  6.64188E-17
1.58489E+02  7.26481E-17
1.65959E+02  8.07018E-17
1.73780E+02  9.11854E-17
1.81970E+02  1.05258E-16
1.90546E+02  1.24181E-16
1.99526E+02  1.49880E-16
2.08930E+02  1.84473E-16
2.18776E+02  2.29632E-16
2.29087E+02  2.85011E-16
2.39883E+02  3.48880E-16
2.51189E+02  4.17125E-16
2.63027E+02  4.86221E-16
2.75423E+02  5.52840E-16
2.88403E+02  6.16118E-16
3.01995E+02  6.76506E-16
3.16228E+02  7.35261E-16
3.31131E+02  7.92669E-16
3.46737E+02  8.49606E-16
3.63078E+02  9.05801E-16
3.80189E+02  9.60841E-16
3.98107E+02  1.01271E-15
4.16869E+02  1.06300E-15
4.36516E+02  1.10780E-15
4.57088E+02  1.14698E-15
4.78630E+02  1.17921E-15
5.01187E+02  1.20311E-15
5.24807E+02  1.22137E-15
5.49541E+02  1.22737E-15
5.75440E+02  1.22626E-15
6.02560E+02  1.21474E-15
6.30957E+02  1.19671E-15
6.60693E+02  1.17086E-15
6.91831E+02  1.13762E-15
7.24436E+02  1.09927E-15
7.58577E+02  1.05605E-15
7.94328E+02  1.00687E-15
8.31763E+02  9.58993E-16
8.70963E+02  9.08922E-16
9.12011E+02  8.60585E-16
9.54993E+02  8.17534E-16
1.00000E+03  7.74605E-16
1.04713E+03  7.15807E-16
1.09648E+03  6.46624E-16
1.14815E+03  5.81837E-16
1.20226E+03  5.23923E-16
1.25893E+03  4.71508E-16
1.31826E+03  4.23067E-16
1.38038E+03  3.78711E-16
1.44544E+03  3.37942E-16
1.51356E+03  3.00608E-16
1.58489E+03  2.66767E-16
1.65959E+03  2.35746E-16
1.73780E+03  2.07873E-16
1.81970E+03  1.82367E-16
1.90546E+03  1.58403E-16
1.99526E+03  1.37146E-16
2.08930E+03  1.18636E-16
2.18776E+03  1.02383E-16
2.29087E+03  8.83798E-17
2.39883E+03  7.62767E-17
2.51189E+03  6.57241E-17
2.63027E+03  5.65332E-17
2.75423E+03  4.86760E-17
2.88403E+03  4.18659E-17
3.01995E+03  3.59914E-17
3.16228E+03  3.09593E-17
3.31131E+03  2.66319E-17
3.46737E+03  2.28967E-17
3.63078E+03  1.97061E-17
3.80189E+03  1.69593E-17
3.98107E+03  1.46014E-17
4.16869E+03  1.25854E-17
4.36516E+03  1.08454E-17
4.57088E+03  9.34384E-18
4.78630E+03  8.07315E-18
5.01187E+03  6.99853E-18
5.24807E+03  6.05034E-18
5.49541E+03  5.24749E-18
5.75440E+03  4.55703E-18
6.02560E+03  3.96378E-18
6.30957E+03  3.45453E-18
6.60693E+03  3.01639E-18
6.91831E+03  2.63971E-18
7.24436E+03  2.31692E-18
7.58577E+03  2.04269E-18
7.94328E+03  1.80374E-18
8.31763E+03  1.60501E-18
8.70963E+03  1.43158E-18
9.12010E+03  1.28687E-18
9.54993E+03  1.16249E-18
