#column 1 : lambda in microns
#column 2 : snu_eff in Jy / Lsun (in the cosmo of Planck 2013 XXX)
1.00000E+00  1.18764E-28
1.04713E+00  3.73483E-28
1.09648E+00  1.17495E-27
1.14815E+00  3.69763E-27
1.20226E+00  1.16407E-26
1.25893E+00  3.66594E-26
1.31826E+00  1.15488E-25
1.38038E+00  3.63938E-25
1.44544E+00  1.14725E-24
1.51356E+00  3.61759E-24
1.58489E+00  1.14107E-23
1.65959E+00  3.60029E-23
1.73780E+00  1.13628E-22
1.81970E+00  3.58722E-22
1.90546E+00  1.13279E-21
1.99526E+00  3.57816E-21
2.08930E+00  1.13054E-20
2.18776E+00  3.57293E-20
2.29087E+00  1.12947E-19
2.39883E+00  3.57138E-19
2.51189E+00  1.27498E-18
2.63027E+00  7.23046E-19
2.75423E+00  6.09048E-19
2.88403E+00  8.63290E-19
3.01995E+00  1.41751E-18
3.16228E+00  1.30473E-18
3.31131E+00  1.09275E-18
3.46737E+00  1.04937E-18
3.63078E+00  1.08687E-18
3.80189E+00  1.16603E-18
3.98107E+00  1.26622E-18
4.16869E+00  1.37070E-18
4.36516E+00  1.43012E-18
4.57088E+00  1.39980E-18
4.78630E+00  1.70403E-18
5.01187E+00  1.99758E-18
5.24807E+00  2.24430E-18
5.49541E+00  2.49128E-18
5.75440E+00  2.75341E-18
6.02560E+00  3.04248E-18
6.30957E+00  3.36672E-18
6.60693E+00  3.75083E-18
6.91831E+00  4.27517E-18
7.24436E+00  5.26718E-18
7.58578E+00  9.67491E-18
7.94328E+00  2.23542E-16
8.31764E+00  1.03265E-17
8.70964E+00  7.56819E-18
9.12011E+00  7.52018E-18
9.54992E+00  8.05870E-18
1.00000E+01  8.92101E-18
1.04713E+01  1.01085E-17
1.09648E+01  1.17286E-17
1.14815E+01  1.40978E-17
1.20226E+01  1.84743E-17
1.25893E+01  4.07732E-17
1.31826E+01  3.73041E-17
1.38038E+01  7.64834E-17
1.44544E+01  1.25507E-16
1.51356E+01  3.30087E-16
1.58489E+01  1.62384E-16
1.65959E+01  1.78726E-16
1.73780E+01  3.03694E-16
1.81970E+01  8.24358E-16
1.90546E+01  6.92563E-16
1.99526E+01  3.52430E-16
2.08930E+01  3.85643E-16
2.18776E+01  1.80571E-16
2.29087E+01  1.60982E-16
2.39883E+01  1.67389E-16
2.51189E+01  1.97237E-16
2.63027E+01  3.47271E-16
2.75423E+01  6.82323E-16
2.88403E+01  5.61678E-16
3.01995E+01  7.25845E-16
3.16228E+01  4.30149E-16
3.31131E+01  3.96416E-16
3.46737E+01  3.80578E-16
3.63078E+01  4.00573E-16
3.80189E+01  4.68081E-16
3.98107E+01  6.44469E-16
4.16869E+01  7.24518E-16
4.36516E+01  6.40985E-16
4.57088E+01  6.89907E-16
4.78630E+01  7.06180E-16
5.01187E+01  7.54165E-16
5.24807E+01  8.17188E-16
5.49541E+01  8.96295E-16
5.75440E+01  1.00055E-15
6.02560E+01  1.13484E-15
6.30957E+01  1.30876E-15
6.60693E+01  1.53307E-15
6.91831E+01  1.81668E-15
7.24436E+01  2.16409E-15
7.58578E+01  2.57021E-15
7.94328E+01  3.01972E-15
8.31764E+01  3.49763E-15
8.70963E+01  3.99172E-15
9.12011E+01  4.50267E-15
9.54992E+01  5.03403E-15
1.00000E+02  5.59558E-15
1.04713E+02  6.20211E-15
1.09648E+02  6.85737E-15
1.14815E+02  7.57196E-15
1.20226E+02  8.34204E-15
1.25893E+02  9.16532E-15
1.31826E+02  1.00326E-14
1.38038E+02  1.09331E-14
1.44544E+02  1.18499E-14
1.51356E+02  1.27697E-14
1.58489E+02  1.36736E-14
1.65959E+02  1.45418E-14
1.73780E+02  1.53492E-14
1.81970E+02  1.60830E-14
1.90546E+02  1.67204E-14
1.99526E+02  1.72467E-14
2.08930E+02  1.76634E-14
2.18776E+02  1.79643E-14
2.29087E+02  1.81344E-14
2.39883E+02  1.81813E-14
2.51189E+02  1.81003E-14
2.63027E+02  1.79129E-14
2.75423E+02  1.76587E-14
2.88403E+02  1.73563E-14
3.01995E+02  1.70419E-14
3.16228E+02  1.67507E-14
3.31131E+02  1.63457E-14
3.46737E+02  1.54486E-14
3.63078E+02  1.43329E-14
3.80189E+02  1.32483E-14
3.98107E+02  1.22421E-14
4.16869E+02  1.12823E-14
4.36516E+02  1.03684E-14
4.57088E+02  9.48355E-15
4.78630E+02  8.64908E-15
5.01187E+02  7.85423E-15
5.24807E+02  7.10699E-15
5.49541E+02  6.40336E-15
5.75440E+02  5.74848E-15
6.02560E+02  5.12044E-15
6.30957E+02  4.51508E-15
6.60693E+02  3.97076E-15
6.91831E+02  3.48693E-15
7.24436E+02  3.05555E-15
7.58577E+02  2.67137E-15
7.94328E+02  2.33216E-15
8.31763E+02  2.03291E-15
8.70963E+02  1.77063E-15
9.12011E+02  1.53953E-15
9.54993E+02  1.33708E-15
1.00000E+03  1.16090E-15
1.04713E+03  1.00668E-15
1.09648E+03  8.72732E-16
1.14815E+03  7.55823E-16
1.20226E+03  6.54581E-16
1.25893E+03  5.66539E-16
1.31826E+03  4.90192E-16
1.38038E+03  4.24211E-16
1.44544E+03  3.67207E-16
1.51356E+03  3.17767E-16
1.58489E+03  2.74979E-16
1.65959E+03  2.38174E-16
1.73780E+03  2.06244E-16
1.81970E+03  1.78725E-16
1.90546E+03  1.54854E-16
1.99526E+03  1.34243E-16
2.08930E+03  1.16353E-16
2.18776E+03  1.00871E-16
2.29087E+03  8.75079E-17
2.39883E+03  7.59953E-17
2.51189E+03  6.60699E-17
2.63027E+03  5.75044E-17
2.75423E+03  5.02226E-17
2.88403E+03  4.39230E-17
3.01995E+03  3.85502E-17
3.16228E+03  3.38910E-17
3.31131E+03  2.99195E-17
3.46737E+03  2.65223E-17
3.63078E+03  2.36571E-17
3.80189E+03  2.11642E-17
3.98107E+03  1.90550E-17
4.16869E+03  1.72440E-17
4.36516E+03  1.57083E-17
4.57088E+03  1.43910E-17
4.78630E+03  1.32874E-17
5.01187E+03  1.23492E-17
5.24807E+03  1.15616E-17
5.49541E+03  1.08943E-17
5.75440E+03  1.03349E-17
6.02560E+03  9.86939E-18
6.30957E+03  9.48293E-18
6.60693E+03  9.16725E-18
6.91831E+03  8.91148E-18
7.24436E+03  8.70711E-18
7.58577E+03  8.54583E-18
7.94328E+03  8.42420E-18
8.31763E+03  8.33668E-18
8.70963E+03  8.27964E-18
9.12010E+03  8.24802E-18
9.54993E+03  8.23955E-18
