#column 1 : lambda in microns
#column 2 : snu_eff in Jy / Lsun (in the cosmo of Planck 2013 XXX)
1.00000E+00  3.42327E-19
1.04713E+00  1.06900E-18
1.09648E+00  3.33849E-18
1.14815E+00  1.04269E-17
1.20226E+00  3.27286E-17
1.25893E+00  8.68992E-17
1.31826E+00  4.45680E-17
1.38038E+00  4.37585E-17
1.44544E+00  6.78139E-17
1.51356E+00  9.97453E-17
1.58489E+00  8.42173E-17
1.65959E+00  7.33378E-17
1.73780E+00  7.22591E-17
1.81970E+00  7.57443E-17
1.90546E+00  8.16685E-17
1.99526E+00  8.87998E-17
2.08930E+00  9.56644E-17
2.18776E+00  9.78168E-17
2.29087E+00  9.95383E-17
2.39883E+00  1.22470E-16
2.51189E+00  1.41260E-16
2.63027E+00  1.58040E-16
2.75423E+00  1.75034E-16
2.88403E+00  1.93285E-16
3.01995E+00  2.13368E-16
3.16228E+00  2.35966E-16
3.31131E+00  2.63594E-16
3.46737E+00  3.03281E-16
3.63078E+00  3.90310E-16
3.80189E+00  9.80765E-16
3.98107E+00  3.34255E-15
4.16869E+00  6.04656E-16
4.36516E+00  5.01036E-16
4.57088E+00  5.08347E-16
4.78630E+00  5.46274E-16
5.01187E+00  6.03697E-16
5.24807E+00  6.81926E-16
5.49541E+00  7.90730E-16
5.75440E+00  9.56730E-16
6.02560E+00  1.32943E-15
6.30957E+00  2.66830E-15
6.60693E+00  2.90916E-15
6.91831E+00  4.53852E-15
7.24436E+00  1.40927E-14
7.58578E+00  1.36927E-14
7.94328E+00  1.12273E-14
8.31764E+00  1.25342E-14
8.70964E+00  2.45929E-14
9.12011E+00  5.58464E-14
9.54992E+00  3.48029E-14
1.00000E+01  2.36334E-14
1.04713E+01  1.83642E-14
1.09648E+01  1.07007E-14
1.14815E+01  9.91278E-15
1.20226E+01  1.05313E-14
1.25893E+01  1.31042E-14
1.31826E+01  3.46338E-14
1.38038E+01  3.26201E-14
1.44544E+01  3.36060E-14
1.51356E+01  4.20968E-14
1.58489E+01  2.77098E-14
1.65959E+01  2.35184E-14
1.73780E+01  2.25129E-14
1.81970E+01  2.42276E-14
1.90546E+01  2.87499E-14
1.99526E+01  3.80982E-14
2.08930E+01  3.82108E-14
2.18776E+01  3.59156E-14
2.29087E+01  3.74509E-14
2.39883E+01  3.86922E-14
2.51189E+01  4.09783E-14
2.63027E+01  4.40301E-14
2.75423E+01  4.78693E-14
2.88403E+01  5.29035E-14
3.01995E+01  5.93089E-14
3.16228E+01  6.74553E-14
3.31131E+01  7.77138E-14
3.46737E+01  9.01733E-14
3.63078E+01  1.04751E-13
3.80189E+01  1.20905E-13
3.98107E+01  1.38142E-13
4.16869E+01  1.56117E-13
4.36516E+01  1.74781E-13
4.57088E+01  1.94466E-13
4.78630E+01  2.15920E-13
5.01187E+01  2.39939E-13
5.24807E+01  2.67101E-13
5.49541E+01  2.98243E-13
5.75440E+01  3.33636E-13
6.02560E+01  3.73836E-13
6.30957E+01  4.18558E-13
6.60693E+01  4.68038E-13
6.91831E+01  5.21780E-13
7.24436E+01  5.79590E-13
7.58578E+01  6.40309E-13
7.94328E+01  7.03355E-13
8.31764E+01  7.67596E-13
8.70963E+01  8.31892E-13
9.12011E+01  8.94751E-13
9.54992E+01  9.54773E-13
1.00000E+02  1.01099E-12
1.04713E+02  1.06263E-12
1.09648E+02  1.10834E-12
1.14815E+02  1.14738E-12
1.20226E+02  1.17901E-12
1.25893E+02  1.20244E-12
1.31826E+02  1.21930E-12
1.38038E+02  1.23156E-12
1.44544E+02  1.23991E-12
1.51356E+02  1.24767E-12
1.58489E+02  1.25614E-12
1.65959E+02  1.24618E-12
1.73780E+02  1.19346E-12
1.81970E+02  1.12623E-12
1.90546E+02  1.06041E-12
1.99526E+02  9.96396E-13
2.08930E+02  9.33926E-13
2.18776E+02  8.72038E-13
2.29087E+02  8.10055E-13
2.39883E+02  7.49309E-13
2.51189E+02  6.89969E-13
2.63027E+02  6.32035E-13
2.75423E+02  5.76583E-13
2.88403E+02  5.23471E-13
3.01995E+02  4.70867E-13
3.16228E+02  4.19901E-13
3.31131E+02  3.73216E-13
3.46737E+02  3.31038E-13
3.63078E+02  2.92746E-13
3.80189E+02  2.58370E-13
3.98107E+02  2.27421E-13
4.16869E+02  1.99762E-13
4.36516E+02  1.75227E-13
4.57088E+02  1.53493E-13
4.78630E+02  1.34238E-13
5.01187E+02  1.17222E-13
5.24807E+02  1.02301E-13
5.49541E+02  8.91597E-14
5.75440E+02  7.76350E-14
6.02560E+02  6.75349E-14
6.30957E+02  5.87398E-14
6.60693E+02  5.10335E-14
6.91831E+02  4.43152E-14
7.24436E+02  3.84832E-14
7.58577E+02  3.34075E-14
7.94328E+02  2.89959E-14
8.31763E+02  2.51658E-14
8.70963E+02  2.18321E-14
9.12011E+02  1.89450E-14
9.54993E+02  1.64329E-14
1.00000E+03  1.42449E-14
1.04713E+03  1.23419E-14
1.09648E+03  1.06910E-14
1.14815E+03  9.26039E-15
1.20226E+03  8.02154E-15
1.25893E+03  6.96049E-15
1.31826E+03  6.03964E-15
1.38038E+03  5.23883E-15
1.44544E+03  4.55099E-15
1.51356E+03  3.96462E-15
1.58489E+03  3.45233E-15
1.65959E+03  3.01721E-15
1.73780E+03  2.64350E-15
1.81970E+03  2.32336E-15
1.90546E+03  2.04680E-15
1.99526E+03  1.80931E-15
2.08930E+03  1.60721E-15
2.18776E+03  1.43476E-15
2.29087E+03  1.28570E-15
2.39883E+03  1.15945E-15
2.51189E+03  1.05146E-15
2.63027E+03  9.59215E-16
2.75423E+03  8.80735E-16
2.88403E+03  8.14489E-16
3.01995E+03  7.58147E-16
3.16228E+03  7.10859E-16
3.31131E+03  6.70840E-16
3.46737E+03  6.37425E-16
3.63078E+03  6.09467E-16
3.80189E+03  5.86376E-16
3.98107E+03  5.67376E-16
4.16869E+03  5.52020E-16
4.36516E+03  5.39867E-16
4.57088E+03  5.30487E-16
4.78630E+03  5.23467E-16
5.01187E+03  5.18486E-16
5.24807E+03  5.15378E-16
5.49541E+03  5.13850E-16
5.75440E+03  5.13780E-16
6.02560E+03  5.14972E-16
6.30957E+03  5.17308E-16
6.60693E+03  5.20656E-16
6.91831E+03  5.24956E-16
7.24436E+03  5.30100E-16
7.58577E+03  5.36037E-16
7.94328E+03  5.42702E-16
8.31763E+03  5.50052E-16
8.70963E+03  5.58042E-16
9.12010E+03  5.66649E-16
9.54993E+03  5.75844E-16
