#column 1 : lambda in microns
#column 2 : snu_eff in Jy / Lsun (in the cosmo of Planck 2013 XXX)
1.00000E+00  2.17453E-38
1.04713E+00  6.73698E-38
1.09648E+00  2.09098E-37
1.14815E+00  6.50139E-37
1.20226E+00  2.02496E-36
1.25893E+00  6.31773E-36
1.31826E+00  1.97433E-35
1.38038E+00  6.17971E-35
1.44544E+00  1.93724E-34
1.51356E+00  6.08188E-34
1.58489E+00  1.91209E-33
1.65959E+00  6.01957E-33
1.73780E+00  1.89751E-32
1.81970E+00  5.98876E-32
1.90546E+00  1.89233E-31
1.99526E+00  5.98594E-31
2.08930E+00  1.89550E-30
2.18776E+00  6.00815E-30
2.29087E+00  1.90617E-29
2.39883E+00  6.05284E-29
2.51189E+00  1.92358E-28
2.63027E+00  6.11779E-28
2.75423E+00  1.94711E-27
2.88403E+00  6.20115E-27
3.01995E+00  1.97618E-26
3.16228E+00  6.30132E-26
3.31131E+00  2.01034E-25
3.46737E+00  6.41691E-25
3.63078E+00  2.04921E-24
3.80189E+00  6.54682E-24
3.98107E+00  2.09243E-23
4.16869E+00  6.69008E-23
4.36516E+00  2.13973E-22
4.57088E+00  6.84581E-22
4.78630E+00  2.19089E-21
5.01187E+00  7.01348E-21
5.24807E+00  2.24570E-20
5.49541E+00  7.60248E-20
5.75440E+00  1.21339E-19
6.02560E+00  6.90192E-20
6.30957E+00  7.78454E-20
6.60693E+00  1.29109E-19
6.91831E+00  1.63485E-19
7.24436E+00  1.32562E-19
7.58578E+00  1.19014E-19
7.94328E+00  1.19339E-19
8.31764E+00  1.26136E-19
8.70964E+00  1.36467E-19
9.12011E+00  1.48208E-19
9.54992E+00  1.58391E-19
1.00000E+01  1.57604E-19
1.04713E+01  1.70744E-19
1.09648E+01  2.08882E-19
1.14815E+01  2.38593E-19
1.20226E+01  2.66223E-19
1.25893E+01  2.94937E-19
1.31826E+01  3.26187E-19
1.38038E+01  3.60870E-19
1.44544E+01  4.00905E-19
1.51356E+01  4.51548E-19
1.58489E+01  5.30026E-19
1.65959E+01  7.35374E-19
1.73780E+01  3.41617E-18
1.81970E+01  2.42935E-18
1.90546E+01  9.50161E-19
1.99526E+01  8.66440E-19
2.08930E+01  9.12665E-19
2.18776E+01  1.00829E-18
2.29087E+01  1.14543E-18
2.39883E+01  1.32999E-18
2.51189E+01  1.58564E-18
2.63027E+01  1.98097E-18
2.75423E+01  3.01215E-18
2.88403E+01  4.42153E-18
3.01995E+01  7.28465E-18
3.16228E+01  9.00003E-18
3.31131E+01  4.69685E-17
3.46737E+01  1.99017E-17
3.63078E+01  2.13094E-17
3.80189E+01  2.64570E-17
3.98107E+01  5.84430E-17
4.16869E+01  1.01044E-16
4.36516E+01  5.21195E-17
4.57088E+01  5.12890E-17
4.78630E+01  2.90767E-17
5.01187E+01  2.17474E-17
5.24807E+01  2.16722E-17
5.49541E+01  2.40080E-17
5.75440E+01  3.13855E-17
6.02560E+01  1.26667E-16
6.30957E+01  6.20880E-17
6.60693E+01  6.88494E-17
6.91831E+01  6.93306E-17
7.24436E+01  6.17831E-17
7.58578E+01  5.52370E-17
7.94328E+01  5.39008E-17
8.31764E+01  6.09182E-17
8.70963E+01  7.78222E-17
9.12011E+01  9.92478E-17
9.54992E+01  9.78957E-17
1.00000E+02  1.00053E-16
1.04713E+02  1.06350E-16
1.09648E+02  1.13964E-16
1.14815E+02  1.24291E-16
1.20226E+02  1.37519E-16
1.25893E+02  1.54677E-16
1.31826E+02  1.77555E-16
1.38038E+02  2.08169E-16
1.44544E+02  2.49963E-16
1.51356E+02  3.06498E-16
1.58489E+02  3.80289E-16
1.65959E+02  4.73176E-16
1.73780E+02  5.82036E-16
1.81970E+02  7.00287E-16
1.90546E+02  8.21394E-16
1.99526E+02  9.39127E-16
2.08930E+02  1.05156E-15
2.18776E+02  1.15841E-15
2.29087E+02  1.26187E-15
2.39883E+02  1.36259E-15
2.51189E+02  1.46237E-15
2.63027E+02  1.56176E-15
2.75423E+02  1.65864E-15
2.88403E+02  1.75115E-15
3.01995E+02  1.83919E-15
3.16228E+02  1.91971E-15
3.31131E+02  1.99317E-15
3.46737E+02  2.05321E-15
3.63078E+02  2.09879E-15
3.80189E+02  2.12877E-15
3.98107E+02  2.14840E-15
4.16869E+02  2.14699E-15
4.36516E+02  2.13590E-15
4.57088E+02  2.10398E-15
4.78630E+02  2.06218E-15
5.01187E+02  2.00726E-15
5.24807E+02  1.94387E-15
5.49541E+02  1.86758E-15
5.75440E+02  1.78530E-15
6.02560E+02  1.69850E-15
6.30957E+02  1.61197E-15
6.60693E+02  1.52951E-15
6.91831E+02  1.44834E-15
7.24436E+02  1.37453E-15
7.58577E+02  1.28112E-15
7.94328E+02  1.16034E-15
8.31763E+02  1.04661E-15
8.70963E+02  9.41830E-16
9.12011E+02  8.47576E-16
9.54993E+02  7.61098E-16
1.00000E+03  6.82349E-16
1.04713E+03  6.09126E-16
1.09648E+03  5.42013E-16
1.14815E+03  4.81279E-16
1.20226E+03  4.25684E-16
1.25893E+03  3.75757E-16
1.31826E+03  3.30159E-16
1.38038E+03  2.87501E-16
1.44544E+03  2.49074E-16
1.51356E+03  2.15174E-16
1.58489E+03  1.86232E-16
1.65959E+03  1.60532E-16
1.73780E+03  1.38698E-16
1.81970E+03  1.19432E-16
1.90546E+03  1.02835E-16
1.99526E+03  8.84845E-17
2.08930E+03  7.61189E-17
2.18776E+03  6.54878E-17
2.29087E+03  5.62851E-17
2.39883E+03  4.84056E-17
2.51189E+03  4.16474E-17
2.63027E+03  3.58174E-17
2.75423E+03  3.08080E-17
2.88403E+03  2.65418E-17
3.01995E+03  2.28553E-17
3.16228E+03  1.96979E-17
3.31131E+03  1.69920E-17
3.46737E+03  1.46721E-17
3.63078E+03  1.26906E-17
3.80189E+03  1.09902E-17
3.98107E+03  9.51989E-18
4.16869E+03  8.26569E-18
4.36516E+03  7.18760E-18
4.57088E+03  6.25903E-18
4.78630E+03  5.46342E-18
5.01187E+03  4.77812E-18
5.24807E+03  4.19017E-18
5.49541E+03  3.68917E-18
5.75440E+03  3.25907E-18
6.02560E+03  2.89103E-18
6.30957E+03  2.57807E-18
6.60693E+03  2.31443E-18
6.91831E+03  2.08620E-18
7.24436E+03  1.89585E-18
7.58577E+03  1.73275E-18
7.94328E+03  1.59616E-18
8.31763E+03  1.48169E-18
8.70963E+03  1.38454E-18
9.12010E+03  1.30421E-18
9.54993E+03  1.23756E-18
