#column 1 : lambda in microns
#column 2 : snu_eff in Jy / Lsun (in the cosmo of Planck 2013 XXX)
1.00000E+00  4.30199E-43
1.04713E+00  1.31442E-42
1.09648E+00  4.01192E-42
1.14815E+00  1.22670E-41
1.20226E+00  3.75898E-41
1.25893E+00  1.15366E-40
1.31826E+00  3.54779E-40
1.38038E+00  1.09308E-39
1.44544E+00  3.37408E-39
1.51356E+00  1.04344E-38
1.58489E+00  3.23279E-38
1.65959E+00  1.00340E-37
1.73780E+00  3.11993E-37
1.81970E+00  9.71780E-37
1.90546E+00  3.03197E-36
1.99526E+00  9.47535E-36
2.08930E+00  2.96589E-35
2.18776E+00  9.29787E-35
2.29087E+00  2.91912E-34
2.39883E+00  9.17773E-34
2.51189E+00  2.88938E-33
2.63027E+00  9.10827E-33
2.75423E+00  2.87476E-32
2.88403E+00  9.08391E-32
3.01995E+00  2.87358E-31
3.16228E+00  9.09972E-31
3.31131E+00  2.88442E-30
3.46737E+00  9.15147E-30
3.63078E+00  2.90605E-29
3.80189E+00  9.23566E-29
3.98107E+00  2.93742E-28
4.16869E+00  9.34917E-28
4.36516E+00  2.97762E-27
4.57088E+00  9.48932E-27
4.78630E+00  3.02590E-26
5.01187E+00  9.65401E-26
5.24807E+00  3.08159E-25
5.49541E+00  9.84122E-25
5.75440E+00  3.14419E-24
6.02560E+00  1.00494E-23
6.30957E+00  3.21317E-23
6.60693E+00  1.02773E-22
6.91831E+00  3.28819E-22
7.24436E+00  1.05236E-21
7.58578E+00  3.36892E-21
7.94328E+00  1.07876E-20
8.31764E+00  3.65201E-20
8.70964E+00  5.82881E-20
9.12011E+00  3.31550E-20
9.54992E+00  3.73948E-20
1.00000E+01  6.20204E-20
1.04713E+01  7.85338E-20
1.09648E+01  6.36792E-20
1.14815E+01  5.71710E-20
1.20226E+01  5.73274E-20
1.25893E+01  6.05923E-20
1.31826E+01  6.55551E-20
1.38038E+01  7.11952E-20
1.44544E+01  7.60869E-20
1.51356E+01  7.57086E-20
1.58489E+01  8.20210E-20
1.65959E+01  1.00341E-19
1.73780E+01  1.14614E-19
1.81970E+01  1.27887E-19
1.90546E+01  1.41680E-19
1.99526E+01  1.56691E-19
2.08930E+01  1.73352E-19
2.18776E+01  1.92584E-19
2.29087E+01  2.16912E-19
2.39883E+01  2.54610E-19
2.51189E+01  3.53252E-19
2.63027E+01  1.64102E-18
2.75423E+01  1.16700E-18
2.88403E+01  4.56432E-19
3.01995E+01  4.16214E-19
3.16228E+01  4.38419E-19
3.31131E+01  4.84355E-19
3.46737E+01  5.50232E-19
3.63078E+01  6.38892E-19
3.80189E+01  7.61697E-19
3.98107E+01  9.51602E-19
4.16869E+01  1.44696E-18
4.36516E+01  2.12398E-18
4.57088E+01  3.49934E-18
4.78630E+01  4.32337E-18
5.01187E+01  2.25621E-17
5.24807E+01  9.56026E-18
5.49541E+01  1.02364E-17
5.75440E+01  1.27093E-17
6.02560E+01  2.80745E-17
6.30957E+01  4.85387E-17
6.60693E+01  2.50368E-17
6.91831E+01  2.46377E-17
7.24436E+01  1.39676E-17
7.58578E+01  1.04469E-17
7.94328E+01  1.04107E-17
8.31764E+01  1.15328E-17
8.70963E+01  1.50767E-17
9.12011E+01  6.08473E-17
9.54992E+01  2.98254E-17
1.00000E+02  3.30734E-17
1.04713E+02  3.33044E-17
1.09648E+02  2.96789E-17
1.14815E+02  2.65344E-17
1.20226E+02  2.58925E-17
1.25893E+02  2.92635E-17
1.31826E+02  3.73838E-17
1.38038E+02  4.76759E-17
1.44544E+02  4.70265E-17
1.51356E+02  4.80627E-17
1.58489E+02  5.10878E-17
1.65959E+02  5.47453E-17
1.73780E+02  5.97060E-17
1.81970E+02  6.60604E-17
1.90546E+02  7.43028E-17
1.99526E+02  8.52927E-17
2.08930E+02  9.99989E-17
2.18776E+02  1.20075E-16
2.29087E+02  1.47233E-16
2.39883E+02  1.82680E-16
2.51189E+02  2.27300E-16
2.63027E+02  2.79594E-16
2.75423E+02  3.36399E-16
2.88403E+02  3.94576E-16
3.01995E+02  4.51131E-16
3.16228E+02  5.05142E-16
3.31131E+02  5.56470E-16
3.46737E+02  6.06167E-16
3.63078E+02  6.54550E-16
3.80189E+02  7.02485E-16
3.98107E+02  7.50230E-16
4.16869E+02  7.96765E-16
4.36516E+02  8.41205E-16
4.57088E+02  8.83499E-16
4.78630E+02  9.22177E-16
5.01187E+02  9.57467E-16
5.24807E+02  9.86309E-16
5.49541E+02  1.00820E-15
5.75440E+02  1.02260E-15
6.02560E+02  1.03203E-15
6.30957E+02  1.03136E-15
6.60693E+02  1.02603E-15
6.91831E+02  1.01069E-15
7.24436E+02  9.90614E-16
7.58577E+02  9.64236E-16
7.94328E+02  9.33785E-16
8.31763E+02  8.97133E-16
8.70963E+02  8.57612E-16
9.12011E+02  8.15914E-16
9.54993E+02  7.74346E-16
1.00000E+03  7.34735E-16
1.04713E+03  6.95744E-16
1.09648E+03  6.60285E-16
1.14815E+03  6.15417E-16
1.20226E+03  5.57396E-16
1.25893E+03  5.02763E-16
1.31826E+03  4.52430E-16
1.38038E+03  4.07153E-16
1.44544E+03  3.65611E-16
1.51356E+03  3.27782E-16
1.58489E+03  2.92608E-16
1.65959E+03  2.60369E-16
1.73780E+03  2.31193E-16
1.81970E+03  2.04487E-16
1.90546E+03  1.80503E-16
1.99526E+03  1.58600E-16
2.08930E+03  1.38108E-16
2.18776E+03  1.19648E-16
2.29087E+03  1.03364E-16
2.39883E+03  8.94609E-17
2.51189E+03  7.71153E-17
2.63027E+03  6.66270E-17
2.75423E+03  5.73719E-17
2.88403E+03  4.93992E-17
3.01995E+03  4.25056E-17
3.16228E+03  3.65654E-17
3.31131E+03  3.14585E-17
3.46737E+03  2.70379E-17
3.63078E+03  2.32527E-17
3.80189E+03  2.00062E-17
3.98107E+03  1.72057E-17
4.16869E+03  1.47993E-17
4.36516E+03  1.27500E-17
4.57088E+03  1.09791E-17
4.78630E+03  9.46232E-18
5.01187E+03  8.16250E-18
5.24807E+03  7.04804E-18
5.49541E+03  6.09620E-18
5.75440E+03  5.27940E-18
6.02560E+03  4.57309E-18
6.30957E+03  3.97060E-18
6.60693E+03  3.45274E-18
6.91831E+03  3.00666E-18
7.24436E+03  2.62447E-18
7.58577E+03  2.29529E-18
7.94328E+03  2.01285E-18
8.31763E+03  1.77218E-18
8.70963E+03  1.56557E-18
9.12010E+03  1.38878E-18
9.54993E+03  1.23844E-18
