#column 1 : lambda in microns
#column 2 : snu_eff in Jy / Lsun (in the cosmo of Planck 2013 XXX)
1.00000E+00  2.92869E-31
1.04713E+00  9.22848E-31
1.09648E+00  2.90976E-30
1.14815E+00  9.18010E-30
1.20226E+00  2.89795E-29
1.25893E+00  9.15337E-29
1.31826E+00  2.89274E-28
1.38038E+00  9.14676E-28
1.44544E+00  2.89366E-27
1.51356E+00  9.15888E-27
1.58489E+00  2.90032E-26
1.65959E+00  9.18864E-26
1.73780E+00  2.91240E-25
1.81970E+00  9.23503E-25
1.90546E+00  2.92961E-24
1.99526E+00  9.29730E-24
2.08930E+00  2.95172E-23
2.18776E+00  9.37472E-23
2.29087E+00  2.97854E-22
2.39883E+00  9.46678E-22
2.51189E+00  3.00990E-21
2.63027E+00  9.57300E-21
2.75423E+00  3.04570E-20
2.88403E+00  9.69306E-20
3.01995E+00  3.26131E-19
3.16228E+00  5.19849E-19
3.31131E+00  2.96774E-19
3.46737E+00  3.34815E-19
3.63078E+00  5.54068E-19
3.80189E+00  7.01122E-19
3.98107E+00  5.69577E-19
4.16869E+00  5.12232E-19
4.36516E+00  5.14024E-19
4.57088E+00  5.43441E-19
4.78630E+00  5.87998E-19
5.01187E+00  6.38774E-19
5.24807E+00  6.83104E-19
5.49541E+00  6.80364E-19
5.75440E+00  7.36634E-19
6.02560E+00  9.00159E-19
6.30957E+00  1.02739E-18
6.60693E+00  1.14630E-18
6.91831E+00  1.26917E-18
7.24436E+00  1.40288E-18
7.58578E+00  1.55029E-18
7.94328E+00  1.72025E-18
8.31764E+00  1.93504E-18
8.70964E+00  2.26633E-18
9.12011E+00  3.13765E-18
9.54992E+00  1.45543E-17
1.00000E+01  1.03352E-17
1.04713E+01  4.01512E-18
1.09648E+01  3.63554E-18
1.14815E+01  3.79726E-18
1.20226E+01  4.15835E-18
1.25893E+01  4.67688E-18
1.31826E+01  5.37878E-18
1.38038E+01  6.35574E-18
1.44544E+01  7.89648E-18
1.51356E+01  1.20817E-17
1.58489E+01  1.78325E-17
1.65959E+01  2.96301E-17
1.73780E+01  3.65579E-17
1.81970E+01  1.95355E-16
1.90546E+01  8.14131E-17
1.99526E+01  8.67660E-17
2.08930E+01  1.07601E-16
2.18776E+01  2.39606E-16
2.29087E+01  4.14783E-16
2.39883E+01  2.11476E-16
2.51189E+01  2.07377E-16
2.63027E+01  1.14705E-16
2.75423E+01  8.34899E-17
2.88403E+01  8.20532E-17
3.01995E+01  9.05526E-17
3.16228E+01  1.19997E-16
3.31131E+01  5.12542E-16
3.46737E+01  2.43836E-16
3.63078E+01  2.69601E-16
3.80189E+01  2.69184E-16
3.98107E+01  2.36034E-16
4.16869E+01  2.06925E-16
4.36516E+01  1.98213E-16
4.57088E+01  2.21772E-16
4.78630E+01  2.82693E-16
5.01187E+01  3.59463E-16
5.24807E+01  3.47376E-16
5.49541E+01  3.49132E-16
5.75440E+01  3.67098E-16
6.02560E+01  3.89911E-16
6.30957E+01  4.21655E-16
6.60693E+01  4.62247E-16
6.91831E+01  5.14076E-16
7.24436E+01  5.81670E-16
7.58578E+01  6.69389E-16
7.94328E+01  7.85093E-16
8.31764E+01  9.36012E-16
8.70963E+01  1.12613E-15
9.12011E+01  1.35862E-15
9.54992E+01  1.62723E-15
1.00000E+02  1.92111E-15
1.04713E+02  2.22946E-15
1.09648E+02  2.54688E-15
1.14815E+02  2.87092E-15
1.20226E+02  3.20448E-15
1.25893E+02  3.55504E-15
1.31826E+02  3.92529E-15
1.38038E+02  4.31898E-15
1.44544E+02  4.73904E-15
1.51356E+02  5.18075E-15
1.58489E+02  5.63876E-15
1.65959E+02  6.10874E-15
1.73780E+02  6.58239E-15
1.81970E+02  7.04999E-15
1.90546E+02  7.49941E-15
1.99526E+02  7.92216E-15
2.08930E+02  8.30697E-15
2.18776E+02  8.64837E-15
2.29087E+02  8.93103E-15
2.39883E+02  9.15257E-15
2.51189E+02  9.30961E-15
2.63027E+02  9.40148E-15
2.75423E+02  9.42716E-15
2.88403E+02  9.38474E-15
3.01995E+02  9.28214E-15
3.16228E+02  9.12034E-15
3.31131E+02  8.91661E-15
3.46737E+02  8.68940E-15
3.63078E+02  8.45107E-15
3.80189E+02  8.21893E-15
3.98107E+02  7.99314E-15
4.16869E+02  7.62221E-15
4.36516E+02  7.05372E-15
4.57088E+02  6.48010E-15
4.78630E+02  5.94317E-15
5.01187E+02  5.44605E-15
5.24807E+02  4.97702E-15
5.49541E+02  4.53737E-15
5.75440E+02  4.11701E-15
6.02560E+02  3.72096E-15
6.30957E+02  3.35290E-15
6.60693E+02  3.00808E-15
6.91831E+02  2.69053E-15
7.24436E+02  2.39476E-15
7.58577E+02  2.11171E-15
7.94328E+02  1.84988E-15
8.31763E+02  1.61731E-15
8.70963E+02  1.41340E-15
9.12011E+02  1.23196E-15
9.54993E+02  1.07216E-15
1.00000E+03  9.31862E-16
1.04713E+03  8.09114E-16
1.09648E+03  7.01491E-16
1.14815E+03  6.07714E-16
1.20226E+03  5.26209E-16
1.25893E+03  4.55156E-16
1.31826E+03  3.93661E-16
1.38038E+03  3.40422E-16
1.44544E+03  2.94103E-16
1.51356E+03  2.54115E-16
1.58489E+03  2.19560E-16
1.65959E+03  1.89670E-16
1.73780E+03  1.63877E-16
1.81970E+03  1.41619E-16
1.90546E+03  1.22421E-16
1.99526E+03  1.05946E-16
2.08930E+03  9.16660E-17
2.18776E+03  7.93532E-17
2.29087E+03  6.87550E-17
2.39883E+03  5.95976E-17
2.51189E+03  5.16749E-17
2.63027E+03  4.48383E-17
2.75423E+03  3.89323E-17
2.88403E+03  3.38352E-17
3.01995E+03  2.94902E-17
3.16228E+03  2.57185E-17
3.31131E+03  2.24961E-17
3.46737E+03  1.97123E-17
3.63078E+03  1.73707E-17
3.80189E+03  1.53250E-17
3.98107E+03  1.35972E-17
4.16869E+03  1.21119E-17
4.36516E+03  1.08446E-17
4.57088E+03  9.77033E-18
4.78630E+03  8.84510E-18
5.01187E+03  8.06466E-18
5.24807E+03  7.40068E-18
5.49541E+03  6.84315E-18
5.75440E+03  6.36562E-18
6.02560E+03  5.96297E-18
6.30957E+03  5.62709E-18
6.60693E+03  5.34438E-18
6.91831E+03  5.11003E-18
7.24436E+03  4.91655E-18
7.58577E+03  4.75874E-18
7.94328E+03  4.63038E-18
8.31763E+03  4.52849E-18
8.70963E+03  4.45020E-18
9.12010E+03  4.39057E-18
9.54993E+03  4.34804E-18
