#column 1 : lambda in microns
#column 2 : snu_eff in Jy / Lsun (in the cosmo of Planck 2013 XXX)
1.00000E+00  1.91559E-39
1.04713E+00  5.91284E-39
1.09648E+00  1.82851E-38
1.14815E+00  5.66494E-38
1.20226E+00  1.75825E-37
1.25893E+00  5.46684E-37
1.31826E+00  1.70273E-36
1.38038E+00  5.31242E-36
1.44544E+00  1.66016E-35
1.51356E+00  5.19635E-35
1.58489E+00  1.62897E-34
1.65959E+00  5.11409E-34
1.73780E+00  1.60783E-33
1.81970E+00  5.06171E-33
1.90546E+00  1.59557E-32
1.99526E+00  5.03579E-32
2.08930E+00  1.59120E-31
2.18776E+00  5.03342E-31
2.29087E+00  1.59387E-30
2.39883E+00  5.05210E-30
2.51189E+00  1.60285E-29
2.63027E+00  5.08967E-29
2.75423E+00  1.61749E-28
2.88403E+00  5.14429E-28
3.01995E+00  1.63727E-27
3.16228E+00  5.21440E-27
3.31131E+00  1.66172E-26
3.46737E+00  5.29860E-26
3.63078E+00  1.69045E-25
3.80189E+00  5.39582E-25
3.98107E+00  1.72312E-24
4.16869E+00  5.50506E-24
4.36516E+00  1.75947E-23
4.57088E+00  5.62549E-23
4.78630E+00  1.79925E-22
5.01187E+00  5.75650E-22
5.24807E+00  1.84226E-21
5.49541E+00  5.89744E-21
5.75440E+00  1.88836E-20
6.02560E+00  6.39272E-20
6.30957E+00  1.02031E-19
6.60693E+00  5.80366E-20
6.91831E+00  6.54583E-20
7.24436E+00  1.08564E-19
7.58578E+00  1.37471E-19
7.94328E+00  1.11468E-19
8.31764E+00  1.00076E-19
8.70964E+00  1.00350E-19
9.12011E+00  1.06065E-19
9.54992E+00  1.14752E-19
1.00000E+01  1.24625E-19
1.04713E+01  1.33187E-19
1.09648E+01  1.32525E-19
1.14815E+01  1.43575E-19
1.20226E+01  1.75644E-19
1.25893E+01  2.00627E-19
1.31826E+01  2.23861E-19
1.38038E+01  2.48005E-19
1.44544E+01  2.74283E-19
1.51356E+01  3.03447E-19
1.58489E+01  3.37111E-19
1.65959E+01  3.79696E-19
1.73780E+01  4.45686E-19
1.81970E+01  6.18357E-19
1.90546E+01  2.87252E-18
1.99526E+01  2.04279E-18
2.08930E+01  7.98967E-19
2.18776E+01  7.28568E-19
2.29087E+01  7.67438E-19
2.39883E+01  8.47847E-19
2.51189E+01  9.63162E-19
2.63027E+01  1.11836E-18
2.75423E+01  1.33332E-18
2.88403E+01  1.66574E-18
3.01995E+01  2.53285E-18
3.16228E+01  3.71795E-18
3.31131E+01  6.12544E-18
3.46737E+01  7.56789E-18
3.63078E+01  3.94947E-17
3.80189E+01  1.67349E-17
3.98107E+01  1.79185E-17
4.16869E+01  2.22472E-17
4.36516E+01  4.91433E-17
4.57088E+01  8.49654E-17
4.78630E+01  4.38260E-17
5.01187E+01  4.31275E-17
5.24807E+01  2.44500E-17
5.49541E+01  1.82869E-17
5.75440E+01  1.82236E-17
6.02560E+01  2.01877E-17
6.30957E+01  2.63912E-17
6.60693E+01  1.06511E-16
6.91831E+01  5.22083E-17
7.24436E+01  5.78937E-17
7.58578E+01  5.82984E-17
7.94328E+01  5.19519E-17
8.31764E+01  4.64475E-17
8.70963E+01  4.53238E-17
9.12011E+01  5.12247E-17
9.54992E+01  6.54388E-17
1.00000E+02  8.34550E-17
1.04713E+02  8.23182E-17
1.09648E+02  8.41320E-17
1.14815E+02  8.94274E-17
1.20226E+02  9.58296E-17
1.25893E+02  1.04513E-16
1.31826E+02  1.15636E-16
1.38038E+02  1.30064E-16
1.44544E+02  1.49302E-16
1.51356E+02  1.75045E-16
1.58489E+02  2.10187E-16
1.65959E+02  2.57727E-16
1.73780E+02  3.19776E-16
1.81970E+02  3.97882E-16
1.90546E+02  4.89420E-16
1.99526E+02  5.88854E-16
2.08930E+02  6.90689E-16
2.18776E+02  7.89689E-16
2.29087E+02  8.84233E-16
2.39883E+02  9.74081E-16
2.51189E+02  1.06107E-15
2.63027E+02  1.14577E-15
2.75423E+02  1.22968E-15
2.88403E+02  1.31325E-15
3.01995E+02  1.39471E-15
3.16228E+02  1.47250E-15
3.31131E+02  1.54653E-15
3.46737E+02  1.61424E-15
3.63078E+02  1.67601E-15
3.80189E+02  1.72650E-15
3.98107E+02  1.76483E-15
4.16869E+02  1.79003E-15
4.36516E+02  1.80654E-15
4.57088E+02  1.80536E-15
4.78630E+02  1.79603E-15
5.01187E+02  1.76918E-15
5.24807E+02  1.73404E-15
5.49541E+02  1.68786E-15
5.75440E+02  1.63456E-15
6.02560E+02  1.57040E-15
6.30957E+02  1.50122E-15
6.60693E+02  1.42823E-15
6.91831E+02  1.35547E-15
7.24436E+02  1.28613E-15
7.58577E+02  1.21788E-15
7.94328E+02  1.15581E-15
8.31763E+02  1.07727E-15
8.70963E+02  9.75703E-16
9.12011E+02  8.80069E-16
9.54993E+02  7.91962E-16
1.00000E+03  7.12706E-16
1.04713E+03  6.39989E-16
1.09648E+03  5.73771E-16
1.14815E+03  5.12199E-16
1.20226E+03  4.55766E-16
1.25893E+03  4.04696E-16
1.31826E+03  3.57947E-16
1.38038E+03  3.15965E-16
1.44544E+03  2.77623E-16
1.51356E+03  2.41753E-16
1.58489E+03  2.09440E-16
1.65959E+03  1.80934E-16
1.73780E+03  1.56598E-16
1.81970E+03  1.34987E-16
1.90546E+03  1.16628E-16
1.99526E+03  1.00427E-16
2.08930E+03  8.64718E-17
2.18776E+03  7.44044E-17
2.29087E+03  6.40065E-17
2.39883E+03  5.50672E-17
2.51189E+03  4.73288E-17
2.63027E+03  4.07031E-17
2.75423E+03  3.50203E-17
2.88403E+03  3.01179E-17
3.01995E+03  2.59057E-17
3.16228E+03  2.23184E-17
3.31131E+03  1.92184E-17
3.46737E+03  1.65635E-17
3.63078E+03  1.42882E-17
3.80189E+03  1.23374E-17
3.98107E+03  1.06712E-17
4.16869E+03  9.24139E-18
4.36516E+03  8.00503E-18
4.57088E+03  6.95042E-18
4.78630E+03  6.04390E-18
5.01187E+03  5.26306E-18
5.24807E+03  4.59405E-18
5.49541E+03  4.01781E-18
5.75440E+03  3.52342E-18
6.02560E+03  3.10214E-18
6.30957E+03  2.74047E-18
6.60693E+03  2.43100E-18
6.91831E+03  2.16784E-18
7.24436E+03  1.94614E-18
7.58577E+03  1.75424E-18
7.94328E+03  1.59417E-18
8.31763E+03  1.45703E-18
8.70963E+03  1.34217E-18
9.12010E+03  1.24592E-18
9.54993E+03  1.16422E-18
