#column 1 : lambda in microns
#column 2 : snu_eff in Jy / Lsun (in the cosmo of Planck 2013 XXX)
1.00000E+00  4.98076E-36
1.04713E+00  1.56608E-35
1.09648E+00  4.93067E-35
1.14815E+00  1.55434E-34
1.20226E+00  4.90581E-34
1.25893E+00  1.55014E-33
1.31826E+00  4.90344E-33
1.38038E+00  1.55266E-32
1.44544E+00  4.92123E-32
1.51356E+00  1.56122E-31
1.58489E+00  4.95710E-31
1.65959E+00  1.57523E-30
1.73780E+00  5.00939E-30
1.81970E+00  1.59417E-29
1.90546E+00  5.07658E-29
1.99526E+00  1.61762E-28
2.08930E+00  5.15742E-28
2.18776E+00  1.64522E-27
2.29087E+00  5.25088E-27
2.39883E+00  1.67665E-26
2.51189E+00  5.35603E-26
2.63027E+00  1.71166E-25
2.75423E+00  5.47215E-25
2.88403E+00  1.75004E-24
3.01995E+00  5.59860E-24
3.16228E+00  1.79160E-23
3.31131E+00  5.73487E-23
3.46737E+00  1.83619E-22
3.63078E+00  5.88058E-22
3.80189E+00  1.88372E-21
3.98107E+00  6.03535E-21
4.16869E+00  1.93407E-20
4.36516E+00  6.19896E-20
4.57088E+00  2.23749E-19
4.78630E+00  1.26137E-19
5.01187E+00  1.05806E-19
5.24807E+00  1.50428E-19
5.49541E+00  2.47741E-19
5.75440E+00  2.27696E-19
6.02560E+00  1.90083E-19
6.30957E+00  1.82136E-19
6.60693E+00  1.88407E-19
6.91831E+00  2.02022E-19
7.24436E+00  2.19318E-19
7.58578E+00  2.37453E-19
7.94328E+00  2.47543E-19
8.31764E+00  2.41820E-19
8.70964E+00  2.94750E-19
9.12011E+00  3.46372E-19
9.54992E+00  3.89493E-19
1.00000E+01  4.32329E-19
1.04713E+01  4.78202E-19
1.09648E+01  5.28724E-19
1.14815E+01  5.85780E-19
1.20226E+01  6.53559E-19
1.25893E+01  7.46281E-19
1.31826E+01  9.22213E-19
1.38038E+01  1.70100E-18
1.44544E+01  3.94517E-17
1.51356E+01  1.82173E-18
1.58489E+01  1.33992E-18
1.65959E+01  1.33894E-18
1.73780E+01  1.44481E-18
1.81970E+01  1.61185E-18
1.90546E+01  1.84067E-18
1.99526E+01  2.15397E-18
2.08930E+01  2.60575E-18
2.18776E+01  3.42121E-18
2.29087E+01  7.43464E-18
2.39883E+01  6.88169E-18
2.51189E+01  1.39386E-17
2.63027E+01  2.27789E-17
2.75423E+01  5.95285E-17
2.88403E+01  2.96591E-17
3.01995E+01  3.27445E-17
3.16228E+01  5.54230E-17
3.31131E+01  1.49693E-16
3.46737E+01  1.26280E-16
3.63078E+01  6.48927E-17
3.80189E+01  7.11104E-17
3.98107E+01  3.41027E-17
4.16869E+01  3.08129E-17
4.36516E+01  3.23161E-17
4.57088E+01  3.81004E-17
4.78630E+01  6.57887E-17
5.01187E+01  1.27641E-16
5.24807E+01  1.06175E-16
5.49541E+01  1.37335E-16
5.75440E+01  8.36305E-17
6.02560E+01  7.82478E-17
6.30957E+01  7.63152E-17
6.60693E+01  8.14003E-17
6.91831E+01  9.59331E-17
7.24436E+01  1.32421E-16
7.58578E+01  1.50640E-16
7.94328E+01  1.36013E-16
8.31764E+01  1.48063E-16
8.70963E+01  1.53223E-16
9.12011E+01  1.65241E-16
9.54992E+01  1.80785E-16
1.00000E+02  2.00464E-16
1.04713E+02  2.26899E-16
1.09648E+02  2.62028E-16
1.14815E+02  3.09312E-16
1.20226E+02  3.73416E-16
1.25893E+02  4.58712E-16
1.31826E+02  5.68804E-16
1.38038E+02  7.02666E-16
1.44544E+02  8.54793E-16
1.51356E+02  1.01758E-15
1.58489E+02  1.18232E-15
1.65959E+02  1.34505E-15
1.73780E+02  1.50442E-15
1.81970E+02  1.66142E-15
1.90546E+02  1.81846E-15
1.99526E+02  1.97777E-15
2.08930E+02  2.13937E-15
2.18776E+02  2.30256E-15
2.29087E+02  2.46577E-15
2.39883E+02  2.62660E-15
2.51189E+02  2.77926E-15
2.63027E+02  2.92170E-15
2.75423E+02  3.05627E-15
2.88403E+02  3.16835E-15
3.01995E+02  3.26440E-15
3.16228E+02  3.33901E-15
3.31131E+02  3.38610E-15
3.46737E+02  3.40613E-15
3.63078E+02  3.40571E-15
3.80189E+02  3.37846E-15
3.98107E+02  3.33231E-15
4.16869E+02  3.25930E-15
4.36516E+02  3.17189E-15
4.57088E+02  3.06610E-15
4.78630E+02  2.94598E-15
5.01187E+02  2.82187E-15
5.24807E+02  2.69674E-15
5.49541E+02  2.57386E-15
5.75440E+02  2.46151E-15
6.02560E+02  2.33662E-15
6.30957E+02  2.15802E-15
6.60693E+02  1.95861E-15
6.91831E+02  1.77392E-15
7.24436E+02  1.60627E-15
7.58577E+02  1.45079E-15
7.94328E+02  1.30763E-15
8.31763E+02  1.17359E-15
8.70963E+02  1.05146E-15
9.12011E+02  9.38390E-16
9.54993E+02  8.35347E-16
1.00000E+03  7.41060E-16
1.04713E+03  6.55195E-16
1.09648E+03  5.75189E-16
1.14815E+03  5.00271E-16
1.20226E+03  4.34305E-16
1.25893E+03  3.76755E-16
1.31826E+03  3.26423E-16
1.38038E+03  2.82234E-16
1.44544E+03  2.43757E-16
1.51356E+03  2.10290E-16
1.58489E+03  1.81589E-16
1.65959E+03  1.56546E-16
1.73780E+03  1.34843E-16
1.81970E+03  1.16202E-16
1.90546E+03  1.00068E-16
1.99526E+03  8.61864E-17
2.08930E+03  7.42161E-17
2.18776E+03  6.38991E-17
2.29087E+03  5.50338E-17
2.39883E+03  4.74047E-17
2.51189E+03  4.08714E-17
2.63027E+03  3.52596E-17
2.75423E+03  3.04359E-17
2.88403E+03  2.62869E-17
3.01995E+03  2.27387E-17
3.16228E+03  1.96948E-17
3.31131E+03  1.70662E-17
3.46737E+03  1.48051E-17
3.63078E+03  1.28668E-17
3.80189E+03  1.11933E-17
3.98107E+03  9.75003E-18
4.16869E+03  8.51258E-18
4.36516E+03  7.45316E-18
4.57088E+03  6.54306E-18
4.78630E+03  5.76244E-18
5.01187E+03  5.10161E-18
5.24807E+03  4.53242E-18
5.49541E+03  4.05324E-18
5.75440E+03  3.63612E-18
6.02560E+03  3.28609E-18
6.30957E+03  2.98680E-18
6.60693E+03  2.73943E-18
6.91831E+03  2.52505E-18
7.24436E+03  2.34616E-18
7.58577E+03  2.19464E-18
7.94328E+03  2.06814E-18
8.31763E+03  1.96189E-18
8.70963E+03  1.87490E-18
9.12010E+03  1.80333E-18
9.54993E+03  1.74557E-18
