#column 1 : lambda in microns
#column 2 : snu_eff in Jy / Lsun (in the cosmo of Planck 2013 XXX)
1.00000E+00  6.21598E-24
1.04713E+00  1.94419E-23
1.09648E+00  6.08193E-23
1.14815E+00  1.90290E-22
1.20226E+00  5.95470E-22
1.25893E+00  1.86370E-21
1.31826E+00  5.83393E-21
1.38038E+00  1.82649E-20
1.44544E+00  5.71928E-20
1.51356E+00  1.79116E-19
1.58489E+00  5.61042E-19
1.65959E+00  1.75763E-18
1.73780E+00  6.23166E-18
1.81970E+00  3.54626E-18
1.90546E+00  2.99451E-18
1.99526E+00  4.23704E-18
2.08930E+00  6.94203E-18
2.18776E+00  6.39702E-18
2.29087E+00  5.36886E-18
2.39883E+00  5.16246E-18
2.51189E+00  5.35044E-18
2.63027E+00  5.74192E-18
2.75423E+00  6.23588E-18
2.88403E+00  6.75106E-18
3.01995E+00  7.04673E-18
3.16228E+00  6.90517E-18
3.31131E+00  8.39480E-18
3.46737E+00  9.83204E-18
3.63078E+00  1.10417E-17
3.80189E+00  1.22514E-17
3.98107E+00  1.35351E-17
4.16869E+00  1.49482E-17
4.36516E+00  1.65308E-17
4.57088E+00  1.84027E-17
4.78630E+00  2.09529E-17
5.01187E+00  2.57722E-17
5.24807E+00  4.72067E-17
5.49541E+00  1.08799E-15
5.75440E+00  5.02857E-17
6.02560E+00  3.67811E-17
6.30957E+00  3.64274E-17
6.60693E+00  3.88759E-17
6.91831E+00  4.28403E-17
7.24436E+00  4.82994E-17
7.58578E+00  5.57776E-17
7.94328E+00  6.67632E-17
8.31764E+00  8.73603E-17
8.70964E+00  1.94645E-16
9.12011E+00  1.76862E-16
9.54992E+00  3.65284E-16
1.00000E+01  6.00831E-16
1.04713E+01  1.58710E-15
1.09648E+01  7.74762E-16
1.14815E+01  8.50995E-16
1.20226E+01  1.44947E-15
1.25893E+01  3.94766E-15
1.31826E+01  3.30844E-15
1.38038E+01  1.67430E-15
1.44544E+01  1.83078E-15
1.51356E+01  8.44699E-16
1.58489E+01  7.46680E-16
1.65959E+01  7.72088E-16
1.73780E+01  9.09479E-16
1.81970E+01  1.62373E-15
1.90546E+01  3.21836E-15
1.99526E+01  2.63426E-15
2.08930E+01  3.40639E-15
2.18776E+01  1.98502E-15
2.29087E+01  1.81368E-15
2.39883E+01  1.72473E-15
2.51189E+01  1.80107E-15
2.63027E+01  2.09422E-15
2.75423E+01  2.88594E-15
2.88403E+01  3.22122E-15
3.01995E+01  2.80124E-15
3.16228E+01  2.99152E-15
3.31131E+01  3.03419E-15
3.46737E+01  3.21802E-15
3.63078E+01  3.46326E-15
3.80189E+01  3.77193E-15
3.98107E+01  4.17893E-15
4.16869E+01  4.69999E-15
4.36516E+01  5.36710E-15
4.57088E+01  6.21385E-15
4.78630E+01  7.26320E-15
5.01187E+01  8.52006E-15
5.24807E+01  9.95648E-15
5.49541E+01  1.15151E-14
5.75440E+01  1.31539E-14
6.02560E+01  1.48480E-14
6.30957E+01  1.66185E-14
6.60693E+01  1.84994E-14
6.91831E+01  2.05416E-14
7.24436E+01  2.28133E-14
7.58578E+01  2.53402E-14
7.94328E+01  2.81756E-14
8.31764E+01  3.13176E-14
8.70963E+01  3.47755E-14
9.12011E+01  3.85247E-14
9.54992E+01  4.25376E-14
1.00000E+02  4.67533E-14
1.04713E+02  5.11255E-14
1.09648E+02  5.55870E-14
1.14815E+02  6.00397E-14
1.20226E+02  6.43916E-14
1.25893E+02  6.85496E-14
1.31826E+02  7.24183E-14
1.38038E+02  7.58997E-14
1.44544E+02  7.89871E-14
1.51356E+02  8.15987E-14
1.58489E+02  8.36659E-14
1.65959E+02  8.51814E-14
1.73780E+02  8.60946E-14
1.81970E+02  8.64918E-14
1.90546E+02  8.65130E-14
1.99526E+02  8.62741E-14
2.08930E+02  8.59302E-14
2.18776E+02  8.56773E-14
2.29087E+02  8.47648E-14
2.39883E+02  8.11035E-14
2.51189E+02  7.60882E-14
2.63027E+02  7.11018E-14
2.75423E+02  6.63976E-14
2.88403E+02  6.18280E-14
3.01995E+02  5.73904E-14
3.16228E+02  5.30045E-14
3.31131E+02  4.87912E-14
3.46737E+02  4.47049E-14
3.63078E+02  4.07922E-14
3.80189E+02  3.70557E-14
3.98107E+02  3.35212E-14
4.16869E+02  3.00841E-14
4.36516E+02  2.67144E-14
4.57088E+02  2.36547E-14
4.78630E+02  2.09066E-14
5.01187E+02  1.84303E-14
5.24807E+02  1.62054E-14
5.49541E+02  1.42244E-14
5.75440E+02  1.24623E-14
6.02560E+02  1.09061E-14
6.30957E+02  9.52536E-15
6.60693E+02  8.30816E-15
6.91831E+02  7.24197E-15
7.24436E+02  6.30343E-15
7.58577E+02  5.48316E-15
7.94328E+02  4.76419E-15
8.31763E+02  4.13859E-15
8.70963E+02  3.59170E-15
9.12011E+02  3.11543E-15
9.54993E+02  2.70220E-15
1.00000E+03  2.34404E-15
1.04713E+03  2.03239E-15
1.09648E+03  1.76148E-15
1.14815E+03  1.52766E-15
1.20226E+03  1.32427E-15
1.25893E+03  1.14849E-15
1.31826E+03  9.95537E-16
1.38038E+03  8.63143E-16
1.44544E+03  7.47858E-16
1.51356E+03  6.47900E-16
1.58489E+03  5.61363E-16
1.65959E+03  4.86705E-16
1.73780E+03  4.22117E-16
1.81970E+03  3.66350E-16
1.90546E+03  3.18749E-16
1.99526E+03  2.77548E-16
2.08930E+03  2.42294E-16
2.18776E+03  2.11658E-16
2.29087E+03  1.85486E-16
2.39883E+03  1.63057E-16
2.51189E+03  1.44078E-16
2.63027E+03  1.27528E-16
2.75423E+03  1.13488E-16
2.88403E+03  1.01387E-16
3.01995E+03  9.10956E-17
3.16228E+03  8.22298E-17
3.31131E+03  7.47666E-17
3.46737E+03  6.83847E-17
3.63078E+03  6.29922E-17
3.80189E+03  5.83894E-17
3.98107E+03  5.44936E-17
4.16869E+03  5.12095E-17
4.36516E+03  4.84460E-17
4.57088E+03  4.61465E-17
4.78630E+03  4.42377E-17
5.01187E+03  4.26630E-17
5.24807E+03  4.13683E-17
5.49541E+03  4.03295E-17
5.75440E+03  3.95105E-17
6.02560E+03  3.88869E-17
6.30957E+03  3.84251E-17
6.60693E+03  3.81093E-17
6.91831E+03  3.79214E-17
7.24436E+03  3.78439E-17
7.58577E+03  3.78680E-17
7.94328E+03  3.79808E-17
8.31763E+03  3.81742E-17
8.70963E+03  3.84389E-17
9.12010E+03  3.87690E-17
9.54993E+03  3.91590E-17
