#column 1 : lambda in microns
#column 2 : snu_eff in Jy / Lsun (in the cosmo of Planck 2013 XXX)
1.00000E+00  0.00000E+00
1.04713E+00  1.40130E-45
1.09648E+00  5.60519E-45
1.14815E+00  2.38221E-44
1.20226E+00  7.28675E-44
1.25893E+00  2.20004E-43
1.31826E+00  6.76827E-43
1.38038E+00  2.07392E-42
1.44544E+00  6.33387E-42
1.51356E+00  1.93926E-41
1.58489E+00  5.95005E-41
1.65959E+00  1.82878E-40
1.73780E+00  5.63169E-40
1.81970E+00  1.73750E-39
1.90546E+00  5.37065E-39
1.99526E+00  1.66313E-38
2.08930E+00  5.15959E-38
2.18776E+00  1.60354E-37
2.29087E+00  4.99234E-37
2.39883E+00  1.55693E-36
2.51189E+00  4.86350E-36
2.63027E+00  1.52169E-35
2.75423E+00  4.76847E-35
2.88403E+00  1.49650E-34
3.01995E+00  4.70321E-34
3.16228E+00  1.48016E-33
3.31131E+00  4.66432E-33
3.46737E+00  1.47167E-32
3.63078E+00  4.64884E-32
3.80189E+00  1.47016E-31
3.98107E+00  4.65420E-31
4.16869E+00  1.47489E-30
4.36516E+00  4.67821E-30
4.57088E+00  1.48520E-29
4.78630E+00  4.71903E-29
5.01187E+00  1.50057E-28
5.24807E+00  4.77498E-28
5.49541E+00  1.52050E-27
5.75440E+00  4.84479E-27
6.02560E+00  1.54461E-26
6.30957E+00  4.92719E-26
6.60693E+00  1.57255E-25
6.91831E+00  5.02126E-25
7.24436E+00  1.60403E-24
7.58578E+00  5.12615E-24
7.94328E+00  1.63883E-23
8.31764E+00  5.24111E-23
8.70964E+00  1.67671E-22
9.12011E+00  5.36563E-22
9.54992E+00  1.71753E-21
1.00000E+01  5.49919E-21
1.04713E+01  1.76964E-20
1.09648E+01  4.75545E-20
1.14815E+01  2.41018E-20
1.20226E+01  2.35650E-20
1.25893E+01  3.67780E-20
1.31826E+01  5.43021E-20
1.38038E+01  4.56288E-20
1.44544E+01  3.95196E-20
1.51356E+01  3.87981E-20
1.58489E+01  4.06159E-20
1.65959E+01  4.37660E-20
1.73780E+01  4.75592E-20
1.81970E+01  5.11982E-20
1.90546E+01  5.22870E-20
1.99526E+01  5.30604E-20
2.08930E+01  6.56218E-20
2.18776E+01  7.58043E-20
2.29087E+01  8.49851E-20
2.39883E+01  9.42442E-20
2.51189E+01  1.04166E-19
2.63027E+01  1.15173E-19
2.75423E+01  1.27861E-19
2.88403E+01  1.43168E-19
3.01995E+01  1.65485E-19
3.16228E+01  2.14381E-19
3.31131E+01  5.43194E-19
3.46737E+01  1.85794E-18
3.63078E+01  3.38438E-19
3.80189E+01  2.84268E-19
3.98107E+01  2.93245E-19
4.16869E+01  3.21334E-19
4.36516E+01  3.62748E-19
4.57088E+01  4.18641E-19
4.78630E+01  4.95619E-19
5.01187E+01  6.09062E-19
5.24807E+01  8.44650E-19
5.49541E+01  1.63454E-18
5.75440E+01  1.81114E-18
6.02560E+01  2.78745E-18
6.30957E+01  8.33375E-18
6.60693E+01  8.18649E-18
6.91831E+01  6.84528E-18
7.24436E+01  7.70407E-18
7.58578E+01  1.48896E-17
7.94328E+01  3.35110E-17
8.31764E+01  2.12624E-17
8.70963E+01  1.47269E-17
9.12011E+01  1.17429E-17
9.54992E+01  7.31445E-18
1.00000E+02  7.02647E-18
1.04713E+02  7.59523E-18
1.09648E+02  9.32613E-18
1.14815E+02  2.23231E-17
1.20226E+02  2.14371E-17
1.25893E+02  2.23705E-17
1.31826E+02  2.79636E-17
1.38038E+02  1.95918E-17
1.44544E+02  1.74276E-17
1.51356E+02  1.73607E-17
1.58489E+02  1.92160E-17
1.65959E+02  2.31928E-17
1.73780E+02  3.08008E-17
1.81970E+02  3.22471E-17
1.90546E+02  3.19965E-17
1.99526E+02  3.44604E-17
2.08930E+02  3.66147E-17
2.18776E+02  3.97839E-17
2.29087E+02  4.38815E-17
2.39883E+02  4.91041E-17
2.51189E+02  5.60727E-17
2.63027E+02  6.53867E-17
2.75423E+02  7.80114E-17
2.88403E+02  9.51665E-17
3.01995E+02  1.17913E-16
3.16228E+02  1.46897E-16
3.31131E+02  1.81185E-16
3.46737E+02  2.19470E-16
3.63078E+02  2.59289E-16
3.80189E+02  2.98167E-16
3.98107E+02  3.35525E-16
4.16869E+02  3.70992E-16
4.36516E+02  4.04980E-16
4.57088E+02  4.38064E-16
4.78630E+02  4.70895E-16
5.01187E+02  5.03410E-16
5.24807E+02  5.35493E-16
5.49541E+02  5.66502E-16
5.75440E+02  5.95240E-16
6.02560E+02  6.22402E-16
6.30957E+02  6.47437E-16
6.60693E+02  6.67675E-16
6.91831E+02  6.83915E-16
7.24436E+02  6.95040E-16
7.58577E+02  7.02481E-16
7.94328E+02  7.04129E-16
8.31763E+02  7.01581E-16
8.70963E+02  6.92715E-16
9.12011E+02  6.79276E-16
9.54993E+02  6.62346E-16
1.00000E+03  6.42123E-16
1.04713E+03  6.17737E-16
1.09648E+03  5.91879E-16
1.14815E+03  5.63697E-16
1.20226E+03  5.35658E-16
1.25893E+03  5.07234E-16
1.31826E+03  4.81024E-16
1.38038E+03  4.56549E-16
1.44544E+03  4.28495E-16
1.51356E+03  3.90290E-16
1.58489E+03  3.52005E-16
1.65959E+03  3.16993E-16
1.73780E+03  2.85185E-16
1.81970E+03  2.56288E-16
1.90546E+03  2.29833E-16
1.99526E+03  2.05240E-16
2.08930E+03  1.82932E-16
2.18776E+03  1.62532E-16
2.29087E+03  1.43829E-16
2.39883E+03  1.27024E-16
2.51189E+03  1.11801E-16
2.63027E+03  9.75945E-17
2.75423E+03  8.45737E-17
2.88403E+03  7.31965E-17
3.01995E+03  6.32771E-17
3.16228E+03  5.45723E-17
3.31131E+03  4.71155E-17
3.46737E+03  4.06017E-17
3.63078E+03  3.49571E-17
3.80189E+03  3.00839E-17
3.98107E+03  2.58955E-17
4.16869E+03  2.22714E-17
4.36516E+03  1.91485E-17
4.57088E+03  1.64723E-17
4.78630E+03  1.41635E-17
5.01187E+03  1.21894E-17
5.24807E+03  1.04852E-17
5.49541E+03  9.02519E-18
5.75440E+03  7.77026E-18
6.02560E+03  6.69745E-18
6.30957E+03  5.77947E-18
6.60693E+03  4.98179E-18
6.91831E+03  4.30890E-18
7.24436E+03  3.72945E-18
7.58577E+03  3.23156E-18
7.94328E+03  2.80496E-18
8.31763E+03  2.43781E-18
8.70963E+03  2.12272E-18
9.12010E+03  1.85097E-18
9.54993E+03  1.61789E-18
