#column 1 : lambda in microns
#column 2 : snu_eff in Jy / Lsun (in the cosmo of Planck 2013 XXX)
1.00000E+00  1.18308E-38
1.04713E+00  3.66197E-38
1.09648E+00  1.13556E-37
1.14815E+00  3.52761E-37
1.20226E+00  1.09778E-36
1.25893E+00  3.42213E-36
1.31826E+00  1.06856E-35
1.38038E+00  3.34201E-35
1.44544E+00  1.04687E-34
1.51356E+00  3.28421E-34
1.58489E+00  1.03180E-33
1.65959E+00  3.24611E-33
1.73780E+00  1.02260E-32
1.81970E+00  3.22548E-32
1.90546E+00  1.01860E-31
1.99526E+00  3.22036E-31
2.08930E+00  1.01923E-30
2.18776E+00  3.22908E-30
2.29087E+00  1.02400E-29
2.39883E+00  3.25022E-29
2.51189E+00  1.03250E-28
2.63027E+00  3.28255E-28
2.75423E+00  1.04437E-27
2.88403E+00  3.32502E-27
3.01995E+00  1.05929E-26
3.16228E+00  3.37674E-26
3.31131E+00  1.07701E-25
3.46737E+00  3.43693E-25
3.63078E+00  1.09731E-24
3.80189E+00  3.50497E-24
3.98107E+00  1.12000E-23
4.16869E+00  3.58031E-23
4.36516E+00  1.14492E-22
4.57088E+00  3.66247E-22
4.78630E+00  1.17195E-21
5.01187E+00  3.75113E-21
5.24807E+00  1.20096E-20
5.49541E+00  3.84592E-20
5.75440E+00  1.38790E-19
6.02560E+00  7.82251E-20
6.30957E+00  6.56128E-20
6.60693E+00  9.32869E-20
6.91831E+00  1.53576E-19
7.24436E+00  1.41187E-19
7.58578E+00  1.17883E-19
7.94328E+00  1.12956E-19
8.31764E+00  1.16838E-19
8.70964E+00  1.25285E-19
9.12011E+00  1.36009E-19
9.54992E+00  1.47288E-19
1.00000E+01  1.53553E-19
1.04713E+01  1.50030E-19
1.09648E+01  1.82739E-19
1.14815E+01  2.14901E-19
1.20226E+01  2.41687E-19
1.25893E+01  2.68213E-19
1.31826E+01  2.96741E-19
1.38038E+01  3.28091E-19
1.44544E+01  3.63711E-19
1.51356E+01  4.06006E-19
1.58489E+01  4.63957E-19
1.65959E+01  5.73838E-19
1.73780E+01  1.05803E-18
1.81970E+01  2.44953E-17
1.90546E+01  1.13644E-18
1.99526E+01  8.40016E-19
2.08930E+01  8.43253E-19
2.18776E+01  9.14436E-19
2.29087E+01  1.02554E-18
2.39883E+01  1.17699E-18
2.51189E+01  1.38476E-18
2.63027E+01  1.68139E-18
2.75423E+01  2.20859E-18
2.88403E+01  4.73797E-18
3.01995E+01  4.42295E-18
3.16228E+01  8.87215E-18
3.31131E+01  1.44497E-17
3.46737E+01  3.75613E-17
3.63078E+01  1.88894E-17
3.80189E+01  2.08959E-17
3.98107E+01  3.52444E-17
4.16869E+01  9.47815E-17
4.36516E+01  8.01726E-17
4.57088E+01  4.15357E-17
4.78630E+01  4.55726E-17
5.01187E+01  2.23673E-17
5.24807E+01  2.04496E-17
5.49541E+01  2.15317E-17
5.75440E+01  2.53122E-17
6.02560E+01  4.28646E-17
6.30957E+01  8.20507E-17
6.60693E+01  6.86127E-17
6.91831E+01  8.84715E-17
7.24436E+01  5.47737E-17
7.58578E+01  5.15925E-17
7.94328E+01  5.06803E-17
8.31764E+01  5.43755E-17
8.70963E+01  6.42055E-17
9.12011E+01  8.82475E-17
9.54992E+01  1.00805E-16
1.00000E+02  9.23610E-17
1.04713E+02  1.01023E-16
1.09648E+02  1.05118E-16
1.14815E+02  1.13763E-16
1.20226E+02  1.24908E-16
1.25893E+02  1.39014E-16
1.31826E+02  1.58043E-16
1.38038E+02  1.83437E-16
1.44544E+02  2.17675E-16
1.51356E+02  2.64275E-16
1.58489E+02  3.26364E-16
1.65959E+02  4.06571E-16
1.73780E+02  5.03667E-16
1.81970E+02  6.13057E-16
1.90546E+02  7.28670E-16
1.99526E+02  8.43320E-16
2.08930E+02  9.53494E-16
2.18776E+02  1.05839E-15
2.29087E+02  1.15865E-15
2.39883E+02  1.25576E-15
2.51189E+02  1.35225E-15
2.63027E+02  1.44730E-15
2.75423E+02  1.54109E-15
2.88403E+02  1.63250E-15
3.01995E+02  1.72038E-15
3.16228E+02  1.80010E-15
3.31131E+02  1.87137E-15
3.46737E+02  1.93803E-15
3.63078E+02  1.98696E-15
3.80189E+02  2.02566E-15
3.98107E+02  2.05194E-15
4.16869E+02  2.05901E-15
4.36516E+02  2.04944E-15
4.57088E+02  2.03040E-15
4.78630E+02  1.99494E-15
5.01187E+02  1.95048E-15
5.24807E+02  1.88976E-15
5.49541E+02  1.82385E-15
5.75440E+02  1.74872E-15
6.02560E+02  1.66636E-15
6.30957E+02  1.58335E-15
6.60693E+02  1.50193E-15
6.91831E+02  1.42240E-15
7.24436E+02  1.35096E-15
7.58577E+02  1.27297E-15
7.94328E+02  1.16904E-15
8.31763E+02  1.05467E-15
8.70963E+02  9.50459E-16
9.12011E+02  8.56257E-16
9.54993E+02  7.69438E-16
1.00000E+03  6.90174E-16
1.04713E+03  6.16528E-16
1.09648E+03  5.50000E-16
1.14815E+03  4.88795E-16
1.20226E+03  4.33415E-16
1.25893E+03  3.83130E-16
1.31826E+03  3.37466E-16
1.38038E+03  2.95216E-16
1.44544E+03  2.55964E-16
1.51356E+03  2.21545E-16
1.58489E+03  1.91665E-16
1.65959E+03  1.65642E-16
1.73780E+03  1.42843E-16
1.81970E+03  1.23074E-16
1.90546E+03  1.05889E-16
1.99526E+03  9.12838E-17
2.08930E+03  7.85537E-17
2.18776E+03  6.75378E-17
2.29087E+03  5.81102E-17
2.39883E+03  4.99734E-17
2.51189E+03  4.29808E-17
2.63027E+03  3.69777E-17
2.75423E+03  3.17939E-17
2.88403E+03  2.73616E-17
3.01995E+03  2.35504E-17
3.16228E+03  2.02945E-17
3.31131E+03  1.75008E-17
3.46737E+03  1.51063E-17
3.63078E+03  1.30483E-17
3.80189E+03  1.12915E-17
3.98107E+03  9.79016E-18
4.16869E+03  8.48905E-18
4.36516E+03  7.37285E-18
4.57088E+03  6.41884E-18
4.78630E+03  5.59555E-18
5.01187E+03  4.88590E-18
5.24807E+03  4.27858E-18
5.49541E+03  3.76046E-18
5.75440E+03  3.31509E-18
6.02560E+03  2.93421E-18
6.30957E+03  2.61161E-18
6.60693E+03  2.33469E-18
6.91831E+03  2.10318E-18
7.24436E+03  1.90046E-18
7.58577E+03  1.73235E-18
7.94328E+03  1.58828E-18
8.31763E+03  1.47095E-18
8.70963E+03  1.36938E-18
9.12010E+03  1.28551E-18
9.54993E+03  1.21513E-18
