#column 1 : lambda in microns
#column 2 : snu_eff in Jy / Lsun (in the cosmo of Planck 2013 XXX)
1.00000E+00  2.12788E-30
1.04713E+00  6.71129E-30
1.09648E+00  2.11778E-29
1.14815E+00  6.68595E-29
1.20226E+00  2.11176E-28
1.25893E+00  6.67299E-28
1.31826E+00  2.10951E-27
1.38038E+00  6.67148E-27
1.44544E+00  2.11075E-26
1.51356E+00  6.68059E-26
1.58489E+00  2.11521E-25
1.65959E+00  6.69963E-25
1.73780E+00  2.12274E-24
1.81970E+00  6.72800E-24
1.90546E+00  2.13313E-23
1.99526E+00  6.76523E-23
2.08930E+00  2.14624E-22
2.18776E+00  6.81087E-22
2.29087E+00  2.16197E-21
2.39883E+00  6.86461E-21
2.51189E+00  2.18020E-20
2.63027E+00  6.92615E-20
2.75423E+00  2.20088E-19
2.88403E+00  7.88652E-19
3.01995E+00  4.46403E-19
3.16228E+00  3.75513E-19
3.31131E+00  5.32789E-19
3.46737E+00  8.75852E-19
3.63078E+00  8.05677E-19
3.80189E+00  6.74007E-19
3.98107E+00  6.46779E-19
4.16869E+00  6.69636E-19
4.36516E+00  7.18289E-19
4.57088E+00  7.79935E-19
4.78630E+00  8.44257E-19
5.01187E+00  8.80625E-19
5.24807E+00  8.61363E-19
5.49541E+00  1.04932E-18
5.75440E+00  1.23071E-18
6.02560E+00  1.38305E-18
6.30957E+00  1.53548E-18
6.60693E+00  1.69740E-18
6.91831E+00  1.87609E-18
7.24436E+00  2.07661E-18
7.58578E+00  2.31442E-18
7.94328E+00  2.63929E-18
8.31764E+00  3.25442E-18
8.70964E+00  5.98677E-18
9.12011E+00  1.38534E-16
9.54992E+00  6.39504E-18
1.00000E+01  4.68969E-18
1.04713E+01  4.66621E-18
1.09648E+01  5.00899E-18
1.14815E+01  5.55566E-18
1.20226E+01  6.30840E-18
1.25893E+01  7.33433E-18
1.31826E+01  8.83150E-18
1.38038E+01  1.15809E-17
1.44544E+01  2.54655E-17
1.51356E+01  2.33638E-17
1.58489E+01  4.77636E-17
1.65959E+01  7.83073E-17
1.73780E+01  2.05593E-16
1.81970E+01  1.01461E-16
1.90546E+01  1.11764E-16
1.99526E+01  1.89742E-16
2.08930E+01  5.14382E-16
2.18776E+01  4.32592E-16
2.29087E+01  2.20610E-16
2.39883E+01  2.41467E-16
2.51189E+01  1.13642E-16
2.63027E+01  1.01614E-16
2.75423E+01  1.05903E-16
2.88403E+01  1.24849E-16
3.01995E+01  2.18816E-16
3.16228E+01  4.28701E-16
3.31131E+01  3.53773E-16
3.46737E+01  4.57259E-16
3.63078E+01  2.72809E-16
3.80189E+01  2.52339E-16
3.98107E+01  2.43210E-16
4.16869E+01  2.56811E-16
4.36516E+01  3.00745E-16
4.57088E+01  4.14222E-16
4.78630E+01  4.67051E-16
5.01187E+01  4.15598E-16
5.24807E+01  4.48662E-16
5.49541E+01  4.60756E-16
5.75440E+01  4.93394E-16
6.02560E+01  5.36039E-16
6.30957E+01  5.89597E-16
6.60693E+01  6.60290E-16
6.91831E+01  7.51759E-16
7.24436E+01  8.71088E-16
7.58578E+01  1.02642E-15
7.94328E+01  1.22496E-15
8.31764E+01  1.47102E-15
8.70963E+01  1.76175E-15
9.12011E+01  2.08643E-15
9.54992E+01  2.43320E-15
1.00000E+02  2.79151E-15
1.04713E+02  3.16006E-15
1.09648E+02  3.53966E-15
1.14815E+02  3.93601E-15
1.20226E+02  4.35842E-15
1.25893E+02  4.80901E-15
1.31826E+02  5.29406E-15
1.38038E+02  5.81025E-15
1.44544E+02  6.35513E-15
1.51356E+02  6.92172E-15
1.58489E+02  7.50146E-15
1.65959E+02  8.08304E-15
1.73780E+02  8.65782E-15
1.81970E+02  9.21134E-15
1.90546E+02  9.73327E-15
1.99526E+02  1.02057E-14
2.08930E+02  1.06223E-14
2.18776E+02  1.09687E-14
2.29087E+02  1.12386E-14
2.39883E+02  1.14325E-14
2.51189E+02  1.15505E-14
2.63027E+02  1.15824E-14
2.75423E+02  1.15369E-14
2.88403E+02  1.14117E-14
3.01995E+02  1.12212E-14
3.16228E+02  1.09932E-14
3.31131E+02  1.07377E-14
3.46737E+02  1.04782E-14
3.63078E+02  1.02356E-14
3.80189E+02  9.92820E-15
3.98107E+02  9.33393E-15
4.16869E+02  8.61854E-15
4.36516E+02  7.92925E-15
4.57088E+02  7.29362E-15
4.78630E+02  6.69158E-15
5.01187E+02  6.12274E-15
5.24807E+02  5.57647E-15
5.49541E+02  5.06525E-15
5.75440E+02  4.58180E-15
6.02560E+02  4.13057E-15
6.30957E+02  3.70834E-15
6.60693E+02  3.31778E-15
6.91831E+02  2.94561E-15
7.24436E+02  2.58926E-15
7.58577E+02  2.27037E-15
7.94328E+02  1.98810E-15
8.31763E+02  1.73755E-15
8.70963E+02  1.51527E-15
9.12011E+02  1.31964E-15
9.54993E+02  1.14772E-15
1.00000E+03  9.97575E-16
1.04713E+03  8.65644E-16
1.09648E+03  7.50395E-16
1.14815E+03  6.50378E-16
1.20226E+03  5.63054E-16
1.25893E+03  4.87401E-16
1.31826E+03  4.21504E-16
1.38038E+03  3.64564E-16
1.44544E+03  3.15145E-16
1.51356E+03  2.72376E-16
1.58489E+03  2.35490E-16
1.65959E+03  2.03657E-16
1.73780E+03  1.76103E-16
1.81970E+03  1.52297E-16
1.90546E+03  1.31848E-16
1.99526E+03  1.14133E-16
2.08930E+03  9.88818E-17
2.18776E+03  8.56711E-17
2.29087E+03  7.42789E-17
2.39883E+03  6.44044E-17
2.51189E+03  5.58665E-17
2.63027E+03  4.85075E-17
2.75423E+03  4.21725E-17
2.88403E+03  3.67183E-17
3.01995E+03  3.20144E-17
3.16228E+03  2.80222E-17
3.31131E+03  2.45696E-17
3.46737E+03  2.16303E-17
3.63078E+03  1.90829E-17
3.80189E+03  1.69146E-17
3.98107E+03  1.50614E-17
4.16869E+03  1.35015E-17
4.36516E+03  1.21458E-17
4.57088E+03  1.10006E-17
4.78630E+03  1.00193E-17
5.01187E+03  9.18869E-18
5.24807E+03  8.47811E-18
5.49541E+03  7.88435E-18
5.75440E+03  7.38143E-18
6.02560E+03  6.96106E-18
6.30957E+03  6.60652E-18
6.60693E+03  6.31124E-18
6.91831E+03  6.06740E-18
7.24436E+03  5.86694E-18
7.58577E+03  5.70532E-18
7.94328E+03  5.57659E-18
8.31763E+03  5.47619E-18
8.70963E+03  5.39955E-18
9.12010E+03  5.34482E-18
9.54993E+03  5.30898E-18
