#column 1 : lambda in microns
#column 2 : snu_eff in Jy / Lsun (in the cosmo of Planck 2013 XXX)
1.00000E+00  1.25606E-27
1.04713E+00  3.94110E-27
1.09648E+00  1.23697E-26
1.14815E+00  3.88361E-26
1.20226E+00  1.21967E-25
1.25893E+00  3.83161E-25
1.31826E+00  1.20406E-24
1.38038E+00  3.78476E-24
1.44544E+00  1.19002E-23
1.51356E+00  3.74273E-23
1.58489E+00  1.17745E-22
1.65959E+00  3.70526E-22
1.73780E+00  1.16630E-21
1.81970E+00  3.67211E-21
1.90546E+00  1.15648E-20
1.99526E+00  3.64310E-20
2.08930E+00  1.14794E-19
2.18776E+00  3.61805E-19
2.29087E+00  1.29829E-18
2.39883E+00  1.15679E-18
2.51189E+00  8.09884E-19
2.63027E+00  1.02938E-18
2.75423E+00  1.75193E-18
2.88403E+00  1.86220E-18
3.01995E+00  1.52128E-18
3.16228E+00  1.41754E-18
3.31131E+00  1.44829E-18
3.46737E+00  1.54476E-18
3.63078E+00  1.67544E-18
3.80189E+00  1.81716E-18
3.98107E+00  1.92439E-18
4.16869E+00  1.88172E-18
4.36516E+00  2.17958E-18
4.57088E+00  2.60616E-18
4.78630E+00  2.94684E-18
5.01187E+00  3.27741E-18
5.24807E+00  3.62427E-18
5.49541E+00  4.00486E-18
5.75440E+00  4.42671E-18
6.02560E+00  4.91767E-18
6.30957E+00  5.55738E-18
6.60693E+00  6.64745E-18
6.91831E+00  1.02320E-17
7.24436E+00  1.49967E-16
7.58578E+00  1.80940E-17
7.94328E+00  1.04949E-17
8.31764E+00  1.00314E-17
8.70964E+00  1.06050E-17
9.12011E+00  1.16570E-17
9.54992E+00  1.31195E-17
1.00000E+01  1.51094E-17
1.04713E+01  1.79501E-17
1.09648E+01  2.27437E-17
1.14815E+01  4.13572E-17
1.20226E+01  4.63821E-17
1.25893E+01  1.04008E-16
1.31826E+01  1.20542E-16
1.38038E+01  6.74844E-16
1.44544E+01  2.08206E-16
1.51356E+01  2.34184E-16
1.58489E+01  3.39166E-16
1.65959E+01  8.71305E-16
1.73780E+01  1.09156E-15
1.81970E+01  4.96905E-16
1.90546E+01  6.14655E-16
1.99526E+01  2.64714E-16
2.08930E+01  2.16997E-16
2.18776E+01  2.18930E-16
2.29087E+01  2.48251E-16
2.39883E+01  3.64825E-16
2.51189E+01  1.34852E-15
2.63027E+01  7.06375E-16
2.75423E+01  8.26682E-16
2.88403E+01  6.05867E-16
3.01995E+01  5.76557E-16
3.16228E+01  5.28867E-16
3.31131E+01  5.18039E-16
3.46737E+01  5.88782E-16
3.63078E+01  8.91316E-16
3.80189E+01  9.32134E-16
3.98107E+01  8.57637E-16
4.16869E+01  9.04537E-16
4.36516E+01  9.16055E-16
4.57088E+01  9.72432E-16
4.78630E+01  1.04882E-15
5.01187E+01  1.14571E-15
5.24807E+01  1.27172E-15
5.49541E+01  1.43419E-15
5.75440E+01  1.64353E-15
6.02560E+01  1.91265E-15
6.30957E+01  2.25407E-15
6.60693E+01  2.67542E-15
6.91831E+01  3.16808E-15
7.24436E+01  3.71815E-15
7.58578E+01  4.30586E-15
7.94328E+01  4.92004E-15
8.31764E+01  5.55209E-15
8.70963E+01  6.20977E-15
9.12011E+01  6.91044E-15
9.54992E+01  7.66422E-15
1.00000E+02  8.48587E-15
1.04713E+02  9.38677E-15
1.09648E+02  1.03644E-14
1.14815E+02  1.14221E-14
1.20226E+02  1.25459E-14
1.25893E+02  1.37248E-14
1.31826E+02  1.49470E-14
1.38038E+02  1.61803E-14
1.44544E+02  1.74111E-14
1.51356E+02  1.86076E-14
1.58489E+02  1.97454E-14
1.65959E+02  2.08072E-14
1.73780E+02  2.17470E-14
1.81970E+02  2.25545E-14
1.90546E+02  2.32259E-14
1.99526E+02  2.37419E-14
2.08930E+02  2.40964E-14
2.18776E+02  2.42754E-14
2.29087E+02  2.42978E-14
2.39883E+02  2.41605E-14
2.51189E+02  2.39161E-14
2.63027E+02  2.35984E-14
2.75423E+02  2.32407E-14
2.88403E+02  2.29159E-14
3.01995E+02  2.25268E-14
3.16228E+02  2.15424E-14
3.31131E+02  2.00775E-14
3.46737E+02  1.86037E-14
3.63078E+02  1.72336E-14
3.80189E+02  1.59414E-14
3.98107E+02  1.46902E-14
4.16869E+02  1.34946E-14
4.36516E+02  1.23430E-14
4.57088E+02  1.12416E-14
4.78630E+02  1.02025E-14
5.01187E+02  9.21619E-15
5.24807E+02  8.29709E-15
5.49541E+02  7.42232E-15
5.75440E+02  6.56964E-15
6.02560E+02  5.79061E-15
6.30957E+02  5.09510E-15
6.60693E+02  4.47098E-15
6.91831E+02  3.91764E-15
7.24436E+02  3.42669E-15
7.58577E+02  2.99221E-15
7.94328E+02  2.60758E-15
8.31763E+02  2.27110E-15
8.70963E+02  1.97541E-15
9.12011E+02  1.71594E-15
9.54993E+02  1.49000E-15
1.00000E+03  1.29306E-15
1.04713E+03  1.12094E-15
1.09648E+03  9.71576E-16
1.14815E+03  8.41576E-16
1.20226E+03  7.28748E-16
1.25893E+03  6.31067E-16
1.31826E+03  5.46232E-16
1.38038E+03  4.72982E-16
1.44544E+03  4.09403E-16
1.51356E+03  3.54786E-16
1.58489E+03  3.07284E-16
1.65959E+03  2.66183E-16
1.73780E+03  2.30688E-16
1.81970E+03  1.99950E-16
1.90546E+03  1.73309E-16
1.99526E+03  1.50194E-16
2.08930E+03  1.30241E-16
2.18776E+03  1.13010E-16
2.29087E+03  9.82941E-17
2.39883E+03  8.53323E-17
2.51189E+03  7.45024E-17
2.63027E+03  6.49626E-17
2.75423E+03  5.68600E-17
2.88403E+03  4.99160E-17
3.01995E+03  4.39787E-17
3.16228E+03  3.88415E-17
3.31131E+03  3.44945E-17
3.46737E+03  3.07299E-17
3.63078E+03  2.75358E-17
3.80189E+03  2.48259E-17
3.98107E+03  2.24962E-17
4.16869E+03  2.05236E-17
4.36516E+03  1.88414E-17
4.57088E+03  1.74123E-17
4.78630E+03  1.62092E-17
5.01187E+03  1.51881E-17
5.24807E+03  1.43311E-17
5.49541E+03  1.36130E-17
5.75440E+03  1.30153E-17
6.02560E+03  1.25224E-17
6.30957E+03  1.21192E-17
6.60693E+03  1.17913E-17
6.91831E+03  1.15303E-17
7.24436E+03  1.13276E-17
7.58577E+03  1.11756E-17
7.94328E+03  1.10666E-17
8.31763E+03  1.09977E-17
8.70963E+03  1.09626E-17
9.12010E+03  1.09568E-17
9.54993E+03  1.09780E-17
