#column 1 : lambda in microns
#column 2 : snu_eff in Jy / Lsun (in the cosmo of Planck 2013 XXX)
1.00000E+00  6.38711E-28
1.04713E+00  2.00630E-27
1.09648E+00  6.30412E-27
1.14815E+00  1.98149E-26
1.20226E+00  6.23005E-26
1.25893E+00  1.95940E-25
1.31826E+00  6.16426E-25
1.38038E+00  1.93984E-24
1.44544E+00  6.10622E-24
1.51356E+00  1.92264E-23
1.58489E+00  6.05541E-23
1.65959E+00  1.90768E-22
1.73780E+00  6.01147E-22
1.81970E+00  1.89482E-21
1.90546E+00  5.97402E-21
1.99526E+00  1.88397E-20
2.08930E+00  5.94277E-20
2.18776E+00  1.87504E-19
2.29087E+00  5.94618E-19
2.39883E+00  1.58657E-18
2.51189E+00  8.09846E-19
2.63027E+00  7.93948E-19
2.75423E+00  1.23368E-18
2.88403E+00  1.81739E-18
3.01995E+00  1.53134E-18
3.16228E+00  1.33093E-18
3.31131E+00  1.30960E-18
3.46737E+00  1.37217E-18
3.63078E+00  1.47900E-18
3.80189E+00  1.60813E-18
3.98107E+00  1.73226E-18
4.16869E+00  1.77009E-18
4.36516E+00  1.79983E-18
4.57088E+00  2.21818E-18
4.78630E+00  2.56068E-18
5.01187E+00  2.86646E-18
5.24807E+00  3.17621E-18
5.49541E+00  3.50971E-18
5.75440E+00  3.87690E-18
6.02560E+00  4.29118E-18
6.30957E+00  4.79917E-18
6.60693E+00  5.53047E-18
6.91831E+00  7.13411E-18
7.24436E+00  1.79866E-17
7.58578E+00  6.13841E-17
7.94328E+00  1.11220E-17
8.31764E+00  9.25625E-18
8.70964E+00  9.44297E-18
9.12011E+00  1.02132E-17
9.54992E+00  1.13687E-17
1.00000E+01  1.29366E-17
1.04713E+01  1.51112E-17
1.09648E+01  1.83849E-17
1.14815E+01  2.55328E-17
1.20226E+01  5.06196E-17
1.25893E+01  5.54898E-17
1.31826E+01  8.61759E-17
1.38038E+01  2.64180E-16
1.44544E+01  2.57654E-16
1.51356E+01  2.12720E-16
1.58489E+01  2.38162E-16
1.65959E+01  4.64780E-16
1.73780E+01  1.05203E-15
1.81970E+01  6.59553E-16
1.90546E+01  4.50736E-16
1.99526E+01  3.53287E-16
2.08930E+01  2.10804E-16
2.18776E+01  1.97967E-16
2.29087E+01  2.11715E-16
2.39883E+01  2.62164E-16
2.51189E+01  6.68019E-16
2.63027E+01  6.33318E-16
2.75423E+01  6.55252E-16
2.88403E+01  8.19751E-16
3.01995E+01  5.52064E-16
3.16228E+01  4.76780E-16
3.31131E+01  4.63493E-16
3.46737E+01  5.04410E-16
3.63078E+01  6.02376E-16
3.80189E+01  7.98312E-16
3.98107E+01  8.15679E-16
4.16869E+01  7.85373E-16
4.36516E+01  8.30667E-16
4.57088E+01  8.69447E-16
4.78630E+01  9.31445E-16
5.01187E+01  1.01240E-15
5.24807E+01  1.11372E-15
5.49541E+01  1.24648E-15
5.75440E+01  1.41670E-15
6.02560E+01  1.63661E-15
6.30957E+01  1.91973E-15
6.60693E+01  2.27348E-15
6.91831E+01  2.70072E-15
7.24436E+01  3.18917E-15
7.58578E+01  3.72409E-15
7.94328E+01  4.28813E-15
8.31764E+01  4.87014E-15
8.70963E+01  5.47063E-15
9.12011E+01  6.10122E-15
9.54992E+01  6.77622E-15
1.00000E+02  7.50554E-15
1.04713E+02  8.30468E-15
1.09648E+02  9.17345E-15
1.14815E+02  1.01181E-14
1.20226E+02  1.11236E-14
1.25893E+02  1.21879E-14
1.31826E+02  1.32929E-14
1.38038E+02  1.44258E-14
1.44544E+02  1.55568E-14
1.51356E+02  1.66698E-14
1.58489E+02  1.77385E-14
1.65959E+02  1.87412E-14
1.73780E+02  1.96497E-14
1.81970E+02  2.04411E-14
1.90546E+02  2.11040E-14
1.99526E+02  2.16354E-14
2.08930E+02  2.20166E-14
2.18776E+02  2.22448E-14
2.29087E+02  2.23196E-14
2.39883E+02  2.22422E-14
2.51189E+02  2.20460E-14
2.63027E+02  2.17680E-14
2.75423E+02  2.14348E-14
2.88403E+02  2.11040E-14
3.01995E+02  2.07898E-14
3.16228E+02  2.02113E-14
3.31131E+02  1.90056E-14
3.46737E+02  1.76348E-14
3.63078E+02  1.63320E-14
3.80189E+02  1.51033E-14
3.98107E+02  1.39391E-14
4.16869E+02  1.28232E-14
4.36516E+02  1.17410E-14
4.57088E+02  1.07135E-14
4.78630E+02  9.73585E-15
5.01187E+02  8.80643E-15
5.24807E+02  7.93850E-15
5.49541E+02  7.12581E-15
5.75440E+02  6.33963E-15
6.02560E+02  5.59507E-15
6.30957E+02  4.92285E-15
6.60693E+02  4.32587E-15
6.91831E+02  3.79179E-15
7.24436E+02  3.31860E-15
7.58577E+02  2.89811E-15
7.94328E+02  2.52700E-15
8.31763E+02  2.20098E-15
8.70963E+02  1.91545E-15
9.12011E+02  1.66478E-15
9.54993E+02  1.44545E-15
1.00000E+03  1.25477E-15
1.04713E+03  1.08793E-15
1.09648E+03  9.43048E-16
1.14815E+03  8.16736E-16
1.20226E+03  7.07440E-16
1.25893E+03  6.12301E-16
1.31826E+03  5.30102E-16
1.38038E+03  4.58813E-16
1.44544E+03  3.97293E-16
1.51356E+03  3.43990E-16
1.58489E+03  2.97975E-16
1.65959E+03  2.58077E-16
1.73780E+03  2.23673E-16
1.81970E+03  1.93867E-16
1.90546E+03  1.68016E-16
1.99526E+03  1.45608E-16
2.08930E+03  1.26229E-16
2.18776E+03  1.09498E-16
2.29087E+03  9.50711E-17
2.39883E+03  8.27474E-17
2.51189E+03  7.20772E-17
2.63027E+03  6.28370E-17
2.75423E+03  5.49175E-17
2.88403E+03  4.81948E-17
3.01995E+03  4.23294E-17
3.16228E+03  3.73680E-17
3.31131E+03  3.31194E-17
3.46737E+03  2.94937E-17
3.63078E+03  2.63723E-17
3.80189E+03  2.37018E-17
3.98107E+03  2.14394E-17
4.16869E+03  1.95179E-17
4.36516E+03  1.78655E-17
4.57088E+03  1.64752E-17
4.78630E+03  1.52954E-17
5.01187E+03  1.42939E-17
5.24807E+03  1.34534E-17
5.49541E+03  1.27493E-17
5.75440E+03  1.21622E-17
6.02560E+03  1.16768E-17
6.30957E+03  1.12759E-17
6.60693E+03  1.09513E-17
6.91831E+03  1.06896E-17
7.24436E+03  1.04847E-17
7.58577E+03  1.03277E-17
7.94328E+03  1.02135E-17
8.31763E+03  1.01372E-17
8.70963E+03  1.00942E-17
9.12010E+03  1.00797E-17
9.54993E+03  1.00902E-17
