#column 1 : lambda in microns
#column 2 : snu_eff in Jy / Lsun (in the cosmo of Planck 2013 XXX)
1.00000E+00  1.41449E-39
1.04713E+00  4.36412E-39
1.09648E+00  1.34897E-38
1.14815E+00  4.17742E-38
1.20226E+00  1.29600E-37
1.25893E+00  4.02787E-37
1.31826E+00  1.25402E-36
1.38038E+00  3.91088E-36
1.44544E+00  1.22170E-35
1.51356E+00  3.82250E-35
1.58489E+00  1.19785E-34
1.65959E+00  3.75931E-34
1.73780E+00  1.18150E-33
1.81970E+00  3.71838E-33
1.90546E+00  1.17177E-32
1.99526E+00  3.69716E-32
2.08930E+00  1.16791E-31
2.18776E+00  3.69348E-31
2.29087E+00  1.16929E-30
2.39883E+00  3.70547E-30
2.51189E+00  1.17536E-29
2.63027E+00  3.73150E-29
2.75423E+00  1.18565E-28
2.88403E+00  3.77021E-28
3.01995E+00  1.19975E-27
3.16228E+00  3.82042E-27
3.31131E+00  1.21732E-26
3.46737E+00  3.88109E-26
3.63078E+00  1.23807E-25
3.80189E+00  3.95143E-25
3.98107E+00  1.26174E-24
4.16869E+00  4.03067E-24
4.36516E+00  1.28813E-23
4.57088E+00  4.11820E-23
4.78630E+00  1.31707E-22
5.01187E+00  4.21356E-22
5.24807E+00  1.34840E-21
5.49541E+00  4.31627E-21
5.75440E+00  1.38201E-20
6.02560E+00  4.44738E-20
6.30957E+00  1.19511E-19
6.60693E+00  6.05711E-20
6.91831E+00  5.92223E-20
7.24436E+00  9.24281E-20
7.58578E+00  1.36469E-19
7.94328E+00  1.14672E-19
8.31764E+00  9.93182E-20
8.70964E+00  9.75049E-20
9.12011E+00  1.02073E-19
9.54992E+00  1.09990E-19
1.00000E+01  1.19523E-19
1.04713E+01  1.28668E-19
1.09648E+01  1.31405E-19
1.14815E+01  1.33348E-19
1.20226E+01  1.64917E-19
1.25893E+01  1.90507E-19
1.31826E+01  2.13579E-19
1.38038E+01  2.36849E-19
1.44544E+01  2.61784E-19
1.51356E+01  2.89445E-19
1.58489E+01  3.21333E-19
1.65959E+01  3.59802E-19
1.73780E+01  4.15886E-19
1.81970E+01  5.38769E-19
1.90546E+01  1.36512E-18
1.99526E+01  4.66925E-18
2.08930E+01  8.50542E-19
2.18776E+01  7.14404E-19
2.29087E+01  7.36967E-19
2.39883E+01  8.07557E-19
2.51189E+01  9.11636E-19
2.63027E+01  1.05210E-18
2.75423E+01  1.24556E-18
2.88403E+01  1.53066E-18
3.01995E+01  2.12273E-18
3.16228E+01  4.10783E-18
3.31131E+01  4.55165E-18
3.46737E+01  7.00524E-18
3.63078E+01  2.09441E-17
3.80189E+01  2.05739E-17
3.98107E+01  1.72031E-17
4.16869E+01  1.93614E-17
4.36516E+01  3.74196E-17
4.57088E+01  8.42179E-17
4.78630E+01  5.34350E-17
5.01187E+01  3.70109E-17
5.24807E+01  2.95118E-17
5.49541E+01  1.83822E-17
5.75440E+01  1.76585E-17
6.02560E+01  1.90879E-17
6.30957E+01  2.34378E-17
6.60693E+01  5.61010E-17
6.91831E+01  5.38742E-17
7.24436E+01  5.62203E-17
7.58578E+01  7.02764E-17
7.94328E+01  4.92369E-17
8.31764E+01  4.37978E-17
8.70963E+01  4.36298E-17
9.12011E+01  4.82924E-17
9.54992E+01  5.82866E-17
1.00000E+02  7.74066E-17
1.04713E+02  8.10414E-17
1.09648E+02  8.04116E-17
1.14815E+02  8.66038E-17
1.20226E+02  9.20177E-17
1.25893E+02  9.99825E-17
1.31826E+02  1.10280E-16
1.38038E+02  1.23405E-16
1.44544E+02  1.40919E-16
1.51356E+02  1.64326E-16
1.58489E+02  1.96053E-16
1.65959E+02  2.39167E-16
1.73780E+02  2.96332E-16
1.81970E+02  3.69172E-16
1.90546E+02  4.55342E-16
1.99526E+02  5.51558E-16
2.08930E+02  6.51628E-16
2.18776E+02  7.49335E-16
2.29087E+02  8.43220E-16
2.39883E+02  9.32353E-16
2.51189E+02  1.01777E-15
2.63027E+02  1.10091E-15
2.75423E+02  1.18343E-15
2.88403E+02  1.26514E-15
3.01995E+02  1.34577E-15
3.16228E+02  1.42370E-15
3.31131E+02  1.49592E-15
3.46737E+02  1.56418E-15
3.63078E+02  1.62710E-15
3.80189E+02  1.67796E-15
3.98107E+02  1.71877E-15
4.16869E+02  1.74673E-15
4.36516E+02  1.76543E-15
4.57088E+02  1.76957E-15
4.78630E+02  1.76317E-15
5.01187E+02  1.74089E-15
5.24807E+02  1.70711E-15
5.49541E+02  1.66457E-15
5.75440E+02  1.61374E-15
6.02560E+02  1.55246E-15
6.30957E+02  1.48747E-15
6.60693E+02  1.41665E-15
6.91831E+02  1.34618E-15
7.24436E+02  1.27475E-15
7.58577E+02  1.20888E-15
7.94328E+02  1.14737E-15
8.31763E+02  1.07687E-15
8.70963E+02  9.80853E-16
9.12011E+02  8.84637E-16
9.54993E+02  7.96648E-16
1.00000E+03  7.16709E-16
1.04713E+03  6.44088E-16
1.09648E+03  5.77601E-16
1.14815E+03  5.15797E-16
1.20226E+03  4.59734E-16
1.25893E+03  4.08466E-16
1.31826E+03  3.61462E-16
1.38038E+03  3.19230E-16
1.44544E+03  2.80971E-16
1.51356E+03  2.45268E-16
1.58489E+03  2.12545E-16
1.65959E+03  1.83953E-16
1.73780E+03  1.59024E-16
1.81970E+03  1.37148E-16
1.90546E+03  1.18408E-16
1.99526E+03  1.02037E-16
2.08930E+03  8.78522E-17
2.18776E+03  7.56049E-17
2.29087E+03  6.50790E-17
2.39883E+03  5.59710E-17
2.51189E+03  4.81231E-17
2.63027E+03  4.13970E-17
2.75423E+03  3.55949E-17
2.88403E+03  3.06337E-17
3.01995E+03  2.63509E-17
3.16228E+03  2.26815E-17
3.31131E+03  1.95277E-17
3.46737E+03  1.68316E-17
3.63078E+03  1.45246E-17
3.80189E+03  1.25199E-17
3.98107E+03  1.08289E-17
4.16869E+03  9.37262E-18
4.36516E+03  8.12136E-18
4.57088E+03  7.04927E-18
4.78630E+03  6.12657E-18
5.01187E+03  5.33470E-18
5.24807E+03  4.65174E-18
5.49541E+03  4.06598E-18
5.75440E+03  3.56334E-18
6.02560E+03  3.13135E-18
6.30957E+03  2.76826E-18
6.60693E+03  2.45364E-18
6.91831E+03  2.18420E-18
7.24436E+03  1.95447E-18
7.58577E+03  1.76256E-18
7.94328E+03  1.59771E-18
8.31763E+03  1.45902E-18
8.70963E+03  1.34075E-18
9.12010E+03  1.24225E-18
9.54993E+03  1.15890E-18
