#column 1 : lambda in microns
#column 2 : snu_eff in Jy / Lsun (in the cosmo of Planck 2013 XXX)
1.00000E+00  6.05249E-37
1.04713E+00  1.88907E-36
1.09648E+00  5.90574E-36
1.14815E+00  1.84921E-35
1.20226E+00  5.79914E-35
1.25893E+00  1.82128E-34
1.31826E+00  5.72797E-34
1.38038E+00  1.80388E-33
1.44544E+00  5.68816E-33
1.51356E+00  1.79582E-32
1.58489E+00  5.67617E-32
1.65959E+00  1.79608E-31
1.73780E+00  5.68905E-31
1.81970E+00  1.80375E-30
1.90546E+00  5.72417E-30
1.99526E+00  1.81811E-29
2.08930E+00  5.77933E-29
2.18776E+00  1.83849E-28
2.29087E+00  5.85265E-28
2.39883E+00  1.86435E-27
2.51189E+00  5.94251E-27
2.63027E+00  1.89522E-26
2.75423E+00  6.04757E-26
2.88403E+00  1.93070E-25
3.01995E+00  6.16664E-25
3.16228E+00  1.97046E-24
3.31131E+00  6.29876E-24
3.46737E+00  2.01419E-23
3.63078E+00  6.44314E-23
3.80189E+00  2.06171E-22
3.98107E+00  6.59908E-22
4.16869E+00  2.11279E-21
4.36516E+00  6.76603E-21
4.57088E+00  2.16727E-20
4.78630E+00  6.97708E-20
5.01187E+00  1.87535E-19
5.24807E+00  9.50306E-20
5.49541E+00  9.29187E-20
5.75440E+00  1.45019E-19
6.02560E+00  2.14140E-19
6.30957E+00  1.79921E-19
6.60693E+00  1.55826E-19
6.91831E+00  1.52982E-19
7.24436E+00  1.60143E-19
7.58578E+00  1.72556E-19
7.94328E+00  1.87523E-19
8.31764E+00  2.01880E-19
8.70964E+00  2.06144E-19
9.12011E+00  2.09205E-19
9.54992E+00  2.58698E-19
1.00000E+01  2.98880E-19
1.04713E+01  3.35033E-19
1.09648E+01  3.71510E-19
1.14815E+01  4.10636E-19
1.20226E+01  4.54004E-19
1.25893E+01  5.03812E-19
1.31826E+01  5.64082E-19
1.38038E+01  6.51794E-19
1.44544E+01  8.44132E-19
1.51356E+01  2.13953E-18
1.58489E+01  7.31962E-18
1.65959E+01  1.33030E-18
1.73780E+01  1.11509E-18
1.81970E+01  1.14803E-18
1.90546E+01  1.25526E-18
1.99526E+01  1.41388E-18
2.08930E+01  1.62814E-18
2.18776E+01  1.92362E-18
2.29087E+01  2.36055E-18
2.39883E+01  3.27526E-18
2.51189E+01  6.36642E-18
2.63027E+01  7.04193E-18
2.75423E+01  1.08559E-17
2.88403E+01  3.26012E-17
3.01995E+01  3.19879E-17
3.16228E+01  2.66901E-17
3.31131E+01  3.00152E-17
3.46737E+01  5.81167E-17
3.63078E+01  1.30948E-16
3.80189E+01  8.29181E-17
3.98107E+01  5.72870E-17
4.16869E+01  4.55318E-17
4.36516E+01  2.81190E-17
4.57088E+01  2.69078E-17
4.78630E+01  2.90546E-17
5.01187E+01  3.57611E-17
5.24807E+01  8.66224E-17
5.49541E+01  8.30585E-17
5.75440E+01  8.66206E-17
6.02560E+01  1.08403E-16
6.30957E+01  7.55240E-17
6.60693E+01  6.69301E-17
6.91831E+01  6.64754E-17
7.24436E+01  7.34506E-17
7.58578E+01  8.86020E-17
7.94328E+01  1.17804E-16
8.31764E+01  1.22944E-16
8.70963E+01  1.21439E-16
9.12011E+01  1.30517E-16
9.54992E+01  1.38456E-16
1.00000E+02  1.50232E-16
1.04713E+02  1.65467E-16
1.09648E+02  1.84862E-16
1.14815E+02  2.10730E-16
1.20226E+02  2.45248E-16
1.25893E+02  2.91981E-16
1.31826E+02  3.55433E-16
1.38038E+02  4.39493E-16
1.44544E+02  5.46613E-16
1.51356E+02  6.73612E-16
1.58489E+02  8.15876E-16
1.65959E+02  9.64692E-16
1.73780E+02  1.11147E-15
1.81970E+02  1.25392E-15
1.90546E+02  1.39099E-15
1.99526E+02  1.52417E-15
2.08930E+02  1.65540E-15
2.18776E+02  1.78710E-15
2.29087E+02  1.91889E-15
2.39883E+02  2.05039E-15
2.51189E+02  2.17891E-15
2.63027E+02  2.30036E-15
2.75423E+02  2.41632E-15
2.88403E+02  2.52451E-15
3.01995E+02  2.61544E-15
3.16228E+02  2.69117E-15
3.31131E+02  2.74749E-15
3.46737E+02  2.78849E-15
3.63078E+02  2.80704E-15
3.80189E+02  2.80774E-15
3.98107E+02  2.78373E-15
4.16869E+02  2.74099E-15
4.36516E+02  2.68287E-15
4.57088E+02  2.61010E-15
4.78630E+02  2.52047E-15
5.01187E+02  2.42287E-15
5.24807E+02  2.31539E-15
5.49541E+02  2.20717E-15
5.75440E+02  2.09692E-15
6.02560E+02  1.99462E-15
6.30957E+02  1.89866E-15
6.60693E+02  1.78702E-15
6.91831E+02  1.63197E-15
7.24436E+02  1.47519E-15
7.58577E+02  1.33137E-15
7.94328E+02  1.20037E-15
8.31763E+02  1.08094E-15
8.70963E+02  9.71256E-16
9.12011E+02  8.68975E-16
9.54993E+02  7.75878E-16
1.00000E+03  6.90498E-16
1.04713E+03  6.12046E-16
1.09648E+03  5.41333E-16
1.14815E+03  4.77145E-16
1.20226E+03  4.17096E-16
1.25893E+03  3.61929E-16
1.31826E+03  3.13590E-16
1.38038E+03  2.71420E-16
1.44544E+03  2.34377E-16
1.51356E+03  2.02526E-16
1.58489E+03  1.74692E-16
1.65959E+03  1.50535E-16
1.73780E+03  1.29654E-16
1.81970E+03  1.11683E-16
1.90546E+03  9.61214E-17
1.99526E+03  8.26979E-17
2.08930E+03  7.11823E-17
2.18776E+03  6.12371E-17
2.29087E+03  5.27223E-17
2.39883E+03  4.53675E-17
2.51189E+03  3.90645E-17
2.63027E+03  3.36405E-17
2.75423E+03  2.89998E-17
2.88403E+03  2.50243E-17
3.01995E+03  2.15771E-17
3.16228E+03  1.86582E-17
3.31131E+03  1.61464E-17
3.46737E+03  1.39855E-17
3.63078E+03  1.21339E-17
3.80189E+03  1.05398E-17
3.98107E+03  9.17013E-18
4.16869E+03  7.98871E-18
4.36516E+03  6.97466E-18
4.57088E+03  6.10413E-18
4.78630E+03  5.35603E-18
5.01187E+03  4.72577E-18
5.24807E+03  4.17997E-18
5.49541E+03  3.71195E-18
5.75440E+03  3.31274E-18
6.02560E+03  2.97838E-18
6.30957E+03  2.69046E-18
6.60693E+03  2.44806E-18
6.91831E+03  2.24132E-18
7.24436E+03  2.06834E-18
7.58577E+03  1.92151E-18
7.94328E+03  1.79804E-18
8.31763E+03  1.69605E-18
8.70963E+03  1.61145E-18
9.12010E+03  1.54080E-18
9.54993E+03  1.48336E-18
