#column 1 : lambda in microns
#column 2 : snu_eff in Jy / Lsun (in the cosmo of Planck 2013 XXX)
1.00000E+00  8.77976E-21
1.04713E+00  2.74101E-20
1.09648E+00  8.55821E-20
1.14815E+00  2.67240E-19
1.20226E+00  8.34574E-19
1.25893E+00  2.60660E-18
1.31826E+00  8.14194E-18
1.38038E+00  2.88054E-17
1.44544E+00  1.64103E-17
1.51356E+00  1.38675E-17
1.58489E+00  1.96112E-17
1.65959E+00  3.21096E-17
1.73780E+00  2.95996E-17
1.81970E+00  2.48577E-17
1.90546E+00  2.39110E-17
1.99526E+00  2.47865E-17
2.08930E+00  2.66029E-17
2.18776E+00  2.88903E-17
2.29087E+00  3.12784E-17
2.39883E+00  3.26510E-17
2.51189E+00  3.20036E-17
2.63027E+00  3.88927E-17
2.75423E+00  4.55377E-17
2.88403E+00  5.11339E-17
3.01995E+00  5.67240E-17
3.16228E+00  6.26574E-17
3.31131E+00  6.91844E-17
3.46737E+00  7.64881E-17
3.63078E+00  8.51230E-17
3.80189E+00  9.68763E-17
3.98107E+00  1.19085E-16
4.16869E+00  2.17941E-16
4.36516E+00  5.01978E-15
4.57088E+00  2.31912E-16
4.78630E+00  1.69407E-16
5.01187E+00  1.67499E-16
5.24807E+00  1.78403E-16
5.49541E+00  1.96162E-16
5.75440E+00  2.20619E-16
6.02560E+00  2.54213E-16
6.30957E+00  3.03663E-16
6.60693E+00  3.97100E-16
6.91831E+00  8.89230E-16
7.24436E+00  8.05168E-16
7.58578E+00  1.66933E-15
7.94328E+00  2.74916E-15
8.31764E+00  7.27818E-15
8.70964E+00  3.53926E-15
9.12011E+00  3.88363E-15
9.54992E+00  6.62349E-15
1.00000E+01  1.80707E-14
1.04713E+01  1.51267E-14
1.09648E+01  7.63244E-15
1.14815E+01  8.34248E-15
1.20226E+01  3.81572E-15
1.25893E+01  3.35593E-15
1.31826E+01  3.46071E-15
1.38038E+01  4.07814E-15
1.44544E+01  7.34235E-15
1.51356E+01  1.46311E-14
1.58489E+01  1.19428E-14
1.65959E+01  1.54563E-14
1.73780E+01  8.92887E-15
1.81970E+01  8.12384E-15
1.90546E+01  7.68819E-15
1.99526E+01  7.99543E-15
2.08930E+01  9.27481E-15
2.18776E+01  1.27964E-14
2.29087E+01  1.42307E-14
2.39883E+01  1.22495E-14
2.51189E+01  1.30259E-14
2.63027E+01  1.31437E-14
2.75423E+01  1.38885E-14
2.88403E+01  1.48922E-14
3.01995E+01  1.61600E-14
3.16228E+01  1.78337E-14
3.31131E+01  1.99731E-14
3.46737E+01  2.27018E-14
3.63078E+01  2.61440E-14
3.80189E+01  3.03756E-14
3.98107E+01  3.53963E-14
4.16869E+01  4.10766E-14
4.36516E+01  4.71864E-14
4.57088E+01  5.35803E-14
4.78630E+01  6.01974E-14
5.01187E+01  6.71578E-14
5.24807E+01  7.46406E-14
5.49541E+01  8.28866E-14
5.75440E+01  9.21993E-14
6.02560E+01  1.02718E-13
6.30957E+01  1.14688E-13
6.60693E+01  1.28140E-13
6.91831E+01  1.43165E-13
7.24436E+01  1.59685E-13
7.58578E+01  1.77624E-13
7.94328E+01  1.96750E-13
8.31764E+01  2.16897E-13
8.70963E+01  2.37791E-13
9.12011E+01  2.59012E-13
9.54992E+01  2.80179E-13
1.00000E+02  3.00799E-13
1.04713E+02  3.20485E-13
1.09648E+02  3.38728E-13
1.14815E+02  3.55464E-13
1.20226E+02  3.70197E-13
1.25893E+02  3.82630E-13
1.31826E+02  3.92636E-13
1.38038E+02  3.99926E-13
1.44544E+02  4.04833E-13
1.51356E+02  4.07909E-13
1.58489E+02  4.09744E-13
1.65959E+02  4.11027E-13
1.73780E+02  4.12716E-13
1.81970E+02  4.11094E-13
1.90546E+02  3.95746E-13
1.99526E+02  3.73355E-13
2.08930E+02  3.50781E-13
2.18776E+02  3.29270E-13
2.29087E+02  3.08160E-13
2.39883E+02  2.87442E-13
2.51189E+02  2.66732E-13
2.63027E+02  2.46637E-13
2.75423E+02  2.26971E-13
2.88403E+02  2.07931E-13
3.01995E+02  1.89644E-13
3.16228E+02  1.72175E-13
3.31131E+02  1.55087E-13
3.46737E+02  1.38179E-13
3.63078E+02  1.22763E-13
3.80189E+02  1.08833E-13
3.98107E+02  9.62182E-14
4.16869E+02  8.48335E-14
4.36516E+02  7.46551E-14
4.57088E+02  6.55649E-14
4.78630E+02  5.75087E-14
5.01187E+02  5.03354E-14
5.24807E+02  4.39925E-14
5.49541E+02  3.84191E-14
5.75440E+02  3.35005E-14
6.02560E+02  2.91874E-14
6.30957E+02  2.53989E-14
6.60693E+02  2.20971E-14
6.91831E+02  1.92011E-14
7.24436E+02  1.66745E-14
7.58577E+02  1.44788E-14
7.94328E+02  1.25718E-14
8.31763E+02  1.09118E-14
8.70963E+02  9.46489E-15
9.12011E+02  8.21406E-15
9.54993E+02  7.12452E-15
1.00000E+03  6.18186E-15
1.04713E+03  5.36034E-15
1.09648E+03  4.64843E-15
1.14815E+03  4.02757E-15
1.20226E+03  3.48883E-15
1.25893E+03  3.02169E-15
1.31826E+03  2.61856E-15
1.38038E+03  2.26911E-15
1.44544E+03  1.96744E-15
1.51356E+03  1.70944E-15
1.58489E+03  1.48612E-15
1.65959E+03  1.29478E-15
1.73780E+03  1.12825E-15
1.81970E+03  9.85915E-16
1.90546E+03  8.63830E-16
1.99526E+03  7.60396E-16
2.08930E+03  6.70133E-16
2.18776E+03  5.93462E-16
2.29087E+03  5.27310E-16
2.39883E+03  4.70972E-16
2.51189E+03  4.22375E-16
2.63027E+03  3.81391E-16
2.75423E+03  3.46288E-16
2.88403E+03  3.16553E-16
3.01995E+03  2.91114E-16
3.16228E+03  2.69520E-16
3.31131E+03  2.51228E-16
3.46737E+03  2.35790E-16
3.63078E+03  2.22868E-16
3.80189E+03  2.12063E-16
3.98107E+03  2.03067E-16
4.16869E+03  1.95588E-16
4.36516E+03  1.89491E-16
4.57088E+03  1.84578E-16
4.78630E+03  1.80718E-16
5.01187E+03  1.77728E-16
5.24807E+03  1.75516E-16
5.49541E+03  1.73986E-16
5.75440E+03  1.73043E-16
6.02560E+03  1.72633E-16
6.30957E+03  1.72693E-16
6.60693E+03  1.73171E-16
6.91831E+03  1.74021E-16
7.24436E+03  1.75206E-16
7.58577E+03  1.76698E-16
7.94328E+03  1.78475E-16
8.31763E+03  1.80507E-16
8.70963E+03  1.82779E-16
9.12010E+03  1.85277E-16
9.54993E+03  1.87988E-16
