#column 1 : lambda in microns
#column 2 : snu_eff in Jy / Lsun (in the cosmo of Planck 2013 XXX)
1.00000E+00  1.33979E-16
1.04713E+00  4.18156E-16
1.09648E+00  1.47856E-15
1.14815E+00  8.42609E-16
1.20226E+00  7.12173E-16
1.25893E+00  1.00703E-15
1.31826E+00  1.64856E-15
1.38038E+00  1.51987E-15
1.44544E+00  1.27655E-15
1.51356E+00  1.22803E-15
1.58489E+00  1.27305E-15
1.65959E+00  1.36644E-15
1.73780E+00  1.48374E-15
1.81970E+00  1.60648E-15
1.90546E+00  1.67689E-15
1.99526E+00  1.64360E-15
2.08930E+00  1.99728E-15
2.18776E+00  2.33829E-15
2.29087E+00  2.62555E-15
2.39883E+00  2.91222E-15
2.51189E+00  3.21651E-15
2.63027E+00  3.55113E-15
2.75423E+00  3.92542E-15
2.88403E+00  4.36758E-15
3.01995E+00  4.96930E-15
3.16228E+00  6.10639E-15
3.31131E+00  1.11731E-14
3.46737E+00  2.57380E-13
3.63078E+00  1.18784E-14
3.80189E+00  8.66410E-15
3.98107E+00  8.55354E-15
4.16869E+00  9.09538E-15
4.36516E+00  9.98192E-15
4.57088E+00  1.12032E-14
4.78630E+00  1.28855E-14
5.01187E+00  1.53663E-14
5.24807E+00  2.00858E-14
5.49541E+00  4.51938E-14
5.75440E+00  4.07932E-14
6.02560E+00  8.48766E-14
6.30957E+00  1.39940E-13
6.60693E+00  3.71213E-13
6.91831E+00  1.79908E-13
7.24436E+00  1.97243E-13
7.58578E+00  3.36803E-13
7.94328E+00  9.20336E-13
8.31764E+00  7.69594E-13
8.70964E+00  3.87182E-13
9.12011E+00  4.23003E-13
9.54992E+00  1.91715E-13
1.00000E+01  1.67714E-13
1.04713E+01  1.72546E-13
1.09648E+01  2.03517E-13
1.14815E+01  3.69637E-13
1.20226E+01  7.40575E-13
1.25893E+01  6.03018E-13
1.31826E+01  7.81212E-13
1.38038E+01  4.47735E-13
1.44544E+01  4.05830E-13
1.51356E+01  3.82371E-13
1.58489E+01  3.96106E-13
1.65959E+01  4.58485E-13
1.73780E+01  6.33431E-13
1.81970E+01  7.01997E-13
1.90546E+01  5.98100E-13
1.99526E+01  6.33334E-13
2.08930E+01  6.35762E-13
2.18776E+01  6.69355E-13
2.29087E+01  7.15125E-13
2.39883E+01  7.73206E-13
2.51189E+01  8.50053E-13
2.63027E+01  9.48207E-13
2.75423E+01  1.07312E-12
2.88403E+01  1.23010E-12
3.01995E+01  1.42187E-12
3.16228E+01  1.64780E-12
3.31131E+01  1.90139E-12
3.46737E+01  2.17241E-12
3.63078E+01  2.45487E-12
3.80189E+01  2.74768E-12
3.98107E+01  3.05750E-12
4.16869E+01  3.39410E-12
4.36516E+01  3.76981E-12
4.57088E+01  4.19972E-12
4.78630E+01  4.69166E-12
5.01187E+01  5.25826E-12
5.24807E+01  5.90276E-12
5.49541E+01  6.63164E-12
5.75440E+01  7.44230E-12
6.02560E+01  8.33326E-12
6.30957E+01  9.29491E-12
6.60693E+01  1.03207E-11
6.91831E+01  1.13978E-11
7.24436E+01  1.25073E-11
7.58578E+01  1.36312E-11
7.94328E+01  1.47422E-11
8.31764E+01  1.58226E-11
8.70963E+01  1.68450E-11
9.12011E+01  1.78044E-11
9.54992E+01  1.86701E-11
1.00000E+02  1.94284E-11
1.04713E+02  2.00693E-11
1.09648E+02  2.05755E-11
1.14815E+02  2.09607E-11
1.20226E+02  2.12493E-11
1.25893E+02  2.14738E-11
1.31826E+02  2.16689E-11
1.38038E+02  2.18849E-11
1.44544E+02  2.19211E-11
1.51356E+02  2.12082E-11
1.58489E+02  2.01003E-11
1.65959E+02  1.89681E-11
1.73780E+02  1.78794E-11
1.81970E+02  1.68017E-11
1.90546E+02  1.57344E-11
1.99526E+02  1.46569E-11
2.08930E+02  1.36018E-11
2.18776E+02  1.25621E-11
2.29087E+02  1.15447E-11
2.39883E+02  1.05639E-11
2.51189E+02  9.61805E-12
2.63027E+02  8.68916E-12
2.75423E+02  7.76280E-12
2.88403E+02  6.91556E-12
3.01995E+02  6.14541E-12
3.16228E+02  5.44558E-12
3.31131E+02  4.81176E-12
3.46737E+02  4.24312E-12
3.63078E+02  3.73361E-12
3.80189E+02  3.28081E-12
3.98107E+02  2.87650E-12
4.16869E+02  2.51809E-12
4.36516E+02  2.20236E-12
4.57088E+02  1.92320E-12
4.78630E+02  1.67772E-12
5.01187E+02  1.46167E-12
5.24807E+02  1.27326E-12
5.49541E+02  1.10746E-12
5.75440E+02  9.62620E-13
6.02560E+02  8.36625E-13
6.30957E+02  7.26925E-13
6.60693E+02  6.31533E-13
6.91831E+02  5.48167E-13
7.24436E+02  4.76001E-13
7.58577E+02  4.13060E-13
7.94328E+02  3.58569E-13
8.31763E+02  3.11015E-13
8.70963E+02  2.69771E-13
9.12011E+02  2.33755E-13
9.54993E+02  2.02486E-13
1.00000E+03  1.75335E-13
1.04713E+03  1.51907E-13
1.09648E+03  1.31558E-13
1.14815E+03  1.14001E-13
1.20226E+03  9.89603E-14
1.25893E+03  8.59434E-14
1.31826E+03  7.47802E-14
1.38038E+03  6.50471E-14
1.44544E+03  5.67282E-14
1.51356E+03  4.95877E-14
1.58489E+03  4.35333E-14
1.65959E+03  3.82470E-14
1.73780E+03  3.37521E-14
1.81970E+03  2.98716E-14
1.90546E+03  2.65633E-14
1.99526E+03  2.37073E-14
2.08930E+03  2.12954E-14
2.18776E+03  1.92283E-14
2.29087E+03  1.74735E-14
2.39883E+03  1.59703E-14
2.51189E+03  1.46919E-14
2.63027E+03  1.36052E-14
2.75423E+03  1.26873E-14
2.88403E+03  1.19159E-14
3.01995E+03  1.12678E-14
3.16228E+03  1.07251E-14
3.31131E+03  1.02711E-14
3.46737E+03  9.89740E-15
3.63078E+03  9.59260E-15
3.80189E+03  9.34880E-15
3.98107E+03  9.15567E-15
4.16869E+03  9.00723E-15
4.36516E+03  8.89809E-15
4.57088E+03  8.82267E-15
4.78630E+03  8.77767E-15
5.01187E+03  8.75966E-15
5.24807E+03  8.76530E-15
5.49541E+03  8.79197E-15
5.75440E+03  8.83732E-15
6.02560E+03  8.89997E-15
6.30957E+03  8.97841E-15
6.60693E+03  9.07093E-15
6.91831E+03  9.17660E-15
7.24436E+03  9.29454E-15
7.58577E+03  9.42401E-15
7.94328E+03  9.56440E-15
8.31763E+03  9.71510E-15
8.70963E+03  9.87595E-15
9.12010E+03  1.00465E-14
9.54993E+03  1.02264E-14
