#column 1 : lambda in microns
#column 2 : snu_eff in Jy / Lsun (in the cosmo of Planck 2013 XXX)
1.00000E+00  4.46760E-37
1.04713E+00  1.39353E-36
1.09648E+00  4.35389E-36
1.14815E+00  1.36248E-35
1.20226E+00  4.27028E-35
1.25893E+00  1.34038E-34
1.31826E+00  4.21321E-34
1.38038E+00  1.32615E-33
1.44544E+00  4.17963E-33
1.51356E+00  1.31892E-32
1.58489E+00  4.16686E-32
1.65959E+00  1.31791E-31
1.73780E+00  4.17268E-31
1.81970E+00  1.32244E-30
1.90546E+00  4.19511E-30
1.99526E+00  1.33196E-29
2.08930E+00  4.23248E-29
2.18776E+00  1.34597E-28
2.29087E+00  4.28339E-28
2.39883E+00  1.36406E-27
2.51189E+00  4.34661E-27
2.63027E+00  1.38587E-26
2.75423E+00  4.42112E-26
2.88403E+00  1.41111E-25
3.01995E+00  4.50603E-25
3.16228E+00  1.43952E-24
3.31131E+00  4.60061E-24
3.46737E+00  1.47088E-23
3.63078E+00  4.70426E-23
3.80189E+00  1.50503E-22
3.98107E+00  4.81645E-22
4.16869E+00  1.54181E-21
4.36516E+00  4.93677E-21
4.57088E+00  1.58109E-20
4.78630E+00  5.06489E-20
5.01187E+00  1.82796E-19
5.24807E+00  1.03034E-19
5.49541E+00  8.64230E-20
5.75440E+00  1.22874E-19
6.02560E+00  2.02311E-19
6.30957E+00  1.85973E-19
6.60693E+00  1.55267E-19
6.91831E+00  1.48776E-19
7.24436E+00  1.53892E-19
7.58578E+00  1.65016E-19
7.94328E+00  1.79142E-19
8.31764E+00  1.93983E-19
8.70964E+00  2.02231E-19
9.12011E+00  1.97578E-19
9.54992E+00  2.40714E-19
1.00000E+01  2.83009E-19
1.04713E+01  3.18270E-19
1.09648E+01  3.53226E-19
1.14815E+01  3.90767E-19
1.20226E+01  4.32054E-19
1.25893E+01  4.78867E-19
1.31826E+01  5.34463E-19
1.38038E+01  6.10598E-19
1.44544E+01  7.54988E-19
1.51356E+01  1.39223E-18
1.58489E+01  3.22522E-17
1.65959E+01  1.49396E-18
1.73780E+01  1.10248E-18
1.81970E+01  1.10506E-18
1.90546E+01  1.19639E-18
1.99526E+01  1.33942E-18
2.08930E+01  1.53472E-18
2.18776E+01  1.80244E-18
2.29087E+01  2.18592E-18
2.39883E+01  2.87090E-18
2.51189E+01  6.18494E-18
2.63027E+01  5.75760E-18
2.75423E+01  1.15863E-17
2.88403E+01  1.88912E-17
3.01995E+01  4.91931E-17
3.16228E+01  2.46633E-17
3.31131E+01  2.72654E-17
3.46737E+01  4.60408E-17
3.63078E+01  1.23993E-16
3.80189E+01  1.04789E-16
3.98107E+01  5.41435E-17
4.16869E+01  5.93812E-17
4.36516E+01  2.89253E-17
4.57088E+01  2.63448E-17
4.78630E+01  2.77042E-17
5.01187E+01  3.25992E-17
5.24807E+01  5.55536E-17
5.49541E+01  1.06809E-16
5.75440E+01  8.91639E-17
6.02560E+01  1.15091E-16
6.30957E+01  7.08727E-17
6.60693E+01  6.66132E-17
6.91831E+01  6.52862E-17
7.24436E+01  6.99157E-17
7.58578E+01  8.25072E-17
7.94328E+01  1.13561E-16
8.31764E+01  1.29551E-16
8.70963E+01  1.18148E-16
9.12011E+01  1.29036E-16
9.54992E+01  1.34037E-16
1.00000E+02  1.44901E-16
1.04713E+02  1.58921E-16
1.09648E+02  1.76668E-16
1.14815E+02  2.00575E-16
1.20226E+02  2.32434E-16
1.25893E+02  2.75367E-16
1.31826E+02  3.33723E-16
1.38038E+02  4.11430E-16
1.44544E+02  5.11762E-16
1.51356E+02  6.33360E-16
1.58489E+02  7.70697E-16
1.65959E+02  9.16395E-16
1.73780E+02  1.06182E-15
1.81970E+02  1.20285E-15
1.90546E+02  1.33842E-15
1.99526E+02  1.46935E-15
2.08930E+02  1.59762E-15
2.18776E+02  1.72600E-15
2.29087E+02  1.85379E-15
2.39883E+02  1.98093E-15
2.51189E+02  2.10600E-15
2.63027E+02  2.22731E-15
2.75423E+02  2.33923E-15
2.88403E+02  2.44093E-15
3.01995E+02  2.53631E-15
3.16228E+02  2.60999E-15
3.31131E+02  2.67026E-15
3.46737E+02  2.71364E-15
3.63078E+02  2.73263E-15
3.80189E+02  2.72956E-15
3.98107E+02  2.71251E-15
4.16869E+02  2.67367E-15
4.36516E+02  2.62172E-15
4.57088E+02  2.54816E-15
4.78630E+02  2.46608E-15
5.01187E+02  2.37088E-15
5.24807E+02  2.26544E-15
5.49541E+02  2.15836E-15
5.75440E+02  2.05240E-15
6.02560E+02  1.94874E-15
6.30957E+02  1.85506E-15
6.60693E+02  1.75225E-15
6.91831E+02  1.61217E-15
7.24436E+02  1.45733E-15
7.58577E+02  1.31549E-15
7.94328E+02  1.18709E-15
8.31763E+02  1.06851E-15
8.70963E+02  9.59953E-16
9.12011E+02  8.58836E-16
9.54993E+02  7.67237E-16
1.00000E+03  6.82794E-16
1.04713E+03  6.06209E-16
1.09648E+03  5.36494E-16
1.14815E+03  4.73132E-16
1.20226E+03  4.14373E-16
1.25893E+03  3.59640E-16
1.31826E+03  3.11583E-16
1.38038E+03  2.69795E-16
1.44544E+03  2.33355E-16
1.51356E+03  2.01408E-16
1.58489E+03  1.73666E-16
1.65959E+03  1.49550E-16
1.73780E+03  1.28991E-16
1.81970E+03  1.11066E-16
1.90546E+03  9.55481E-17
1.99526E+03  8.22515E-17
2.08930E+03  7.07649E-17
2.18776E+03  6.08902E-17
2.29087E+03  5.24001E-17
2.39883E+03  4.50743E-17
2.51189E+03  3.87998E-17
2.63027E+03  3.34034E-17
2.75423E+03  2.87895E-17
2.88403E+03  2.48293E-17
3.01995E+03  2.14318E-17
3.16228E+03  1.85111E-17
3.31131E+03  1.60163E-17
3.46737E+03  1.38815E-17
3.63078E+03  1.20338E-17
3.80189E+03  1.04473E-17
3.98107E+03  9.08994E-18
4.16869E+03  7.91840E-18
4.36516E+03  6.90842E-18
4.57088E+03  6.04355E-18
4.78630E+03  5.30477E-18
5.01187E+03  4.66987E-18
5.24807E+03  4.12635E-18
5.49541E+03  3.66610E-18
5.75440E+03  3.27054E-18
6.02560E+03  2.93899E-18
6.30957E+03  2.64931E-18
6.60693E+03  2.40802E-18
6.91831E+03  2.20141E-18
7.24436E+03  2.03222E-18
7.58577E+03  1.88568E-18
7.94328E+03  1.76418E-18
8.31763E+03  1.66185E-18
8.70963E+03  1.57702E-18
9.12010E+03  1.50647E-18
9.54993E+03  1.44939E-18
