#column 1 : lambda in microns
#column 2 : snu_eff in Jy / Lsun (in the cosmo of Planck 2013 XXX)
1.00000E+00  5.71570E-40
1.04713E+00  1.76095E-39
1.09648E+00  5.43551E-39
1.14815E+00  1.68089E-38
1.20226E+00  5.20763E-38
1.25893E+00  1.61631E-37
1.31826E+00  5.02552E-37
1.38038E+00  1.56528E-36
1.44544E+00  4.88356E-36
1.51356E+00  1.52614E-35
1.58489E+00  4.77685E-35
1.65959E+00  1.49747E-34
1.73780E+00  4.70124E-34
1.81970E+00  1.47802E-33
1.90546E+00  4.65307E-33
1.99526E+00  1.46676E-32
2.08930E+00  4.62926E-32
2.18776E+00  1.46275E-31
2.29087E+00  4.62708E-31
2.39883E+00  1.46520E-30
2.51189E+00  4.64425E-30
2.63027E+00  1.47345E-29
2.75423E+00  4.67880E-29
2.88403E+00  1.48691E-28
3.01995E+00  4.72900E-28
3.16228E+00  1.50510E-27
3.31131E+00  4.79343E-27
3.46737E+00  1.52756E-26
3.63078E+00  4.87086E-26
3.80189E+00  1.55398E-25
3.98107E+00  4.96022E-25
4.16869E+00  1.58402E-24
4.36516E+00  5.06063E-24
4.57088E+00  1.61742E-23
4.78630E+00  5.17136E-23
5.01187E+00  1.65400E-22
5.24807E+00  5.29175E-22
5.49541E+00  1.69354E-21
5.75440E+00  5.42135E-21
6.02560E+00  1.73591E-20
6.30957E+00  5.87662E-20
6.60693E+00  9.37938E-20
6.91831E+00  5.33512E-20
7.24436E+00  6.01737E-20
7.58578E+00  9.97998E-20
7.94328E+00  1.26372E-19
8.31764E+00  1.02469E-19
8.70964E+00  9.19964E-20
9.12011E+00  9.22482E-20
9.54992E+00  9.75018E-20
1.00000E+01  1.05488E-19
1.04713E+01  1.14563E-19
1.09648E+01  1.22435E-19
1.14815E+01  1.21826E-19
1.20226E+01  1.31984E-19
1.25893E+01  1.61464E-19
1.31826E+01  1.84430E-19
1.38038E+01  2.05788E-19
1.44544E+01  2.27983E-19
1.51356E+01  2.52139E-19
1.58489E+01  2.78949E-19
1.65959E+01  3.09896E-19
1.73780E+01  3.49042E-19
1.81970E+01  4.09705E-19
1.90546E+01  5.68435E-19
1.99526E+01  2.64064E-18
2.08930E+01  1.87786E-18
2.18776E+01  7.34465E-19
2.29087E+01  6.69749E-19
2.39883E+01  7.05481E-19
2.51189E+01  7.79398E-19
2.63027E+01  8.85404E-19
2.75423E+01  1.02807E-18
2.88403E+01  1.22568E-18
3.01995E+01  1.53127E-18
3.16228E+01  2.32836E-18
3.31131E+01  3.41779E-18
3.46737E+01  5.63096E-18
3.63078E+01  6.95693E-18
3.80189E+01  3.63057E-17
3.98107E+01  1.53838E-17
4.16869E+01  1.64719E-17
4.36516E+01  2.04510E-17
4.57088E+01  4.51760E-17
4.78630E+01  7.81059E-17
5.01187E+01  4.02879E-17
5.24807E+01  3.96459E-17
5.49541E+01  2.24759E-17
5.75440E+01  1.68105E-17
6.02560E+01  1.67524E-17
6.30957E+01  1.85579E-17
6.60693E+01  2.42607E-17
6.91831E+01  9.79113E-17
7.24436E+01  4.79935E-17
7.58578E+01  5.32198E-17
7.94328E+01  5.35914E-17
8.31764E+01  4.77578E-17
8.70963E+01  4.26977E-17
9.12011E+01  4.16648E-17
9.54992E+01  4.70892E-17
1.00000E+02  6.01561E-17
1.04713E+02  7.67175E-17
1.09648E+02  7.56725E-17
1.14815E+02  7.73399E-17
1.20226E+02  8.22078E-17
1.25893E+02  8.80931E-17
1.31826E+02  9.60757E-17
1.38038E+02  1.06301E-16
1.44544E+02  1.19564E-16
1.51356E+02  1.37248E-16
1.58489E+02  1.60913E-16
1.65959E+02  1.93219E-16
1.73780E+02  2.36920E-16
1.81970E+02  2.93959E-16
1.90546E+02  3.65760E-16
1.99526E+02  4.49908E-16
2.08930E+02  5.41314E-16
2.18776E+02  6.34929E-16
2.29087E+02  7.25935E-16
2.39883E+02  8.12846E-16
2.51189E+02  8.95441E-16
2.63027E+02  9.75411E-16
2.75423E+02  1.05327E-15
2.88403E+02  1.13040E-15
3.01995E+02  1.20723E-15
3.16228E+02  1.28211E-15
3.31131E+02  1.35362E-15
3.46737E+02  1.42168E-15
3.63078E+02  1.48392E-15
3.80189E+02  1.54070E-15
3.98107E+02  1.58711E-15
4.16869E+02  1.62235E-15
4.36516E+02  1.64552E-15
4.57088E+02  1.66069E-15
4.78630E+02  1.65960E-15
5.01187E+02  1.65103E-15
5.24807E+02  1.62635E-15
5.49541E+02  1.59404E-15
5.75440E+02  1.55159E-15
6.02560E+02  1.50260E-15
6.30957E+02  1.44362E-15
6.60693E+02  1.38002E-15
6.91831E+02  1.31292E-15
7.24436E+02  1.24604E-15
7.58577E+02  1.18230E-15
7.94328E+02  1.11955E-15
8.31763E+02  1.06250E-15
8.70963E+02  9.90296E-16
9.12011E+02  8.96931E-16
9.54993E+02  8.09019E-16
1.00000E+03  7.28024E-16
1.04713E+03  6.55168E-16
1.09648E+03  5.88321E-16
1.14815E+03  5.27449E-16
1.20226E+03  4.70848E-16
1.25893E+03  4.18972E-16
1.31826E+03  3.72023E-16
1.38038E+03  3.29049E-16
1.44544E+03  2.90456E-16
1.51356E+03  2.55210E-16
1.58489E+03  2.22235E-16
1.65959E+03  1.92531E-16
1.73780E+03  1.66327E-16
1.81970E+03  1.43955E-16
1.90546E+03  1.24090E-16
1.99526E+03  1.07212E-16
2.08930E+03  9.23197E-17
2.18776E+03  7.94906E-17
2.29087E+03  6.83976E-17
2.39883E+03  5.88392E-17
2.51189E+03  5.06215E-17
2.63027E+03  4.35078E-17
2.75423E+03  3.74171E-17
2.88403E+03  3.21929E-17
3.01995E+03  2.76865E-17
3.16228E+03  2.38142E-17
3.31131E+03  2.05166E-17
3.46737E+03  1.76669E-17
3.63078E+03  1.52263E-17
3.80189E+03  1.31347E-17
3.98107E+03  1.13414E-17
4.16869E+03  9.80970E-18
4.36516E+03  8.49530E-18
4.57088E+03  7.35879E-18
4.78630E+03  6.38929E-18
5.01187E+03  5.55596E-18
5.24807E+03  4.83815E-18
5.49541E+03  4.22316E-18
5.75440E+03  3.69345E-18
6.02560E+03  3.23896E-18
6.30957E+03  2.85169E-18
6.60693E+03  2.51923E-18
6.91831E+03  2.23474E-18
7.24436E+03  1.99282E-18
7.58577E+03  1.78903E-18
7.94328E+03  1.61261E-18
8.31763E+03  1.46547E-18
8.70963E+03  1.33940E-18
9.12010E+03  1.23382E-18
9.54993E+03  1.14533E-18
