#column 1 : lambda in microns
#column 2 : snu_eff in Jy / Lsun (in the cosmo of Planck 2013 XXX)
1.00000E+00  6.93713E-41
1.04713E+00  2.13021E-40
1.09648E+00  6.55396E-40
1.14815E+00  2.02018E-39
1.20226E+00  6.23868E-39
1.25893E+00  1.93019E-38
1.31826E+00  5.98277E-38
1.38038E+00  1.85775E-37
1.44544E+00  5.77885E-37
1.51356E+00  1.80071E-36
1.58489E+00  5.62048E-36
1.65959E+00  1.75717E-35
1.73780E+00  5.50221E-35
1.81970E+00  1.72553E-34
1.90546E+00  5.41926E-34
1.99526E+00  1.70437E-33
2.08930E+00  5.36749E-33
2.18776E+00  1.69251E-32
2.29087E+00  5.34343E-32
2.39883E+00  1.68892E-31
2.51189E+00  5.34401E-31
2.63027E+00  1.69268E-30
2.75423E+00  5.36664E-30
2.88403E+00  1.70304E-29
3.01995E+00  5.40904E-29
3.16228E+00  1.71935E-28
3.31131E+00  5.46932E-28
3.46737E+00  1.74104E-27
3.63078E+00  5.54586E-27
3.80189E+00  1.76764E-26
3.98107E+00  5.63722E-26
4.16869E+00  1.79874E-25
4.36516E+00  5.74224E-25
4.57088E+00  1.83398E-24
4.78630E+00  5.85993E-24
5.01187E+00  1.87310E-23
5.24807E+00  5.98940E-23
5.49541E+00  1.91583E-22
5.75440E+00  6.13004E-22
6.02560E+00  1.96198E-21
6.30957E+00  6.28115E-21
6.60693E+00  2.01138E-20
6.91831E+00  7.32591E-20
7.24436E+00  6.51172E-20
7.58578E+00  4.52818E-20
7.94328E+00  5.76403E-20
8.31764E+00  9.85363E-20
8.70964E+00  1.04767E-19
9.12011E+00  8.52041E-20
9.54992E+00  7.91284E-20
1.00000E+01  8.07315E-20
1.04713E+01  8.60291E-20
1.09648E+01  9.32763E-20
1.14815E+01  1.01101E-19
1.20226E+01  1.06940E-19
1.25893E+01  1.04350E-19
1.31826E+01  1.21202E-19
1.38038E+01  1.45250E-19
1.44544E+01  1.64249E-19
1.51356E+01  1.82970E-19
1.58489E+01  2.02501E-19
1.65959E+01  2.23835E-19
1.73780E+01  2.48024E-19
1.81970E+01  2.75768E-19
1.90546E+01  3.12717E-19
1.99526E+01  3.75406E-19
2.08930E+01  5.80641E-19
2.18776E+01  8.54469E-18
2.29087E+01  1.03354E-18
2.39883E+01  6.04126E-19
2.51189E+01  5.83508E-19
2.63027E+01  6.24435E-19
2.75423E+01  6.95704E-19
2.88403E+01  7.94715E-19
3.01995E+01  9.27873E-19
3.16228E+01  1.11602E-18
3.31131E+01  1.42220E-18
3.46737E+01  2.53639E-18
3.63078E+01  2.87453E-18
3.80189E+01  6.27552E-18
3.98107E+01  7.31073E-18
4.16869E+01  3.97541E-17
4.36516E+01  1.26296E-17
4.57088E+01  1.42709E-17
4.78630E+01  2.06048E-17
5.01187E+01  5.23324E-17
5.24807E+01  6.57529E-17
5.49541E+01  3.05006E-17
5.75440E+01  3.76961E-17
6.02560E+01  1.69949E-17
6.30957E+01  1.43729E-17
6.60693E+01  1.47430E-17
6.91831E+01  1.67704E-17
7.24436E+01  2.39909E-17
7.58578E+01  8.31637E-17
7.94328E+01  4.52319E-17
8.31764E+01  5.30550E-17
8.70963E+01  4.02055E-17
9.12011E+01  3.90162E-17
9.54992E+01  3.67598E-17
1.00000E+02  3.69538E-17
1.04713E+02  4.26246E-17
1.09648E+02  6.39007E-17
1.14815E+02  6.82963E-17
1.20226E+02  6.51251E-17
1.25893E+02  6.99679E-17
1.31826E+02  7.23388E-17
1.38038E+02  7.78678E-17
1.44544E+02  8.51710E-17
1.51356E+02  9.46130E-17
1.58489E+02  1.06904E-16
1.65959E+02  1.23402E-16
1.73780E+02  1.45587E-16
1.81970E+02  1.75716E-16
1.90546E+02  2.16273E-16
1.99526E+02  2.69216E-16
2.08930E+02  3.34140E-16
2.18776E+02  4.09020E-16
2.29087E+02  4.89029E-16
2.39883E+02  5.70034E-16
2.51189E+02  6.48137E-16
2.63027E+02  7.22322E-16
2.75423E+02  7.93121E-16
2.88403E+02  8.62004E-16
3.01995E+02  9.29307E-16
3.16228E+02  9.96059E-16
3.31131E+02  1.06194E-15
3.46737E+02  1.12647E-15
3.63078E+02  1.18728E-15
3.80189E+02  1.24624E-15
3.98107E+02  1.29875E-15
4.16869E+02  1.34470E-15
4.36516E+02  1.38248E-15
4.57088E+02  1.41049E-15
4.78630E+02  1.43191E-15
5.01187E+02  1.43894E-15
5.24807E+02  1.43764E-15
5.49541E+02  1.42413E-15
5.75440E+02  1.40300E-15
6.02560E+02  1.37269E-15
6.30957E+02  1.33372E-15
6.60693E+02  1.28876E-15
6.91831E+02  1.23809E-15
7.24436E+02  1.18043E-15
7.58577E+02  1.12430E-15
7.94328E+02  1.06560E-15
8.31763E+02  1.00893E-15
8.70963E+02  9.58458E-16
9.12011E+02  9.08129E-16
9.54993E+02  8.39197E-16
1.00000E+03  7.58087E-16
1.04713E+03  6.82133E-16
1.09648E+03  6.14235E-16
1.14815E+03  5.52784E-16
1.20226E+03  4.95994E-16
1.25893E+03  4.43992E-16
1.31826E+03  3.96196E-16
1.38038E+03  3.52426E-16
1.44544E+03  3.12751E-16
1.51356E+03  2.76384E-16
1.58489E+03  2.43706E-16
1.65959E+03  2.13803E-16
1.73780E+03  1.85708E-16
1.81970E+03  1.60787E-16
1.90546E+03  1.39087E-16
1.99526E+03  1.20032E-16
2.08930E+03  1.03615E-16
2.18776E+03  8.94250E-17
2.29087E+03  7.70533E-17
2.39883E+03  6.62782E-17
2.51189E+03  5.70666E-17
2.63027E+03  4.90827E-17
2.75423E+03  4.21956E-17
2.88403E+03  3.62959E-17
3.01995E+03  3.12226E-17
3.16228E+03  2.68436E-17
3.31131E+03  2.31029E-17
3.46737E+03  1.98827E-17
3.63078E+03  1.71183E-17
3.80189E+03  1.47548E-17
3.98107E+03  1.27149E-17
4.16869E+03  1.09545E-17
4.36516E+03  9.46477E-18
4.57088E+03  8.20492E-18
4.78630E+03  7.09328E-18
5.01187E+03  6.15206E-18
5.24807E+03  5.34255E-18
5.49541E+03  4.64703E-18
5.75440E+03  4.05003E-18
6.02560E+03  3.53634E-18
6.30957E+03  3.09473E-18
6.60693E+03  2.71631E-18
6.91831E+03  2.39480E-18
7.24436E+03  2.11466E-18
7.58577E+03  1.88167E-18
7.94328E+03  1.67836E-18
8.31763E+03  1.50870E-18
8.70963E+03  1.36288E-18
9.12010E+03  1.23988E-18
9.54993E+03  1.13539E-18
