#column 1 : lambda in microns
#column 2 : snu_eff in Jy / Lsun (in the cosmo of Planck 2013 XXX)
1.00000E+00  6.34106E-17
1.04713E+00  1.97930E-16
1.09648E+00  7.04125E-16
1.14815E+00  6.28338E-16
1.20226E+00  4.41465E-16
1.25893E+00  5.60612E-16
1.31826E+00  9.51509E-16
1.38038E+00  1.01187E-15
1.44544E+00  8.28441E-16
1.51356E+00  7.73119E-16
1.58489E+00  7.90562E-16
1.65959E+00  8.43576E-16
1.73780E+00  9.14825E-16
1.81970E+00  9.92422E-16
1.90546E+00  1.05109E-15
1.99526E+00  1.02889E-15
2.08930E+00  1.19079E-15
2.18776E+00  1.42228E-15
2.29087E+00  1.60707E-15
2.39883E+00  1.78661E-15
2.51189E+00  1.97461E-15
2.63027E+00  2.18020E-15
2.75423E+00  2.40811E-15
2.88403E+00  2.67229E-15
3.01995E+00  3.01569E-15
3.16228E+00  3.60031E-15
3.31131E+00  5.52629E-15
3.46737E+00  8.07929E-14
3.63078E+00  9.73868E-15
3.80189E+00  5.62566E-15
3.98107E+00  5.34714E-15
4.16869E+00  5.61562E-15
4.36516E+00  6.12617E-15
4.57088E+00  6.83916E-15
4.78630E+00  7.81121E-15
5.01187E+00  9.21487E-15
5.24807E+00  1.16283E-14
5.49541E+00  2.13952E-14
5.75440E+00  2.38463E-14
6.02560E+00  5.43045E-14
6.30957E+00  6.27416E-14
6.60693E+00  3.57116E-13
6.91831E+00  1.08394E-13
7.24436E+00  1.21566E-13
7.58578E+00  1.76364E-13
7.94328E+00  4.56238E-13
8.31764E+00  5.70692E-13
8.70964E+00  2.56964E-13
9.12011E+00  3.18204E-13
9.54992E+00  1.33220E-13
1.00000E+01  1.06999E-13
1.04713E+01  1.06709E-13
1.09648E+01  1.20748E-13
1.14815E+01  1.80880E-13
1.20226E+01  6.97486E-13
1.25893E+01  3.57146E-13
1.31826E+01  4.17724E-13
1.38038E+01  2.99787E-13
1.44544E+01  2.81932E-13
1.51356E+01  2.54049E-13
1.58489E+01  2.44203E-13
1.65959E+01  2.74689E-13
1.73780E+01  4.20177E-13
1.81970E+01  4.31779E-13
1.90546E+01  3.85295E-13
1.99526E+01  3.99457E-13
2.08930E+01  3.96761E-13
2.18776E+01  4.15668E-13
2.29087E+01  4.42646E-13
2.39883E+01  4.77320E-13
2.51189E+01  5.22682E-13
2.63027E+01  5.80978E-13
2.75423E+01  6.55146E-13
2.88403E+01  7.48694E-13
3.01995E+01  8.64277E-13
3.16228E+01  1.00244E-12
3.31131E+01  1.15842E-12
3.46737E+01  1.32722E-12
3.63078E+01  1.50383E-12
3.80189E+01  1.68793E-12
3.98107E+01  1.88048E-12
4.16869E+01  2.08784E-12
4.36516E+01  2.31905E-12
4.57088E+01  2.58080E-12
4.78630E+01  2.88059E-12
5.01187E+01  3.22579E-12
5.24807E+01  3.61870E-12
5.49541E+01  4.06447E-12
5.75440E+01  4.56165E-12
6.02560E+01  5.10867E-12
6.30957E+01  5.70510E-12
6.60693E+01  6.34035E-12
6.91831E+01  7.01100E-12
7.24436E+01  7.70135E-12
7.58578E+01  8.40347E-12
7.94328E+01  9.10962E-12
8.31764E+01  9.79187E-12
8.70963E+01  1.04411E-11
9.12011E+01  1.10529E-11
9.54992E+01  1.16093E-11
1.00000E+02  1.21022E-11
1.04713E+02  1.25170E-11
1.09648E+02  1.28526E-11
1.14815E+02  1.31121E-11
1.20226E+02  1.33001E-11
1.25893E+02  1.34497E-11
1.31826E+02  1.35669E-11
1.38038E+02  1.36988E-11
1.44544E+02  1.37769E-11
1.51356E+02  1.34586E-11
1.58489E+02  1.27816E-11
1.65959E+02  1.20614E-11
1.73780E+02  1.13709E-11
1.81970E+02  1.06985E-11
1.90546E+02  1.00237E-11
1.99526E+02  9.35543E-12
2.08930E+02  8.68935E-12
2.18776E+02  8.02908E-12
2.29087E+02  7.39051E-12
2.39883E+02  6.76416E-12
2.51189E+02  6.16806E-12
2.63027E+02  5.58441E-12
2.75423E+02  5.00183E-12
2.88403E+02  4.45653E-12
3.01995E+02  3.96301E-12
3.16228E+02  3.51253E-12
3.31131E+02  3.10623E-12
3.46737E+02  2.74101E-12
3.63078E+02  2.41336E-12
3.80189E+02  2.11946E-12
3.98107E+02  1.85965E-12
4.16869E+02  1.62853E-12
4.36516E+02  1.42388E-12
4.57088E+02  1.24399E-12
4.78630E+02  1.08575E-12
5.01187E+02  9.45992E-13
5.24807E+02  8.24075E-13
5.49541E+02  7.17176E-13
5.75440E+02  6.23414E-13
6.02560E+02  5.41993E-13
6.30957E+02  4.70789E-13
6.60693E+02  4.08926E-13
6.91831E+02  3.54956E-13
7.24436E+02  3.08326E-13
7.58577E+02  2.67602E-13
7.94328E+02  2.32167E-13
8.31763E+02  2.01422E-13
8.70963E+02  1.74690E-13
9.12011E+02  1.51446E-13
9.54993E+02  1.31164E-13
1.00000E+03  1.13610E-13
1.04713E+03  9.84182E-14
1.09648E+03  8.53570E-14
1.14815E+03  7.38397E-14
1.20226E+03  6.41700E-14
1.25893E+03  5.56282E-14
1.31826E+03  4.83479E-14
1.38038E+03  4.21007E-14
1.44544E+03  3.67364E-14
1.51356E+03  3.20782E-14
1.58489E+03  2.81221E-14
1.65959E+03  2.46842E-14
1.73780E+03  2.17549E-14
1.81970E+03  1.92587E-14
1.90546E+03  1.71018E-14
1.99526E+03  1.52683E-14
2.08930E+03  1.36927E-14
2.18776E+03  1.23464E-14
2.29087E+03  1.12044E-14
2.39883E+03  1.02242E-14
2.51189E+03  9.39438E-15
2.63027E+03  8.68804E-15
2.75423E+03  8.09057E-15
2.88403E+03  7.58795E-15
3.01995E+03  7.16488E-15
3.16228E+03  6.80940E-15
3.31131E+03  6.51330E-15
3.46737E+03  6.26883E-15
3.63078E+03  6.06905E-15
3.80189E+03  5.90666E-15
3.98107E+03  5.77893E-15
4.16869E+03  5.68011E-15
4.36516E+03  5.60629E-15
4.57088E+03  5.55475E-15
4.78630E+03  5.52278E-15
5.01187E+03  5.50793E-15
5.24807E+03  5.50835E-15
5.49541E+03  5.52239E-15
5.75440E+03  5.54859E-15
6.02560E+03  5.58580E-15
6.30957E+03  5.63289E-15
6.60693E+03  5.68921E-15
6.91831E+03  5.75386E-15
7.24436E+03  5.82645E-15
7.58577E+03  5.90628E-15
7.94328E+03  5.99300E-15
8.31763E+03  6.08634E-15
8.70963E+03  6.18604E-15
9.12010E+03  6.29191E-15
9.54993E+03  6.40372E-15
