#column 1 : lambda in microns
#column 2 : snu_eff in Jy / Lsun (in the cosmo of Planck 2013 XXX)
1.00000E+00  1.04592E-39
1.04713E+00  3.22540E-39
1.09648E+00  9.96509E-39
1.14815E+00  3.08448E-38
1.20226E+00  9.56480E-38
1.25893E+00  2.97132E-37
1.31826E+00  9.24663E-37
1.38038E+00  2.88247E-36
1.44544E+00  9.00055E-36
1.51356E+00  2.81497E-35
1.58489E+00  8.81776E-35
1.65959E+00  2.76629E-34
1.73780E+00  8.69088E-34
1.81970E+00  2.73420E-33
1.90546E+00  8.61335E-33
1.99526E+00  2.71682E-32
2.08930E+00  8.57966E-32
2.18776E+00  2.71251E-31
2.29087E+00  8.58497E-31
2.39883E+00  2.71986E-30
2.51189E+00  8.62518E-30
2.63027E+00  2.73766E-29
2.75423E+00  8.69679E-29
2.88403E+00  2.76490E-28
3.01995E+00  8.79672E-28
3.16228E+00  2.80067E-27
3.31131E+00  8.92242E-27
3.46737E+00  2.84422E-26
3.63078E+00  9.07171E-26
3.80189E+00  2.89493E-25
3.98107E+00  9.24268E-25
4.16869E+00  2.95224E-24
4.36516E+00  9.43378E-24
4.57088E+00  3.01569E-23
4.78630E+00  9.64370E-23
5.01187E+00  3.08492E-22
5.24807E+00  9.87127E-22
5.49541E+00  3.15958E-21
5.75440E+00  1.01157E-20
6.02560E+00  3.23942E-20
6.30957E+00  1.16902E-19
6.60693E+00  6.58889E-20
6.91831E+00  5.52657E-20
7.24436E+00  7.85756E-20
7.58578E+00  1.29357E-19
7.94328E+00  1.18921E-19
8.31764E+00  9.92925E-20
8.70964E+00  9.51424E-20
9.12011E+00  9.84124E-20
9.54992E+00  1.05528E-19
1.00000E+01  1.14561E-19
1.04713E+01  1.24061E-19
1.09648E+01  1.29338E-19
1.14815E+01  1.26370E-19
1.20226E+01  1.53921E-19
1.25893E+01  1.81011E-19
1.31826E+01  2.03573E-19
1.38038E+01  2.25916E-19
1.44544E+01  2.49945E-19
1.51356E+01  2.76351E-19
1.58489E+01  3.06354E-19
1.65959E+01  3.41979E-19
1.73780E+01  3.90792E-19
1.81970E+01  4.83344E-19
1.90546E+01  8.91179E-19
1.99526E+01  2.06324E-17
2.08930E+01  9.57217E-19
2.18776E+01  7.07546E-19
2.29087E+01  7.10272E-19
2.39883E+01  7.70230E-19
2.51189E+01  8.63813E-19
2.63027E+01  9.91382E-19
2.75423E+01  1.16638E-18
2.88403E+01  1.41623E-18
3.01995E+01  1.86030E-18
3.16228E+01  3.99080E-18
3.31131E+01  3.72544E-18
3.46737E+01  7.47303E-18
3.63078E+01  1.21711E-17
3.80189E+01  3.16379E-17
3.98107E+01  1.59106E-17
4.16869E+01  1.76007E-17
4.36516E+01  2.96865E-17
4.57088E+01  7.98344E-17
4.78630E+01  6.75291E-17
5.01187E+01  3.49856E-17
5.24807E+01  3.83858E-17
5.49541E+01  1.88399E-17
5.75440E+01  1.72247E-17
6.02560E+01  1.81361E-17
6.30957E+01  2.13205E-17
6.60693E+01  3.61054E-17
6.91831E+01  6.91113E-17
7.24436E+01  5.77925E-17
7.58578E+01  7.45196E-17
7.94328E+01  4.61360E-17
8.31764E+01  4.34563E-17
8.70963E+01  4.26880E-17
9.12011E+01  4.58005E-17
9.54992E+01  5.40803E-17
1.00000E+02  7.43309E-17
1.04713E+02  8.49082E-17
1.09648E+02  7.77957E-17
1.14815E+02  8.50914E-17
1.20226E+02  8.85406E-17
1.25893E+02  9.58225E-17
1.31826E+02  1.05210E-16
1.38038E+02  1.17092E-16
1.44544E+02  1.33120E-16
1.51356E+02  1.54510E-16
1.58489E+02  1.83348E-16
1.65959E+02  2.22599E-16
1.73780E+02  2.74896E-16
1.81970E+02  3.42454E-16
1.90546E+02  4.24239E-16
1.99526E+02  5.16378E-16
2.08930E+02  6.13758E-16
2.18776E+02  7.10329E-16
2.29087E+02  8.03128E-16
2.39883E+02  8.91481E-16
2.51189E+02  9.75934E-16
2.63027E+02  1.05773E-15
2.75423E+02  1.13900E-15
2.88403E+02  1.21907E-15
3.01995E+02  1.29806E-15
3.16228E+02  1.37505E-15
3.31131E+02  1.44908E-15
3.46737E+02  1.51622E-15
3.63078E+02  1.57626E-15
3.80189E+02  1.63240E-15
3.98107E+02  1.67361E-15
4.16869E+02  1.70621E-15
4.36516E+02  1.72835E-15
4.57088E+02  1.73430E-15
4.78630E+02  1.72624E-15
5.01187E+02  1.71021E-15
5.24807E+02  1.68034E-15
5.49541E+02  1.64289E-15
5.75440E+02  1.59175E-15
6.02560E+02  1.53623E-15
6.30957E+02  1.47295E-15
6.60693E+02  1.40357E-15
6.91831E+02  1.33366E-15
7.24436E+02  1.26508E-15
7.58577E+02  1.19809E-15
7.94328E+02  1.13791E-15
8.31763E+02  1.07222E-15
8.70963E+02  9.84683E-16
9.12011E+02  8.88344E-16
9.54993E+02  8.00572E-16
1.00000E+03  7.21226E-16
1.04713E+03  6.48098E-16
1.09648E+03  5.81333E-16
1.14815E+03  5.19302E-16
1.20226E+03  4.63265E-16
1.25893E+03  4.11713E-16
1.31826E+03  3.65065E-16
1.38038E+03  3.22710E-16
1.44544E+03  2.84248E-16
1.51356E+03  2.48660E-16
1.58489E+03  2.15598E-16
1.65959E+03  1.86607E-16
1.73780E+03  1.61439E-16
1.81970E+03  1.39520E-16
1.90546E+03  1.20317E-16
1.99526E+03  1.03665E-16
2.08930E+03  8.91900E-17
2.18776E+03  7.68884E-17
2.29087E+03  6.61658E-17
2.39883E+03  5.68872E-17
2.51189E+03  4.89463E-17
2.63027E+03  4.20926E-17
2.75423E+03  3.62028E-17
2.88403E+03  3.11463E-17
3.01995E+03  2.67800E-17
3.16228E+03  2.30466E-17
3.31131E+03  1.98365E-17
3.46737E+03  1.70941E-17
3.63078E+03  1.47409E-17
3.80189E+03  1.27240E-17
3.98107E+03  1.09905E-17
4.16869E+03  9.51085E-18
4.36516E+03  8.24623E-18
4.57088E+03  7.15035E-18
4.78630E+03  6.21015E-18
5.01187E+03  5.40659E-18
5.24807E+03  4.71314E-18
5.49541E+03  4.11538E-18
5.75440E+03  3.60385E-18
6.02560E+03  3.16744E-18
6.30957E+03  2.79230E-18
6.60693E+03  2.47149E-18
6.91831E+03  2.19976E-18
7.24436E+03  1.96651E-18
7.58577E+03  1.77151E-18
7.94328E+03  1.60076E-18
8.31763E+03  1.45916E-18
8.70963E+03  1.33781E-18
9.12010E+03  1.23898E-18
9.54993E+03  1.15343E-18
