#column 1 : lambda in microns
#column 2 : snu_eff in Jy / Lsun (in the cosmo of Planck 2013 XXX)
1.00000E+00  1.14992E-29
1.04713E+00  3.61733E-29
1.09648E+00  1.13842E-28
1.14815E+00  3.58438E-28
1.20226E+00  1.12904E-27
1.25893E+00  3.55788E-27
1.31826E+00  1.12163E-26
1.38038E+00  3.53739E-26
1.44544E+00  1.11606E-25
1.51356E+00  3.52252E-25
1.58489E+00  1.11220E-24
1.65959E+00  3.51295E-24
1.73780E+00  1.10998E-23
1.81970E+00  3.50840E-23
1.90546E+00  1.10931E-22
1.99526E+00  3.50864E-22
2.08930E+00  1.11011E-21
2.18776E+00  3.51347E-21
2.29087E+00  1.11235E-20
2.39883E+00  3.52273E-20
2.51189E+00  1.11596E-19
2.63027E+00  3.55336E-19
2.75423E+00  9.50008E-19
2.88403E+00  4.83978E-19
3.01995E+00  4.74200E-19
3.16228E+00  7.37603E-19
3.31131E+00  1.08731E-18
3.46737E+00  9.15454E-19
3.63078E+00  7.94956E-19
3.80189E+00  7.81794E-19
3.98107E+00  8.18945E-19
4.16869E+00  8.82601E-19
4.36516E+00  9.59607E-19
4.57088E+00  1.03359E-18
4.78630E+00  1.05584E-18
5.01187E+00  1.07320E-18
5.24807E+00  1.32352E-18
5.49541E+00  1.52838E-18
5.75440E+00  1.71126E-18
6.02560E+00  1.89644E-18
6.30957E+00  2.09598E-18
6.60693E+00  2.31581E-18
6.91831E+00  2.56407E-18
7.24436E+00  2.86863E-18
7.58578E+00  3.30753E-18
7.94328E+00  4.27030E-18
8.31764E+00  1.07814E-17
8.70964E+00  3.68177E-17
9.12011E+00  6.67149E-18
9.54992E+00  5.55916E-18
1.00000E+01  5.68102E-18
1.04713E+01  6.15689E-18
1.09648E+01  6.86923E-18
1.14815E+01  7.83487E-18
1.20226E+01  9.17268E-18
1.25893E+01  1.11793E-17
1.31826E+01  1.55239E-17
1.38038E+01  3.06645E-17
1.44544E+01  3.36720E-17
1.51356E+01  5.22212E-17
1.58489E+01  1.59463E-16
1.65959E+01  1.55711E-16
1.73780E+01  1.28833E-16
1.81970E+01  1.44373E-16
1.90546E+01  2.81317E-16
1.99526E+01  6.36184E-16
2.08930E+01  3.99612E-16
2.18776E+01  2.73619E-16
2.29087E+01  2.15000E-16
2.39883E+01  1.29102E-16
2.51189E+01  1.21689E-16
2.63027E+01  1.30410E-16
2.75423E+01  1.61340E-16
2.88403E+01  4.07219E-16
3.01995E+01  3.86934E-16
3.16228E+01  4.00992E-16
3.31131E+01  5.01745E-16
3.46737E+01  3.40208E-16
3.63078E+01  2.95363E-16
3.80189E+01  2.88427E-16
3.98107E+01  3.14932E-16
4.16869E+01  3.76911E-16
4.36516E+01  4.99902E-16
4.57088E+01  5.13261E-16
4.78630E+01  4.97062E-16
5.01187E+01  5.27686E-16
5.24807E+01  5.54195E-16
5.49541E+01  5.95544E-16
5.75440E+01  6.49309E-16
6.02560E+01  7.16620E-16
6.30957E+01  8.04925E-16
6.60693E+01  9.18641E-16
6.91831E+01  1.06654E-15
7.24436E+01  1.25863E-15
7.58578E+01  1.50116E-15
7.94328E+01  1.79736E-15
8.31764E+01  2.13944E-15
8.70963E+01  2.51729E-15
9.12011E+01  2.91721E-15
9.54992E+01  3.32949E-15
1.00000E+02  3.75250E-15
1.04713E+02  4.19250E-15
1.09648E+02  4.65783E-15
1.14815E+02  5.15439E-15
1.20226E+02  5.69167E-15
1.25893E+02  6.26857E-15
1.31826E+02  6.88815E-15
1.38038E+02  7.53938E-15
1.44544E+02  8.21953E-15
1.51356E+02  8.91645E-15
1.58489E+02  9.62062E-15
1.65959E+02  1.03119E-14
1.73780E+02  1.09800E-14
1.81970E+02  1.16082E-14
1.90546E+02  1.21834E-14
1.99526E+02  1.26891E-14
2.08930E+02  1.31120E-14
2.18776E+02  1.34460E-14
2.29087E+02  1.36921E-14
2.39883E+02  1.38404E-14
2.51189E+02  1.38909E-14
2.63027E+02  1.38463E-14
2.75423E+02  1.37095E-14
2.88403E+02  1.35018E-14
3.01995E+02  1.32468E-14
3.16228E+02  1.29614E-14
3.31131E+02  1.26817E-14
3.46737E+02  1.24138E-14
3.63078E+02  1.19972E-14
3.80189E+02  1.12228E-14
3.98107E+02  1.03637E-14
4.16869E+02  9.55254E-15
4.36516E+02  8.79287E-15
4.57088E+02  8.07816E-15
4.78630E+02  7.39908E-15
5.01187E+02  6.74545E-15
5.24807E+02  6.13006E-15
5.49541E+02  5.54886E-15
5.75440E+02  5.00012E-15
6.02560E+02  4.49108E-15
6.30957E+02  4.01746E-15
6.60693E+02  3.56242E-15
6.91831E+02  3.13407E-15
7.24436E+02  2.74927E-15
7.58577E+02  2.40899E-15
7.94328E+02  2.10587E-15
8.31763E+02  1.83843E-15
8.70963E+02  1.60164E-15
9.12011E+02  1.39340E-15
9.54993E+02  1.21101E-15
1.00000E+03  1.05179E-15
1.04713E+03  9.12414E-16
1.09648E+03  7.90809E-16
1.14815E+03  6.85350E-16
1.20226E+03  5.93299E-16
1.25893E+03  5.13552E-16
1.31826E+03  4.44162E-16
1.38038E+03  3.84252E-16
1.44544E+03  3.32206E-16
1.51356E+03  2.87323E-16
1.58489E+03  2.48467E-16
1.65959E+03  2.14972E-16
1.73780E+03  1.86012E-16
1.81970E+03  1.61048E-16
1.90546E+03  1.39427E-16
1.99526E+03  1.20812E-16
2.08930E+03  1.04705E-16
2.18776E+03  9.07537E-17
2.29087E+03  7.86760E-17
2.39883E+03  6.82420E-17
2.51189E+03  5.92447E-17
2.63027E+03  5.14946E-17
2.75423E+03  4.48830E-17
2.88403E+03  3.91622E-17
3.01995E+03  3.42151E-17
3.16228E+03  2.99788E-17
3.31131E+03  2.63866E-17
3.46737E+03  2.32567E-17
3.63078E+03  2.06119E-17
3.80189E+03  1.83494E-17
3.98107E+03  1.64215E-17
4.16869E+03  1.47641E-17
4.36516E+03  1.33484E-17
4.57088E+03  1.21511E-17
4.78630E+03  1.11364E-17
5.01187E+03  1.02658E-17
5.24807E+03  9.53524E-18
5.49541E+03  8.91741E-18
5.75440E+03  8.39504E-18
6.02560E+03  7.95878E-18
6.30957E+03  7.59542E-18
6.60693E+03  7.29472E-18
6.91831E+03  7.04836E-18
7.24436E+03  6.84750E-18
7.58577E+03  6.68756E-18
7.94328E+03  6.56137E-18
8.31763E+03  6.46576E-18
8.70963E+03  6.39594E-18
9.12010E+03  6.34930E-18
9.54993E+03  6.32324E-18
