#column 1 : lambda in microns
#column 2 : snu_eff in Jy / Lsun (in the cosmo of Planck 2013 XXX)
1.00000E+00  3.25662E-17
1.04713E+00  1.01663E-16
1.09648E+00  3.35673E-16
1.14815E+00  5.33349E-16
1.20226E+00  3.07231E-16
1.25893E+00  3.46720E-16
1.31826E+00  5.70600E-16
1.38038E+00  7.21137E-16
1.44544E+00  5.88391E-16
1.51356E+00  5.31089E-16
1.58489E+00  5.34025E-16
1.65959E+00  5.65124E-16
1.73780E+00  6.11635E-16
1.81970E+00  6.64651E-16
1.90546E+00  7.11111E-16
1.99526E+00  7.09575E-16
2.08930E+00  7.68220E-16
2.18776E+00  9.36046E-16
2.29087E+00  1.06695E-15
2.39883E+00  1.18944E-15
2.51189E+00  1.31556E-15
2.63027E+00  1.45266E-15
2.75423E+00  1.60319E-15
2.88403E+00  1.77608E-15
3.01995E+00  1.99346E-15
3.16228E+00  2.32742E-15
3.31131E+00  3.20721E-15
3.46737E+00  1.47769E-14
3.63078E+00  1.04842E-14
3.80189E+00  4.05815E-15
3.98107E+00  3.64650E-15
4.16869E+00  3.77145E-15
4.36516E+00  4.08343E-15
4.57088E+00  4.53474E-15
4.78630E+00  5.14996E-15
5.01187E+00  6.01414E-15
5.24807E+00  7.41126E-15
5.49541E+00  1.14234E-14
5.75440E+00  1.69531E-14
6.02560E+00  2.84582E-14
6.30957E+00  3.50253E-14
6.60693E+00  1.92567E-13
6.91831E+00  7.86545E-14
7.24436E+00  8.33208E-14
7.58578E+00  1.03141E-13
7.94328E+00  2.31967E-13
8.31764E+00  4.02105E-13
8.70964E+00  2.02171E-13
9.12011E+00  1.97602E-13
9.54992E+00  1.06230E-13
1.00000E+01  7.48495E-14
1.04713E+01  7.21338E-14
1.09648E+01  7.89679E-14
1.14815E+01  1.06270E-13
1.20226E+01  4.87884E-13
1.25893E+01  2.23226E-13
1.31826E+01  2.45635E-13
1.38038E+01  2.42236E-13
1.44544E+01  2.07467E-13
1.51356E+01  1.76551E-13
1.58489E+01  1.64194E-13
1.65959E+01  1.80606E-13
1.73780E+01  2.29099E-13
1.81970E+01  2.89369E-13
1.90546E+01  2.69402E-13
1.99526E+01  2.62088E-13
2.08930E+01  2.69145E-13
2.18776E+01  2.80361E-13
2.29087E+01  2.97650E-13
2.39883E+01  3.20242E-13
2.51189E+01  3.49236E-13
2.63027E+01  3.86741E-13
2.75423E+01  4.34368E-13
2.88403E+01  4.95088E-13
3.01995E+01  5.70738E-13
3.16228E+01  6.61031E-13
3.31131E+01  7.65200E-13
3.46737E+01  8.79402E-13
3.63078E+01  9.99532E-13
3.80189E+01  1.12414E-12
3.98107E+01  1.25466E-12
4.16869E+01  1.39413E-12
4.36516E+01  1.54736E-12
4.57088E+01  1.72132E-12
4.78630E+01  1.91970E-12
5.01187E+01  2.14706E-12
5.24807E+01  2.40811E-12
5.49541E+01  2.70379E-12
5.75440E+01  3.03420E-12
6.02560E+01  3.39973E-12
6.30957E+01  3.79825E-12
6.60693E+01  4.22603E-12
6.91831E+01  4.67677E-12
7.24436E+01  5.14572E-12
7.58578E+01  5.62230E-12
7.94328E+01  6.10329E-12
8.31764E+01  6.57135E-12
8.70963E+01  7.01948E-12
9.12011E+01  7.44286E-12
9.54992E+01  7.83064E-12
1.00000E+02  8.17468E-12
1.04713E+02  8.47068E-12
1.09648E+02  8.71125E-12
1.14815E+02  8.89645E-12
1.20226E+02  9.03411E-12
1.25893E+02  9.14043E-12
1.31826E+02  9.21977E-12
1.38038E+02  9.30530E-12
1.44544E+02  9.37911E-12
1.51356E+02  9.24816E-12
1.58489E+02  8.81890E-12
1.65959E+02  8.32912E-12
1.73780E+02  7.85291E-12
1.81970E+02  7.38898E-12
1.90546E+02  6.92958E-12
1.99526E+02  6.47628E-12
2.08930E+02  6.01991E-12
2.18776E+02  5.56844E-12
2.29087E+02  5.12828E-12
2.39883E+02  4.69973E-12
2.51189E+02  4.28903E-12
2.63027E+02  3.89108E-12
2.75423E+02  3.49588E-12
2.88403E+02  3.11561E-12
3.01995E+02  2.77060E-12
3.16228E+02  2.45942E-12
3.31131E+02  2.17597E-12
3.46737E+02  1.92026E-12
3.63078E+02  1.69132E-12
3.80189E+02  1.48690E-12
3.98107E+02  1.30455E-12
4.16869E+02  1.14258E-12
4.36516E+02  9.99765E-13
4.57088E+02  8.73140E-13
4.78630E+02  7.62076E-13
5.01187E+02  6.64653E-13
5.24807E+02  5.78709E-13
5.49541E+02  5.03830E-13
5.75440E+02  4.38041E-13
6.02560E+02  3.80868E-13
6.30957E+02  3.30788E-13
6.60693E+02  2.87317E-13
6.91831E+02  2.49471E-13
7.24436E+02  2.16663E-13
7.58577E+02  1.88057E-13
7.94328E+02  1.63157E-13
8.31763E+02  1.41593E-13
8.70963E+02  1.22808E-13
9.12011E+02  1.06453E-13
9.54993E+02  9.22430E-14
1.00000E+03  7.99062E-14
1.04713E+03  6.91800E-14
1.09648E+03  5.99917E-14
1.14815E+03  5.19606E-14
1.20226E+03  4.50697E-14
1.25893E+03  3.90777E-14
1.31826E+03  3.40201E-14
1.38038E+03  2.95617E-14
1.44544E+03  2.57828E-14
1.51356E+03  2.25135E-14
1.58489E+03  1.97076E-14
1.65959E+03  1.73120E-14
1.73780E+03  1.52354E-14
1.81970E+03  1.34689E-14
1.90546E+03  1.19529E-14
1.99526E+03  1.06681E-14
2.08930E+03  9.55379E-15
2.18776E+03  8.60354E-15
2.29087E+03  7.79615E-15
2.39883E+03  7.10510E-15
2.51189E+03  6.51849E-15
2.63027E+03  6.02030E-15
2.75423E+03  5.60002E-15
2.88403E+03  5.24376E-15
3.01995E+03  4.94322E-15
3.16228E+03  4.69351E-15
3.31131E+03  4.48346E-15
3.46737E+03  4.30912E-15
3.63078E+03  4.16644E-15
3.80189E+03  4.05130E-15
3.98107E+03  3.95905E-15
4.16869E+03  3.88762E-15
4.36516E+03  3.83407E-15
4.57088E+03  3.79556E-15
4.78630E+03  3.77102E-15
5.01187E+03  3.75877E-15
5.24807E+03  3.75677E-15
5.49541E+03  3.76451E-15
5.75440E+03  3.78066E-15
6.02560E+03  3.80448E-15
6.30957E+03  3.83522E-15
6.60693E+03  3.87231E-15
6.91831E+03  3.91524E-15
7.24436E+03  3.96360E-15
7.58577E+03  4.01699E-15
7.94328E+03  4.07514E-15
8.31763E+03  4.13786E-15
8.70963E+03  4.20493E-15
9.12010E+03  4.27620E-15
9.54993E+03  4.35161E-15
