#column 1 : lambda in microns
#column 2 : snu_eff in Jy / Lsun (in the cosmo of Planck 2013 XXX)
1.00000E+00  3.25588E-28
1.04713E+00  1.02374E-27
1.09648E+00  3.22001E-27
1.14815E+00  1.01313E-26
1.20226E+00  3.18869E-26
1.25893E+00  1.00391E-25
1.31826E+00  3.16160E-25
1.38038E+00  9.95974E-25
1.44544E+00  3.13844E-24
1.51356E+00  9.89237E-24
1.58489E+00  3.11893E-23
1.65959E+00  9.83627E-23
1.73780E+00  3.10290E-22
1.81970E+00  9.79077E-22
1.90546E+00  3.09013E-21
1.99526E+00  9.75536E-21
2.08930E+00  3.08046E-20
2.18776E+00  9.72956E-20
2.29087E+00  3.07378E-19
2.39883E+00  1.10530E-18
2.51189E+00  9.84525E-19
2.63027E+00  6.88692E-19
2.75423E+00  8.75533E-19
2.88403E+00  1.49109E-18
3.01995E+00  1.58484E-18
3.16228E+00  1.29403E-18
3.31131E+00  1.20532E-18
3.46737E+00  1.23121E-18
3.63078E+00  1.31310E-18
3.80189E+00  1.42415E-18
3.98107E+00  1.54458E-18
4.16869E+00  1.63560E-18
4.36516E+00  1.59884E-18
4.57088E+00  1.85232E-18
4.78630E+00  2.21546E-18
5.01187E+00  2.50540E-18
5.24807E+00  2.78667E-18
5.49541E+00  3.08193E-18
5.75440E+00  3.40585E-18
6.02560E+00  3.76506E-18
6.30957E+00  4.18293E-18
6.60693E+00  4.72778E-18
6.91831E+00  5.65662E-18
7.24436E+00  8.71154E-18
7.58578E+00  1.27820E-16
7.94328E+00  1.54124E-17
8.31764E+00  8.93538E-18
8.70964E+00  8.54046E-18
9.12011E+00  9.03019E-18
9.54992E+00  9.92775E-18
1.00000E+01  1.11760E-17
1.04713E+01  1.28744E-17
1.09648E+01  1.52988E-17
1.14815E+01  1.93888E-17
1.20226E+01  3.52613E-17
1.25893E+01  3.95522E-17
1.31826E+01  8.86867E-17
1.38038E+01  1.02792E-16
1.44544E+01  5.75386E-16
1.51356E+01  1.77552E-16
1.58489E+01  1.99716E-16
1.65959E+01  2.89239E-16
1.73780E+01  7.42980E-16
1.81970E+01  9.30758E-16
1.90546E+01  4.23655E-16
1.99526E+01  5.23980E-16
2.08930E+01  2.25479E-16
2.18776E+01  1.84702E-16
2.29087E+01  1.86394E-16
2.39883E+01  2.11457E-16
2.51189E+01  3.10951E-16
2.63027E+01  1.14974E-15
2.75423E+01  6.02371E-16
2.88403E+01  7.05086E-16
3.01995E+01  5.16934E-16
3.16228E+01  4.92072E-16
3.31131E+01  4.51509E-16
3.46737E+01  4.42380E-16
3.63078E+01  5.02870E-16
3.80189E+01  7.61318E-16
3.98107E+01  7.96365E-16
4.16869E+01  7.32941E-16
4.36516E+01  7.73198E-16
4.57088E+01  7.83256E-16
4.78630E+01  8.31689E-16
5.01187E+01  8.97253E-16
5.24807E+01  9.80447E-16
5.49541E+01  1.08870E-15
5.75440E+01  1.22845E-15
6.02560E+01  1.40885E-15
6.30957E+01  1.64131E-15
6.60693E+01  1.93702E-15
6.91831E+01  2.30312E-15
7.24436E+01  2.73258E-15
7.58578E+01  3.21335E-15
7.94328E+01  3.72795E-15
8.31764E+01  4.26581E-15
8.70963E+01  4.81873E-15
9.12011E+01  5.39260E-15
9.54992E+01  6.00201E-15
1.00000E+02  6.65534E-15
1.04713E+02  7.36489E-15
1.09648E+02  8.14042E-15
1.14815E+02  8.97907E-15
1.20226E+02  9.88355E-15
1.25893E+02  1.08412E-14
1.31826E+02  1.18427E-14
1.38038E+02  1.28772E-14
1.44544E+02  1.39167E-14
1.51356E+02  1.49499E-14
1.58489E+02  1.59498E-14
1.65959E+02  1.68954E-14
1.73780E+02  1.77723E-14
1.81970E+02  1.85422E-14
1.90546E+02  1.91968E-14
1.99526E+02  1.97332E-14
2.08930E+02  2.01366E-14
2.18776E+02  2.04023E-14
2.29087E+02  2.05187E-14
2.39883E+02  2.05036E-14
2.51189E+02  2.03538E-14
2.63027E+02  2.01157E-14
2.75423E+02  1.98167E-14
2.88403E+02  1.94856E-14
3.01995E+02  1.91838E-14
3.16228E+02  1.88299E-14
3.31131E+02  1.79815E-14
3.46737E+02  1.67368E-14
3.63078E+02  1.54884E-14
3.80189E+02  1.43303E-14
3.98107E+02  1.32405E-14
4.16869E+02  1.21873E-14
4.36516E+02  1.11834E-14
4.57088E+02  1.02184E-14
4.78630E+02  9.29726E-15
5.01187E+02  8.42973E-15
5.24807E+02  7.60786E-15
5.49541E+02  6.84303E-15
5.75440E+02  6.11640E-15
6.02560E+02  5.40944E-15
6.30957E+02  4.76429E-15
6.60693E+02  4.18886E-15
6.91831E+02  3.67312E-15
7.24436E+02  3.21645E-15
7.58577E+02  2.81166E-15
7.94328E+02  2.45373E-15
8.31763E+02  2.13714E-15
8.70963E+02  1.86039E-15
9.12011E+02  1.61739E-15
9.54993E+02  1.40429E-15
1.00000E+03  1.21888E-15
1.04713E+03  1.05734E-15
1.09648E+03  9.16267E-16
1.14815E+03  7.93908E-16
1.20226E+03  6.87460E-16
1.25893E+03  5.95130E-16
1.31826E+03  5.15234E-16
1.38038E+03  4.45850E-16
1.44544E+03  3.85981E-16
1.51356E+03  3.34053E-16
1.58489E+03  2.89444E-16
1.65959E+03  2.50663E-16
1.73780E+03  2.17120E-16
1.81970E+03  1.88160E-16
1.90546E+03  1.63091E-16
1.99526E+03  1.41368E-16
2.08930E+03  1.22526E-16
2.18776E+03  1.06267E-16
2.29087E+03  9.22286E-17
2.39883E+03  8.02428E-17
2.51189E+03  6.96897E-17
2.63027E+03  6.08714E-17
2.75423E+03  5.31082E-17
2.88403E+03  4.65153E-17
3.01995E+03  4.08673E-17
3.16228E+03  3.60376E-17
3.31131E+03  3.18611E-17
3.46737E+03  2.83285E-17
3.63078E+03  2.52695E-17
3.80189E+03  2.26754E-17
3.98107E+03  2.04755E-17
4.16869E+03  1.85848E-17
4.36516E+03  1.69849E-17
4.57088E+03  1.56213E-17
4.78630E+03  1.44637E-17
5.01187E+03  1.34899E-17
5.24807E+03  1.26643E-17
5.49541E+03  1.19721E-17
5.75440E+03  1.13933E-17
6.02560E+03  1.09121E-17
6.30957E+03  1.05163E-17
6.60693E+03  1.01936E-17
6.91831E+03  9.93226E-18
7.24436E+03  9.72537E-18
7.58577E+03  9.56603E-18
7.94328E+03  9.44805E-18
8.31763E+03  9.36513E-18
8.70963E+03  9.31500E-18
9.12010E+03  9.29249E-18
9.54993E+03  9.29390E-18
