#column 1 : lambda in microns
#column 2 : snu_eff in Jy / Lsun (in the cosmo of Planck 2013 XXX)
1.00000E+00  3.50945E-39
1.04713E+00  1.08428E-38
1.09648E+00  3.35622E-38
1.14815E+00  1.04076E-37
1.20226E+00  3.23318E-37
1.25893E+00  1.00617E-36
1.31826E+00  3.13658E-36
1.38038E+00  9.79417E-36
1.44544E+00  3.06324E-35
1.51356E+00  9.59558E-35
1.58489E+00  3.01034E-34
1.65959E+00  9.45775E-34
1.73780E+00  2.97551E-33
1.81970E+00  9.37369E-33
1.90546E+00  2.95669E-32
1.99526E+00  9.33728E-32
2.08930E+00  2.95207E-31
2.18776E+00  9.34333E-31
2.29087E+00  2.96017E-30
2.39883E+00  9.38739E-30
2.51189E+00  2.97964E-29
2.63027E+00  9.46559E-29
2.75423E+00  3.00937E-28
2.88403E+00  9.57466E-28
3.01995E+00  3.04840E-27
3.16228E+00  9.71180E-27
3.31131E+00  3.09590E-26
3.46737E+00  9.87455E-26
3.63078E+00  3.15120E-25
3.80189E+00  1.00610E-24
3.98107E+00  3.21367E-24
4.16869E+00  1.02693E-23
4.36516E+00  3.28284E-23
4.57088E+00  1.04981E-22
4.78630E+00  3.35830E-22
5.01187E+00  1.07463E-21
5.24807E+00  3.43968E-21
5.49541E+00  1.10127E-20
5.75440E+00  3.52673E-20
6.02560E+00  1.27271E-19
6.30957E+00  7.17327E-20
6.60693E+00  6.01673E-20
6.91831E+00  8.55445E-20
7.24436E+00  1.40830E-19
7.58578E+00  1.29469E-19
7.94328E+00  1.08099E-19
8.31764E+00  1.03581E-19
8.70964E+00  1.07141E-19
9.12011E+00  1.14887E-19
9.54992E+00  1.24721E-19
1.00000E+01  1.35064E-19
1.04713E+01  1.40809E-19
1.09648E+01  1.37578E-19
1.14815E+01  1.67572E-19
1.20226E+01  1.97065E-19
1.25893E+01  2.21628E-19
1.31826E+01  2.45952E-19
1.38038E+01  2.72113E-19
1.44544E+01  3.00861E-19
1.51356E+01  3.33525E-19
1.58489E+01  3.72309E-19
1.65959E+01  4.25452E-19
1.73780E+01  5.26211E-19
1.81970E+01  9.70226E-19
1.90546E+01  2.24623E-17
1.99526E+01  1.04212E-18
2.08930E+01  7.70299E-19
2.18776E+01  7.73267E-19
2.29087E+01  8.38543E-19
2.39883E+01  9.40426E-19
2.51189E+01  1.07931E-18
2.63027E+01  1.26983E-18
2.75423E+01  1.54184E-18
2.88403E+01  2.02528E-18
3.01995E+01  4.34475E-18
3.16228E+01  4.05586E-18
3.31131E+01  8.13580E-18
3.46737E+01  1.32504E-17
3.63078E+01  3.44439E-17
3.80189E+01  1.73217E-17
3.98107E+01  1.91617E-17
4.16869E+01  3.23196E-17
4.36516E+01  8.69146E-17
4.57088E+01  7.35183E-17
4.78630E+01  3.80884E-17
5.01187E+01  4.17905E-17
5.24807E+01  2.05109E-17
5.49541E+01  1.87524E-17
5.75440E+01  1.97447E-17
6.02560E+01  2.32114E-17
6.30957E+01  3.93070E-17
6.60693E+01  7.52399E-17
6.91831E+01  6.29181E-17
7.24436E+01  8.11293E-17
7.58578E+01  5.02278E-17
7.94328E+01  4.73105E-17
8.31764E+01  4.64741E-17
8.70963E+01  4.98625E-17
9.12011E+01  5.88769E-17
9.54992E+01  8.09234E-17
1.00000E+02  9.24387E-17
1.04713E+02  8.46955E-17
1.09648E+02  9.26382E-17
1.14815E+02  9.63934E-17
1.20226E+02  1.04321E-16
1.25893E+02  1.14541E-16
1.31826E+02  1.27477E-16
1.38038E+02  1.44926E-16
1.44544E+02  1.68213E-16
1.51356E+02  1.99609E-16
1.58489E+02  2.42341E-16
1.65959E+02  2.99277E-16
1.73780E+02  3.72828E-16
1.81970E+02  4.61865E-16
1.90546E+02  5.62176E-16
1.99526E+02  6.68194E-16
2.08930E+02  7.73328E-16
2.18776E+02  8.74359E-16
2.29087E+02  9.70547E-16
2.39883E+02  1.06249E-15
2.51189E+02  1.15154E-15
2.63027E+02  1.24002E-15
2.75423E+02  1.32719E-15
2.88403E+02  1.41318E-15
3.01995E+02  1.49701E-15
3.16228E+02  1.57760E-15
3.31131E+02  1.65070E-15
3.46737E+02  1.71606E-15
3.63078E+02  1.77718E-15
3.80189E+02  1.82205E-15
3.98107E+02  1.85754E-15
4.16869E+02  1.88164E-15
4.36516E+02  1.88812E-15
4.57088E+02  1.87934E-15
4.78630E+02  1.86189E-15
5.01187E+02  1.82937E-15
5.24807E+02  1.78860E-15
5.49541E+02  1.73292E-15
5.75440E+02  1.67248E-15
6.02560E+02  1.60358E-15
6.30957E+02  1.52806E-15
6.60693E+02  1.45194E-15
6.91831E+02  1.37728E-15
7.24436E+02  1.30435E-15
7.58577E+02  1.23883E-15
7.94328E+02  1.16732E-15
8.31763E+02  1.07202E-15
8.70963E+02  9.67132E-16
9.12011E+02  8.71574E-16
9.54993E+02  7.85192E-16
1.00000E+03  7.05577E-16
1.04713E+03  6.32892E-16
1.09648E+03  5.65358E-16
1.14815E+03  5.04352E-16
1.20226E+03  4.48227E-16
1.25893E+03  3.97443E-16
1.31826E+03  3.51331E-16
1.38038E+03  3.09459E-16
1.44544E+03  2.70715E-16
1.51356E+03  2.34720E-16
1.58489E+03  2.03158E-16
1.65959E+03  1.75757E-16
1.73780E+03  1.51894E-16
1.81970E+03  1.30988E-16
1.90546E+03  1.12859E-16
1.99526E+03  9.71003E-17
2.08930E+03  8.37076E-17
2.18776E+03  7.20341E-17
2.29087E+03  6.19325E-17
2.39883E+03  5.32874E-17
2.51189E+03  4.58259E-17
2.63027E+03  3.94136E-17
2.75423E+03  3.39087E-17
2.88403E+03  2.91551E-17
3.01995E+03  2.50907E-17
3.16228E+03  2.15958E-17
3.31131E+03  1.86101E-17
3.46737E+03  1.60483E-17
3.63078E+03  1.38525E-17
3.80189E+03  1.19653E-17
3.98107E+03  1.03544E-17
4.16869E+03  8.97759E-18
4.36516E+03  7.78450E-18
4.57088E+03  6.76094E-18
4.78630E+03  5.88610E-18
5.01187E+03  5.13115E-18
5.24807E+03  4.48038E-18
5.49541E+03  3.92348E-18
5.75440E+03  3.44836E-18
6.02560E+03  3.03995E-18
6.30957E+03  2.69068E-18
6.60693E+03  2.39486E-18
6.91831E+03  2.14092E-18
7.24436E+03  1.92863E-18
7.58577E+03  1.74273E-18
7.94328E+03  1.58857E-18
8.31763E+03  1.45646E-18
8.70963E+03  1.34887E-18
9.12010E+03  1.25573E-18
9.54993E+03  1.17882E-18
