#column 1 : lambda in microns
#column 2 : snu_eff in Jy / Lsun (in the cosmo of Planck 2013 XXX)
1.00000E+00  2.80260E-44
1.04713E+00  8.82818E-44
1.09648E+00  2.77457E-43
1.14815E+00  8.42180E-43
1.20226E+00  2.56718E-42
1.25893E+00  7.85848E-42
1.31826E+00  2.40533E-41
1.38038E+00  7.38022E-41
1.44544E+00  2.26849E-40
1.51356E+00  6.98574E-40
1.58489E+00  2.15527E-39
1.65959E+00  6.66195E-39
1.73780E+00  2.06301E-38
1.81970E+00  6.40018E-38
1.90546E+00  1.98911E-37
1.99526E+00  6.19271E-37
2.08930E+00  1.93127E-36
2.18776E+00  6.03288E-36
2.29087E+00  1.88757E-35
2.39883E+00  5.91500E-35
2.51189E+00  1.85631E-34
2.63027E+00  5.83404E-34
2.75423E+00  1.83605E-33
2.88403E+00  5.78582E-33
3.01995E+00  1.82552E-32
3.16228E+00  5.76662E-32
3.31131E+00  1.82365E-31
3.46737E+00  5.77324E-31
3.63078E+00  1.82951E-30
3.80189E+00  5.80305E-30
3.98107E+00  1.84231E-29
4.16869E+00  5.85367E-29
4.36516E+00  1.86136E-28
4.57088E+00  5.92309E-28
4.78630E+00  1.88609E-27
5.01187E+00  6.00968E-27
5.24807E+00  1.91599E-26
5.49541E+00  6.11191E-26
5.75440E+00  1.95066E-25
6.02560E+00  6.22859E-25
6.30957E+00  1.98971E-24
6.60693E+00  6.35869E-24
6.91831E+00  2.03286E-23
7.24436E+00  6.50130E-23
7.58578E+00  2.07987E-22
7.94328E+00  6.65578E-22
8.31764E+00  2.13049E-21
8.70964E+00  6.82142E-21
9.12011E+00  2.19515E-20
9.54992E+00  5.89883E-20
1.00000E+01  2.98968E-20
1.04713E+01  2.92310E-20
1.09648E+01  4.56208E-20
1.14815E+01  6.73585E-20
1.20226E+01  5.65999E-20
1.25893E+01  4.90217E-20
1.31826E+01  4.81267E-20
1.38038E+01  5.03816E-20
1.44544E+01  5.42891E-20
1.51356E+01  5.89944E-20
1.58489E+01  6.35082E-20
1.65959E+01  6.48589E-20
1.73780E+01  6.58183E-20
1.81970E+01  8.13999E-20
1.90546E+01  9.40307E-20
1.99526E+01  1.05419E-19
2.08930E+01  1.16904E-19
2.18776E+01  1.29212E-19
2.29087E+01  1.42865E-19
2.39883E+01  1.58604E-19
2.51189E+01  1.77592E-19
2.63027E+01  2.05274E-19
2.75423E+01  2.65927E-19
2.88403E+01  6.73799E-19
3.01995E+01  2.30462E-18
3.16228E+01  4.19812E-19
3.31131E+01  3.52617E-19
3.46737E+01  3.63753E-19
3.63078E+01  3.98596E-19
3.80189E+01  4.49967E-19
3.98107E+01  5.19299E-19
4.16869E+01  6.14786E-19
4.36516E+01  7.55505E-19
4.57088E+01  1.04774E-18
4.78630E+01  2.02755E-18
5.01187E+01  2.24660E-18
5.24807E+01  3.45766E-18
5.49541E+01  1.03378E-17
5.75440E+01  1.01548E-17
6.02560E+01  8.49116E-18
6.30957E+01  9.55642E-18
6.60693E+01  1.84696E-17
6.91831E+01  4.15685E-17
7.24436E+01  2.63745E-17
7.58578E+01  1.82679E-17
7.94328E+01  1.45663E-17
8.31764E+01  9.07312E-18
8.70963E+01  8.71592E-18
9.12011E+01  9.42143E-18
9.54992E+01  1.15685E-17
1.00000E+02  2.76905E-17
1.04713E+02  2.65913E-17
1.09648E+02  2.77493E-17
1.14815E+02  3.46872E-17
1.20226E+02  2.43024E-17
1.25893E+02  2.16178E-17
1.31826E+02  2.15349E-17
1.38038E+02  2.38363E-17
1.44544E+02  2.87692E-17
1.51356E+02  3.82065E-17
1.58489E+02  4.00006E-17
1.65959E+02  3.96897E-17
1.73780E+02  4.27461E-17
1.81970E+02  4.54183E-17
1.90546E+02  4.93496E-17
1.99526E+02  5.44324E-17
2.08930E+02  6.09107E-17
2.18776E+02  6.95549E-17
2.29087E+02  8.11083E-17
2.39883E+02  9.67685E-17
2.51189E+02  1.18048E-16
2.63027E+02  1.46264E-16
2.75423E+02  1.82217E-16
2.88403E+02  2.24749E-16
3.01995E+02  2.72239E-16
3.16228E+02  3.21632E-16
3.31131E+02  3.69858E-16
3.46737E+02  4.16199E-16
3.63078E+02  4.60193E-16
3.80189E+02  5.02354E-16
3.98107E+02  5.43392E-16
4.16869E+02  5.84117E-16
4.36516E+02  6.24449E-16
4.57088E+02  6.64247E-16
4.78630E+02  7.02712E-16
5.01187E+02  7.38360E-16
5.24807E+02  7.72053E-16
5.49541E+02  8.03106E-16
5.75440E+02  8.28211E-16
6.02560E+02  8.48356E-16
6.30957E+02  8.62156E-16
6.60693E+02  8.71385E-16
6.91831E+02  8.73429E-16
7.24436E+02  8.70269E-16
7.58577E+02  8.59271E-16
7.94328E+02  8.42601E-16
8.31763E+02  8.21600E-16
8.70963E+02  7.96515E-16
9.12011E+02  7.66266E-16
9.54993E+02  7.34190E-16
1.00000E+03  6.99233E-16
1.04713E+03  6.64451E-16
1.09648E+03  6.29192E-16
1.14815E+03  5.96682E-16
1.20226E+03  5.66322E-16
1.25893E+03  5.31522E-16
1.31826E+03  4.84131E-16
1.38038E+03  4.36641E-16
1.44544E+03  3.93211E-16
1.51356E+03  3.53755E-16
1.58489E+03  3.17910E-16
1.65959E+03  2.85093E-16
1.73780E+03  2.54588E-16
1.81970E+03  2.26916E-16
1.90546E+03  2.01611E-16
1.99526E+03  1.78411E-16
2.08930E+03  1.57566E-16
2.18776E+03  1.38682E-16
2.29087E+03  1.21060E-16
2.39883E+03  1.04908E-16
2.51189E+03  9.07961E-17
2.63027E+03  7.84913E-17
2.75423E+03  6.76937E-17
2.88403E+03  5.84440E-17
3.01995E+03  5.03640E-17
3.16228E+03  4.33622E-17
3.31131E+03  3.73172E-17
3.46737E+03  3.21218E-17
3.63078E+03  2.76263E-17
3.80189E+03  2.37526E-17
3.98107E+03  2.04329E-17
4.16869E+03  1.75690E-17
4.36516E+03  1.51203E-17
4.57088E+03  1.30064E-17
4.78630E+03  1.11952E-17
5.01187E+03  9.63854E-18
5.24807E+03  8.30778E-18
5.49541E+03  7.16908E-18
5.75440E+03  6.17961E-18
6.02560E+03  5.34493E-18
6.30957E+03  4.62616E-18
6.60693E+03  4.00856E-18
6.91831E+03  3.47939E-18
7.24436E+03  3.02396E-18
7.58577E+03  2.63311E-18
7.94328E+03  2.29602E-18
8.31763E+03  2.00689E-18
8.70963E+03  1.75881E-18
9.12010E+03  1.54558E-18
9.54993E+03  1.36637E-18
