#column 1 : lambda in microns
#column 2 : snu_eff in Jy / Lsun (in the cosmo of Planck 2013 XXX)
1.00000E+00  4.67613E-42
1.04713E+00  1.43031E-41
1.09648E+00  4.38200E-41
1.14815E+00  1.34502E-40
1.20226E+00  4.13627E-40
1.25893E+00  1.27437E-39
1.31826E+00  3.93370E-39
1.38038E+00  1.21651E-38
1.44544E+00  3.76900E-38
1.51356E+00  1.16983E-37
1.58489E+00  3.63740E-37
1.65959E+00  1.13296E-36
1.73780E+00  3.53485E-36
1.81970E+00  1.10470E-35
1.90546E+00  3.45784E-35
1.99526E+00  1.08400E-34
2.08930E+00  3.40329E-34
2.18776E+00  1.07000E-33
2.29087E+00  3.36863E-33
2.39883E+00  1.06190E-32
2.51189E+00  3.35158E-32
2.63027E+00  1.05906E-31
2.75423E+00  3.35021E-31
2.88403E+00  1.06090E-30
3.01995E+00  3.36284E-30
3.16228E+00  1.06694E-29
3.31131E+00  3.38806E-29
3.46737E+00  1.07675E-28
3.63078E+00  3.42463E-28
3.80189E+00  1.08998E-27
3.98107E+00  3.47150E-27
4.16869E+00  1.10633E-26
4.36516E+00  3.52779E-26
4.57088E+00  1.12552E-25
4.78630E+00  3.59274E-25
5.01187E+00  1.14735E-24
5.24807E+00  3.66568E-24
5.49541E+00  1.17163E-23
5.75440E+00  3.74613E-23
6.02560E+00  1.19819E-22
6.30957E+00  3.83357E-22
6.60693E+00  1.22691E-21
6.91831E+00  3.92769E-21
7.24436E+00  1.25768E-20
7.58578E+00  4.25777E-20
7.94328E+00  6.79561E-20
8.31764E+00  3.86544E-20
8.70964E+00  4.35974E-20
9.12011E+00  7.23074E-20
9.54992E+00  9.15601E-20
1.00000E+01  7.42416E-20
1.04713E+01  6.66539E-20
1.09648E+01  6.68363E-20
1.14815E+01  7.06427E-20
1.20226E+01  7.64287E-20
1.25893E+01  8.30043E-20
1.31826E+01  8.87074E-20
1.38038E+01  8.82664E-20
1.44544E+01  9.56257E-20
1.51356E+01  1.16985E-19
1.58489E+01  1.33624E-19
1.65959E+01  1.49099E-19
1.73780E+01  1.65180E-19
1.81970E+01  1.82682E-19
1.90546E+01  2.02106E-19
1.99526E+01  2.24528E-19
2.08930E+01  2.52890E-19
2.18776E+01  2.96842E-19
2.29087E+01  4.11846E-19
2.39883E+01  1.91321E-18
2.51189E+01  1.36058E-18
2.63027E+01  5.32140E-19
2.75423E+01  4.85252E-19
2.88403E+01  5.11140E-19
3.01995E+01  5.64695E-19
3.16228E+01  6.41499E-19
3.31131E+01  7.44864E-19
3.46737E+01  8.88039E-19
3.63078E+01  1.10944E-18
3.80189E+01  1.68695E-18
3.98107E+01  2.47629E-18
4.16869E+01  4.07978E-18
4.36516E+01  5.04047E-18
4.57088E+01  2.63045E-17
4.78630E+01  1.11460E-17
5.01187E+01  1.19344E-17
5.24807E+01  1.48173E-17
5.49541E+01  3.27314E-17
5.75440E+01  5.65899E-17
6.02560E+01  2.91896E-17
6.30957E+01  2.87244E-17
6.60693E+01  1.62845E-17
6.91831E+01  1.21797E-17
7.24436E+01  1.21375E-17
7.58578E+01  1.34457E-17
7.94328E+01  1.75775E-17
8.31764E+01  7.09394E-17
8.70963E+01  3.47725E-17
9.12011E+01  3.85592E-17
9.54992E+01  3.88288E-17
1.00000E+02  3.46018E-17
1.04713E+02  3.09356E-17
1.09648E+02  3.01873E-17
1.14815E+02  3.41174E-17
1.20226E+02  4.35845E-17
1.25893E+02  5.55839E-17
1.31826E+02  5.48267E-17
1.38038E+02  5.60347E-17
1.44544E+02  5.95617E-17
1.51356E+02  6.38258E-17
1.58489E+02  6.96094E-17
1.65959E+02  7.70179E-17
1.73780E+02  8.66273E-17
1.81970E+02  9.94400E-17
1.90546E+02  1.16586E-16
1.99526E+02  1.39992E-16
2.08930E+02  1.71655E-16
2.18776E+02  2.12982E-16
2.29087E+02  2.65002E-16
2.39883E+02  3.25970E-16
2.51189E+02  3.92196E-16
2.63027E+02  4.60023E-16
2.75423E+02  5.25960E-16
2.88403E+02  5.88930E-16
3.01995E+02  6.48772E-16
3.16228E+02  7.06712E-16
3.31131E+02  7.63120E-16
3.46737E+02  8.19006E-16
3.63078E+02  8.74670E-16
3.80189E+02  9.28925E-16
3.98107E+02  9.80735E-16
4.16869E+02  1.03004E-15
4.36516E+02  1.07514E-15
4.57088E+02  1.11628E-15
4.78630E+02  1.14991E-15
5.01187E+02  1.17543E-15
5.24807E+02  1.19222E-15
5.49541E+02  1.20322E-15
5.75440E+02  1.20243E-15
6.02560E+02  1.19621E-15
6.30957E+02  1.17834E-15
6.60693E+02  1.15493E-15
6.91831E+02  1.12417E-15
7.24436E+02  1.08867E-15
7.58577E+02  1.04594E-15
7.94328E+02  9.99864E-16
8.31763E+02  9.51250E-16
8.70963E+02  9.02787E-16
9.12011E+02  8.56605E-16
9.54993E+02  8.11147E-16
1.00000E+03  7.69806E-16
1.04713E+03  7.17496E-16
1.09648E+03  6.49851E-16
1.14815E+03  5.86156E-16
1.20226E+03  5.27474E-16
1.25893E+03  4.74687E-16
1.31826E+03  4.26254E-16
1.38038E+03  3.82152E-16
1.44544E+03  3.41143E-16
1.51356E+03  3.03556E-16
1.58489E+03  2.69541E-16
1.65959E+03  2.38405E-16
1.73780E+03  2.10443E-16
1.81970E+03  1.84906E-16
1.90546E+03  1.61016E-16
1.99526E+03  1.39494E-16
2.08930E+03  1.20509E-16
2.18776E+03  1.04300E-16
2.29087E+03  8.99063E-17
2.39883E+03  7.76784E-17
2.51189E+03  6.68882E-17
2.63027E+03  5.75932E-17
2.75423E+03  4.95560E-17
2.88403E+03  4.26305E-17
3.01995E+03  3.66767E-17
3.16228E+03  3.15226E-17
3.31131E+03  2.71096E-17
3.46737E+03  2.33247E-17
3.63078E+03  2.00596E-17
3.80189E+03  1.72541E-17
3.98107E+03  1.48649E-17
4.16869E+03  1.28001E-17
4.36516E+03  1.10318E-17
4.57088E+03  9.51644E-18
4.78630E+03  8.21712E-18
5.01187E+03  7.10739E-18
5.24807E+03  6.15508E-18
5.49541E+03  5.33163E-18
5.75440E+03  4.62922E-18
6.02560E+03  4.02544E-18
6.30957E+03  3.50537E-18
6.60693E+03  3.05980E-18
6.91831E+03  2.67600E-18
7.24436E+03  2.34672E-18
7.58577E+03  2.06613E-18
7.94328E+03  1.82525E-18
8.31763E+03  1.61913E-18
8.70963E+03  1.44386E-18
9.12010E+03  1.29620E-18
9.54993E+03  1.16838E-18
