#column 1 : lambda in microns
#column 2 : snu_eff in Jy / Lsun (in the cosmo of Planck 2013 XXX)
1.00000E+00  4.75312E-39
1.04713E+00  1.46921E-38
1.09648E+00  4.54979E-38
1.14815E+00  1.41152E-37
1.20226E+00  4.38691E-37
1.25893E+00  1.36580E-36
1.31826E+00  4.25949E-36
1.38038E+00  1.33059E-35
1.44544E+00  4.16323E-35
1.51356E+00  1.30463E-34
1.58489E+00  4.09440E-34
1.65959E+00  1.28681E-33
1.73780E+00  4.04982E-33
1.81970E+00  1.27621E-32
1.90546E+00  4.02672E-32
1.99526E+00  1.27201E-31
2.08930E+00  4.02270E-31
2.18776E+00  1.27352E-30
2.29087E+00  4.03576E-30
2.39883E+00  1.28013E-29
2.51189E+00  4.06411E-29
2.63027E+00  1.29133E-28
2.75423E+00  4.10628E-28
2.88403E+00  1.30669E-27
3.01995E+00  4.16095E-27
3.16228E+00  1.32583E-26
3.31131E+00  4.22705E-26
3.46737E+00  1.34842E-25
3.63078E+00  4.30365E-25
3.80189E+00  1.37421E-24
3.98107E+00  4.38995E-24
4.16869E+00  1.40295E-23
4.36516E+00  4.48529E-23
4.57088E+00  1.43446E-22
4.78630E+00  4.58914E-22
5.01187E+00  1.46859E-21
5.24807E+00  4.70099E-21
5.49541E+00  1.50519E-20
5.75440E+00  4.84382E-20
6.02560E+00  1.30163E-19
6.30957E+00  6.59701E-20
6.60693E+00  6.45011E-20
6.91831E+00  1.00667E-19
7.24436E+00  1.48633E-19
7.58578E+00  1.24893E-19
7.94328E+00  1.08171E-19
8.31764E+00  1.06196E-19
8.70964E+00  1.11172E-19
9.12011E+00  1.19794E-19
9.54992E+00  1.30177E-19
1.00000E+01  1.40137E-19
1.04713E+01  1.43117E-19
1.09648E+01  1.45234E-19
1.14815E+01  1.79616E-19
1.20226E+01  2.07487E-19
1.25893E+01  2.32617E-19
1.31826E+01  2.57960E-19
1.38038E+01  2.85118E-19
1.44544E+01  3.15245E-19
1.51356E+01  3.49975E-19
1.58489E+01  3.91873E-19
1.65959E+01  4.52956E-19
1.73780E+01  5.86793E-19
1.81970E+01  1.48682E-18
1.90546E+01  5.08544E-18
1.99526E+01  9.26354E-19
2.08930E+01  7.78082E-19
2.18776E+01  8.02655E-19
2.29087E+01  8.79539E-19
2.39883E+01  9.92895E-19
2.51189E+01  1.14588E-18
2.63027E+01  1.35658E-18
2.75423E+01  1.66709E-18
2.88403E+01  2.31193E-18
3.01995E+01  4.47397E-18
3.16228E+01  4.95738E-18
3.31131E+01  7.62965E-18
3.46737E+01  2.28110E-17
3.63078E+01  2.24076E-17
3.80189E+01  1.87365E-17
3.98107E+01  2.10871E-17
4.16869E+01  4.07550E-17
4.36516E+01  9.17247E-17
4.57088E+01  5.81980E-17
4.78630E+01  4.03099E-17
5.01187E+01  3.21423E-17
5.24807E+01  2.00207E-17
5.49541E+01  1.92325E-17
5.75440E+01  2.07893E-17
6.02560E+01  2.55269E-17
6.30957E+01  6.10997E-17
6.60693E+01  5.86762E-17
6.91831E+01  6.12314E-17
7.24436E+01  7.65405E-17
7.58578E+01  5.36255E-17
7.94328E+01  4.77018E-17
8.31764E+01  4.75188E-17
8.70963E+01  5.25969E-17
9.12011E+01  6.34821E-17
9.54992E+01  8.43060E-17
1.00000E+02  8.82650E-17
1.04713E+02  8.75790E-17
1.09648E+02  9.43232E-17
1.14815E+02  1.00220E-16
1.20226E+02  1.08894E-16
1.25893E+02  1.20110E-16
1.31826E+02  1.34405E-16
1.38038E+02  1.53479E-16
1.44544E+02  1.78973E-16
1.51356E+02  2.13529E-16
1.58489E+02  2.60485E-16
1.65959E+02  3.22746E-16
1.73780E+02  4.02079E-16
1.81970E+02  4.95928E-16
1.90546E+02  6.00721E-16
1.99526E+02  7.09711E-16
2.08930E+02  8.16126E-16
2.18776E+02  9.18381E-16
2.29087E+02  1.01546E-15
2.39883E+02  1.10849E-15
2.51189E+02  1.19904E-15
2.63027E+02  1.28891E-15
2.75423E+02  1.37790E-15
2.88403E+02  1.46572E-15
3.01995E+02  1.55060E-15
3.16228E+02  1.62926E-15
3.31131E+02  1.70361E-15
3.46737E+02  1.77213E-15
3.63078E+02  1.82752E-15
3.80189E+02  1.87198E-15
3.98107E+02  1.90243E-15
4.16869E+02  1.92279E-15
4.36516E+02  1.92730E-15
4.57088E+02  1.92033E-15
4.78630E+02  1.89606E-15
5.01187E+02  1.85928E-15
5.24807E+02  1.81294E-15
5.49541E+02  1.75758E-15
5.75440E+02  1.69084E-15
6.02560E+02  1.62006E-15
6.30957E+02  1.54292E-15
6.60693E+02  1.46617E-15
6.91831E+02  1.38837E-15
7.24436E+02  1.31663E-15
7.58577E+02  1.24964E-15
7.94328E+02  1.17285E-15
8.31763E+02  1.06828E-15
8.70963E+02  9.63489E-16
9.12011E+02  8.67656E-16
9.54993E+02  7.80594E-16
1.00000E+03  7.01498E-16
1.04713E+03  6.29085E-16
1.09648E+03  5.61773E-16
1.14815E+03  5.00712E-16
1.20226E+03  4.44874E-16
1.25893E+03  3.93681E-16
1.31826E+03  3.47684E-16
1.38038E+03  3.06016E-16
1.44544E+03  2.67131E-16
1.51356E+03  2.31490E-16
1.58489E+03  2.00350E-16
1.65959E+03  1.73198E-16
1.73780E+03  1.49372E-16
1.81970E+03  1.28962E-16
1.90546E+03  1.11133E-16
1.99526E+03  9.56827E-17
2.08930E+03  8.23440E-17
2.18776E+03  7.08797E-17
2.29087E+03  6.09599E-17
2.39883E+03  5.24124E-17
2.51189E+03  4.50870E-17
2.63027E+03  3.87677E-17
2.75423E+03  3.33643E-17
2.88403E+03  2.86996E-17
3.01995E+03  2.47033E-17
3.16228E+03  2.12683E-17
3.31131E+03  1.83319E-17
3.46737E+03  1.58193E-17
3.63078E+03  1.36359E-17
3.80189E+03  1.17941E-17
3.98107E+03  1.02081E-17
4.16869E+03  8.84526E-18
4.36516E+03  7.67759E-18
4.57088E+03  6.67266E-18
4.78630E+03  5.81020E-18
5.01187E+03  5.06637E-18
5.24807E+03  4.42840E-18
5.49541E+03  3.88096E-18
5.75440E+03  3.41046E-18
6.02560E+03  3.01501E-18
6.30957E+03  2.67234E-18
6.60693E+03  2.37888E-18
6.91831E+03  2.12868E-18
7.24436E+03  1.91966E-18
7.58577E+03  1.74012E-18
7.94328E+03  1.58907E-18
8.31763E+03  1.46026E-18
8.70963E+03  1.35298E-18
9.12010E+03  1.26219E-18
9.54993E+03  1.18617E-18
