#column 1 : lambda in microns
#column 2 : snu_eff in Jy / Lsun (in the cosmo of Planck 2013 XXX)
1.00000E+00  1.14780E-41
1.04713E+00  3.51474E-41
1.09648E+00  1.07817E-40
1.14815E+00  3.31401E-40
1.20226E+00  1.02055E-39
1.25893E+00  3.14869E-39
1.31826E+00  9.73276E-39
1.38038E+00  3.01400E-38
1.44544E+00  9.35060E-38
1.51356E+00  2.90609E-37
1.58489E+00  9.04770E-37
1.65959E+00  2.82168E-36
1.73780E+00  8.81448E-36
1.81970E+00  2.75792E-35
1.90546E+00  8.64249E-35
1.99526E+00  2.71233E-34
2.08930E+00  8.52446E-34
2.18776E+00  2.68279E-33
2.29087E+00  8.45424E-33
2.39883E+00  2.66749E-32
2.51189E+00  8.42641E-32
2.63027E+00  2.66483E-31
2.75423E+00  8.43640E-31
2.88403E+00  2.67348E-30
3.01995E+00  8.48018E-30
3.16228E+00  2.69226E-29
3.31131E+00  8.55439E-29
3.46737E+00  2.72018E-28
3.63078E+00  8.65615E-28
3.80189E+00  2.75641E-27
3.98107E+00  8.78291E-27
4.16869E+00  2.80020E-26
4.36516E+00  8.93258E-26
4.57088E+00  2.85093E-25
4.78630E+00  9.10341E-25
5.01187E+00  2.90811E-24
5.24807E+00  9.29380E-24
5.49541E+00  2.97127E-23
5.75440E+00  9.50261E-23
6.02560E+00  3.04006E-22
6.30957E+00  9.72862E-22
6.60693E+00  3.11417E-21
6.91831E+00  9.97109E-21
7.24436E+00  3.20876E-20
7.58578E+00  8.62261E-20
7.94328E+00  4.37016E-20
8.31764E+00  4.27285E-20
8.70964E+00  6.66864E-20
9.12011E+00  9.84613E-20
9.54992E+00  8.27347E-20
1.00000E+01  7.16574E-20
1.04713E+01  7.03491E-20
1.09648E+01  7.36453E-20
1.14815E+01  7.93570E-20
1.20226E+01  8.62350E-20
1.25893E+01  9.28332E-20
1.31826E+01  9.48075E-20
1.38038E+01  9.62099E-20
1.44544E+01  1.18986E-19
1.51356E+01  1.37449E-19
1.58489E+01  1.54096E-19
1.65959E+01  1.70885E-19
1.73780E+01  1.88876E-19
1.81970E+01  2.08833E-19
1.90546E+01  2.31840E-19
1.99526E+01  2.59595E-19
2.08930E+01  3.00059E-19
2.18776E+01  3.88718E-19
2.29087E+01  9.84937E-19
2.39883E+01  3.36876E-18
2.51189E+01  6.13660E-19
2.63027E+01  5.15437E-19
2.75423E+01  5.31717E-19
2.88403E+01  5.82647E-19
3.01995E+01  6.57740E-19
3.16228E+01  7.59086E-19
3.31131E+01  8.98663E-19
3.46737E+01  1.10436E-18
3.63078E+01  1.53153E-18
3.80189E+01  2.96378E-18
3.98107E+01  3.28398E-18
4.16869E+01  5.05424E-18
4.36516E+01  1.51110E-17
4.57088E+01  1.48438E-17
4.78630E+01  1.24120E-17
5.01187E+01  1.39691E-17
5.24807E+01  2.69979E-17
5.49541E+01  6.07626E-17
5.75440E+01  3.85529E-17
6.02560E+01  2.67032E-17
6.30957E+01  2.12925E-17
6.60693E+01  1.32626E-17
6.91831E+01  1.27405E-17
7.24436E+01  1.37718E-17
7.58578E+01  1.69102E-17
7.94328E+01  4.04775E-17
8.31764E+01  3.88699E-17
8.70963E+01  4.05626E-17
9.12011E+01  5.07040E-17
9.54992E+01  3.55240E-17
1.00000E+02  3.15999E-17
1.04713E+02  3.14786E-17
1.09648E+02  3.48427E-17
1.14815E+02  4.20535E-17
1.20226E+02  5.58482E-17
1.25893E+02  5.84709E-17
1.31826E+02  5.80164E-17
1.38038E+02  6.24841E-17
1.44544E+02  6.63902E-17
1.51356E+02  7.21368E-17
1.58489E+02  7.95665E-17
1.65959E+02  8.90364E-17
1.73780E+02  1.01672E-16
1.81970E+02  1.18560E-16
1.90546E+02  1.41452E-16
1.99526E+02  1.72557E-16
2.08930E+02  2.13802E-16
2.18776E+02  2.66356E-16
2.29087E+02  3.28526E-16
2.39883E+02  3.97945E-16
2.51189E+02  4.70145E-16
2.63027E+02  5.40640E-16
2.75423E+02  6.08378E-16
2.88403E+02  6.72687E-16
3.01995E+02  7.34315E-16
3.16228E+02  7.94303E-16
3.31131E+02  8.53833E-16
3.46737E+02  9.12788E-16
3.63078E+02  9.70963E-16
3.80189E+02  1.02719E-15
3.98107E+02  1.07930E-15
4.16869E+02  1.12855E-15
4.36516E+02  1.17394E-15
4.57088E+02  1.21064E-15
4.78630E+02  1.24008E-15
5.01187E+02  1.26026E-15
5.24807E+02  1.27375E-15
5.49541E+02  1.27673E-15
5.75440E+02  1.27211E-15
6.02560E+02  1.25604E-15
6.30957E+02  1.23167E-15
6.60693E+02  1.20097E-15
6.91831E+02  1.16431E-15
7.24436E+02  1.12009E-15
7.58577E+02  1.07320E-15
7.94328E+02  1.02210E-15
8.31763E+02  9.71262E-16
8.70963E+02  9.19722E-16
9.12011E+02  8.72199E-16
9.54993E+02  8.27821E-16
1.00000E+03  7.76952E-16
1.04713E+03  7.07679E-16
1.09648E+03  6.38259E-16
1.14815E+03  5.74775E-16
1.20226E+03  5.17101E-16
1.25893E+03  4.64705E-16
1.31826E+03  4.16735E-16
1.38038E+03  3.72145E-16
1.44544E+03  3.31695E-16
1.51356E+03  2.94705E-16
1.58489E+03  2.60792E-16
1.65959E+03  2.30322E-16
1.73780E+03  2.02719E-16
1.81970E+03  1.76960E-16
1.90546E+03  1.53350E-16
1.99526E+03  1.32721E-16
2.08930E+03  1.14735E-16
2.18776E+03  9.89510E-17
2.29087E+03  8.54306E-17
2.39883E+03  7.36195E-17
2.51189E+03  6.33848E-17
2.63027E+03  5.45484E-17
2.75423E+03  4.69541E-17
2.88403E+03  4.03826E-17
3.01995E+03  3.47204E-17
3.16228E+03  2.98677E-17
3.31131E+03  2.56814E-17
3.46737E+03  2.21020E-17
3.63078E+03  1.90120E-17
3.80189E+03  1.63646E-17
3.98107E+03  1.40891E-17
4.16869E+03  1.21439E-17
4.36516E+03  1.04794E-17
4.57088E+03  9.03307E-18
4.78630E+03  7.81295E-18
5.01187E+03  6.76229E-18
5.24807E+03  5.85949E-18
5.49541E+03  5.08599E-18
5.75440E+03  4.42028E-18
6.02560E+03  3.84894E-18
6.30957E+03  3.35619E-18
6.60693E+03  2.93358E-18
6.91831E+03  2.57093E-18
7.24436E+03  2.25925E-18
7.58577E+03  1.99729E-18
7.94328E+03  1.77028E-18
8.31763E+03  1.57588E-18
8.70963E+03  1.41014E-18
9.12010E+03  1.27167E-18
9.54993E+03  1.15273E-18
