#column 1 : lambda in microns
#column 2 : snu_eff in Jy / Lsun (in the cosmo of Planck 2013 XXX)
1.00000E+00  0.00000E+00
1.04713E+00  0.00000E+00
1.09648E+00  1.40130E-45
1.14815E+00  2.80260E-45
1.20226E+00  9.80909E-45
1.25893E+00  3.64338E-44
1.31826E+00  1.16308E-43
1.38038E+00  3.47522E-43
1.44544E+00  1.06919E-42
1.51356E+00  3.26082E-42
1.58489E+00  9.96463E-42
1.65959E+00  3.05455E-41
1.73780E+00  9.38015E-41
1.81970E+00  2.88592E-40
1.90546E+00  8.89569E-40
1.99526E+00  2.74719E-39
2.08930E+00  8.49965E-39
2.18776E+00  2.63457E-38
2.29087E+00  8.18093E-38
2.39883E+00  2.54485E-37
2.51189E+00  7.92993E-37
2.63027E+00  2.47518E-36
2.75423E+00  7.73844E-36
2.88403E+00  2.42316E-35
3.01995E+00  7.59929E-35
3.16228E+00  2.38670E-34
3.31131E+00  7.50636E-34
3.46737E+00  2.36397E-33
3.63078E+00  7.45437E-33
3.80189E+00  2.35345E-32
3.98107E+00  7.43873E-32
4.16869E+00  2.35378E-31
4.36516E+00  7.45552E-31
4.57088E+00  2.36380E-30
4.78630E+00  7.50141E-30
5.01187E+00  2.38257E-29
5.24807E+00  7.57344E-29
5.49541E+00  2.40919E-28
5.75440E+00  7.66926E-28
6.02560E+00  2.44297E-27
6.30957E+00  7.78662E-27
6.60693E+00  2.48330E-26
6.91831E+00  7.92386E-26
7.24436E+00  2.52963E-25
7.58578E+00  8.07941E-25
7.94328E+00  2.58157E-24
8.31764E+00  8.25193E-24
8.70964E+00  2.63869E-23
9.12011E+00  8.44046E-23
9.54992E+00  2.70072E-22
1.00000E+01  8.64407E-22
1.04713E+01  2.76738E-21
1.09648E+01  8.86196E-21
1.14815E+01  3.22774E-20
1.20226E+01  2.86903E-20
1.25893E+01  1.99509E-20
1.31826E+01  2.53960E-20
1.38038E+01  4.34146E-20
1.44544E+01  4.61597E-20
1.51356E+01  3.75404E-20
1.58489E+01  3.48635E-20
1.65959E+01  3.55698E-20
1.73780E+01  3.79039E-20
1.81970E+01  4.10970E-20
1.90546E+01  4.45444E-20
1.99526E+01  4.71170E-20
2.08930E+01  4.59758E-20
2.18776E+01  5.34006E-20
2.29087E+01  6.39964E-20
2.39883E+01  7.23671E-20
2.51189E+01  8.06154E-20
2.63027E+01  8.92205E-20
2.75423E+01  9.86203E-20
2.88403E+01  1.09278E-19
3.01995E+01  1.21501E-19
3.16228E+01  1.37781E-19
3.31131E+01  1.65402E-19
3.46737E+01  2.55827E-19
3.63078E+01  3.76489E-18
3.80189E+01  4.55376E-19
3.98107E+01  2.66174E-19
4.16869E+01  2.57090E-19
4.36516E+01  2.75122E-19
4.57088E+01  3.06523E-19
4.78630E+01  3.50147E-19
5.01187E+01  4.08815E-19
5.24807E+01  4.91711E-19
5.49541E+01  6.26612E-19
5.75440E+01  1.11752E-18
6.02560E+01  1.26650E-18
6.30957E+01  2.76495E-18
6.60693E+01  3.22107E-18
6.91831E+01  1.75154E-17
7.24436E+01  5.56453E-18
7.58578E+01  6.28766E-18
7.94328E+01  9.07836E-18
8.31764E+01  2.30575E-17
8.70963E+01  2.89703E-17
9.12011E+01  1.34384E-17
9.54992E+01  1.66087E-17
1.00000E+02  7.48785E-18
1.04713E+02  6.33259E-18
1.09648E+02  6.49565E-18
1.14815E+02  7.38892E-18
1.20226E+02  1.05703E-17
1.25893E+02  3.66414E-17
1.31826E+02  1.99288E-17
1.38038E+02  2.33756E-17
1.44544E+02  1.77143E-17
1.51356E+02  1.71903E-17
1.58489E+02  1.61961E-17
1.65959E+02  1.62816E-17
1.73780E+02  1.87802E-17
1.81970E+02  2.81539E-17
1.90546E+02  3.00909E-17
1.99526E+02  2.86937E-17
2.08930E+02  3.08274E-17
2.18776E+02  3.18720E-17
2.29087E+02  3.43081E-17
2.39883E+02  3.75258E-17
2.51189E+02  4.16858E-17
2.63027E+02  4.71011E-17
2.75423E+02  5.43701E-17
2.88403E+02  6.41447E-17
3.01995E+02  7.74193E-17
3.16228E+02  9.52882E-17
3.31131E+02  1.18615E-16
3.46737E+02  1.47220E-16
3.63078E+02  1.80211E-16
3.80189E+02  2.15463E-16
3.98107E+02  2.51154E-16
4.16869E+02  2.85565E-16
4.36516E+02  3.18251E-16
4.57088E+02  3.49444E-16
4.78630E+02  3.79793E-16
5.01187E+02  4.09447E-16
5.24807E+02  4.38857E-16
5.49541E+02  4.67885E-16
5.75440E+02  4.96315E-16
6.02560E+02  5.23108E-16
6.30957E+02  5.49086E-16
6.60693E+02  5.72223E-16
6.91831E+02  5.92465E-16
7.24436E+02  6.09111E-16
7.58577E+02  6.21455E-16
7.94328E+02  6.30890E-16
8.31763E+02  6.33989E-16
8.70963E+02  6.33417E-16
9.12011E+02  6.27462E-16
9.54993E+02  6.18153E-16
1.00000E+03  6.04800E-16
1.04713E+03  5.87627E-16
1.09648E+03  5.67818E-16
1.14815E+03  5.45494E-16
1.20226E+03  5.20090E-16
1.25893E+03  4.95360E-16
1.31826E+03  4.69496E-16
1.38038E+03  4.44529E-16
1.44544E+03  4.22291E-16
1.51356E+03  4.00116E-16
1.58489E+03  3.69745E-16
1.65959E+03  3.34008E-16
1.73780E+03  3.00543E-16
1.81970E+03  2.70628E-16
1.90546E+03  2.43553E-16
1.99526E+03  2.18532E-16
2.08930E+03  1.95620E-16
2.18776E+03  1.74561E-16
2.29087E+03  1.55277E-16
2.39883E+03  1.37796E-16
2.51189E+03  1.21773E-16
2.63027E+03  1.07375E-16
2.75423E+03  9.42006E-17
2.88403E+03  8.18219E-17
3.01995E+03  7.08418E-17
3.16228E+03  6.12807E-17
3.31131E+03  5.28853E-17
3.46737E+03  4.56519E-17
3.63078E+03  3.94001E-17
3.80189E+03  3.39492E-17
3.98107E+03  2.92018E-17
4.16869E+03  2.51432E-17
4.36516E+03  2.16255E-17
4.57088E+03  1.85911E-17
4.78630E+03  1.59918E-17
5.01187E+03  1.37565E-17
5.24807E+03  1.18271E-17
5.49541E+03  1.01790E-17
5.75440E+03  8.76020E-18
6.02560E+03  7.54223E-18
6.30957E+03  6.50088E-18
6.60693E+03  5.60212E-18
6.91831E+03  4.82647E-18
7.24436E+03  4.17011E-18
7.58577E+03  3.61504E-18
7.94328E+03  3.12526E-18
8.31763E+03  2.71055E-18
8.70963E+03  2.35390E-18
9.12010E+03  2.04746E-18
9.54993E+03  1.78442E-18
