#column 1 : lambda in microns
#column 2 : snu_eff in Jy / Lsun (in the cosmo of Planck 2013 XXX)
1.00000E+00  1.61572E-29
1.04713E+00  5.07864E-29
1.09648E+00  1.59708E-28
1.14815E+00  5.02459E-28
1.20226E+00  1.58147E-27
1.25893E+00  4.97978E-27
1.31826E+00  1.56870E-26
1.38038E+00  4.94362E-26
1.44544E+00  1.55857E-25
1.51356E+00  4.91556E-25
1.58489E+00  1.55091E-24
1.65959E+00  4.89515E-24
1.73780E+00  1.54562E-23
1.81970E+00  4.88200E-23
1.90546E+00  1.54257E-22
1.99526E+00  4.87578E-22
2.08930E+00  1.54167E-21
2.18776E+00  4.87622E-21
2.29087E+00  1.54283E-20
2.39883E+00  4.88310E-20
2.51189E+00  1.54600E-19
2.63027E+00  5.17532E-19
2.75423E+00  8.24195E-19
2.88403E+00  4.71695E-19
3.01995E+00  5.32196E-19
3.16228E+00  8.79376E-19
3.31131E+00  1.11237E-18
3.46737E+00  9.04746E-19
3.63078E+00  8.14494E-19
3.80189E+00  8.17823E-19
3.98107E+00  8.64865E-19
4.16869E+00  9.35894E-19
4.36516E+00  1.01679E-18
4.57088E+00  1.08754E-18
4.78630E+00  1.08383E-18
5.01187E+00  1.17345E-18
5.24807E+00  1.43286E-18
5.49541E+00  1.63482E-18
5.75440E+00  1.82367E-18
6.02560E+00  2.01867E-18
6.30957E+00  2.23081E-18
6.60693E+00  2.46453E-18
6.91831E+00  2.73383E-18
7.24436E+00  3.07377E-18
7.58578E+00  3.59763E-18
7.94328E+00  4.97491E-18
8.31764E+00  2.30288E-17
8.70964E+00  1.63536E-17
9.12011E+00  6.35349E-18
9.54992E+00  5.74648E-18
1.00000E+01  5.99215E-18
1.04713E+01  6.54918E-18
1.09648E+01  7.34967E-18
1.14815E+01  8.43416E-18
1.20226E+01  9.94545E-18
1.25893E+01  1.23385E-17
1.31826E+01  1.88960E-17
1.38038E+01  2.79115E-17
1.44544E+01  4.64490E-17
1.51356E+01  5.72839E-17
1.58489E+01  3.07505E-16
1.65959E+01  1.27726E-16
1.73780E+01  1.35982E-16
1.81970E+01  1.68577E-16
1.90546E+01  3.75942E-16
1.99526E+01  6.50888E-16
2.08930E+01  3.31125E-16
2.18776E+01  3.24552E-16
2.29087E+01  1.78834E-16
2.39883E+01  1.29678E-16
2.51189E+01  1.27083E-16
2.63027E+01  1.40020E-16
2.75423E+01  1.85790E-16
2.88403E+01  8.01051E-16
3.01995E+01  3.78784E-16
3.16228E+01  4.18275E-16
3.31131E+01  4.16607E-16
3.46737E+01  3.63826E-16
3.63078E+01  3.17419E-16
3.80189E+01  3.02703E-16
3.98107E+01  3.37744E-16
4.16869E+01  4.29922E-16
4.36516E+01  5.45743E-16
4.57088E+01  5.24881E-16
4.78630E+01  5.25413E-16
5.01187E+01  5.50717E-16
5.24807E+01  5.83320E-16
5.49541E+01  6.29146E-16
5.75440E+01  6.87839E-16
6.02560E+01  7.62624E-16
6.30957E+01  8.59787E-16
6.60693E+01  9.85013E-16
6.91831E+01  1.14867E-15
7.24436E+01  1.35979E-15
7.58578E+01  1.62252E-15
7.94328E+01  1.93993E-15
8.31764E+01  2.30298E-15
8.70963E+01  2.69754E-15
9.12011E+01  3.11088E-15
9.54992E+01  3.53816E-15
1.00000E+02  3.97813E-15
1.04713E+02  4.43645E-15
1.09648E+02  4.92479E-15
1.14815E+02  5.44781E-15
1.20226E+02  6.01144E-15
1.25893E+02  6.62082E-15
1.31826E+02  7.27033E-15
1.38038E+02  7.95324E-15
1.44544E+02  8.66377E-15
1.51356E+02  9.39083E-15
1.58489E+02  1.01200E-14
1.65959E+02  1.08350E-14
1.73780E+02  1.15223E-14
1.81970E+02  1.21643E-14
1.90546E+02  1.27513E-14
1.99526E+02  1.32596E-14
2.08930E+02  1.36819E-14
2.18776E+02  1.40136E-14
2.29087E+02  1.42493E-14
2.39883E+02  1.43862E-14
2.51189E+02  1.44185E-14
2.63027E+02  1.43562E-14
2.75423E+02  1.41992E-14
2.88403E+02  1.39731E-14
3.01995E+02  1.37056E-14
3.16228E+02  1.34140E-14
3.31131E+02  1.31310E-14
3.46737E+02  1.28509E-14
3.63078E+02  1.23264E-14
3.80189E+02  1.14670E-14
3.98107E+02  1.05852E-14
4.16869E+02  9.75534E-15
4.36516E+02  8.98157E-15
4.57088E+02  8.24588E-15
4.78630E+02  7.55084E-15
5.01187E+02  6.88091E-15
5.24807E+02  6.24491E-15
5.49541E+02  5.64958E-15
5.75440E+02  5.08798E-15
6.02560E+02  4.56746E-15
6.30957E+02  4.07948E-15
6.60693E+02  3.60947E-15
6.91831E+02  3.17192E-15
7.24436E+02  2.78169E-15
7.58577E+02  2.43794E-15
7.94328E+02  2.13076E-15
8.31763E+02  1.85903E-15
8.70963E+02  1.61975E-15
9.12011E+02  1.40962E-15
9.54993E+02  1.22477E-15
1.00000E+03  1.06320E-15
1.04713E+03  9.22363E-16
1.09648E+03  7.99247E-16
1.14815E+03  6.92417E-16
1.20226E+03  5.99700E-16
1.25893E+03  5.18853E-16
1.31826E+03  4.48904E-16
1.38038E+03  3.88319E-16
1.44544E+03  3.35827E-16
1.51356E+03  2.90433E-16
1.58489E+03  2.51195E-16
1.65959E+03  2.17298E-16
1.73780E+03  1.88157E-16
1.81970E+03  1.62867E-16
1.90546E+03  1.41027E-16
1.99526E+03  1.22201E-16
2.08930E+03  1.05911E-16
2.18776E+03  9.17995E-17
2.29087E+03  7.96067E-17
2.39883E+03  6.90603E-17
2.51189E+03  5.99482E-17
2.63027E+03  5.21730E-17
2.75423E+03  4.54132E-17
2.88403E+03  3.96342E-17
3.01995E+03  3.46324E-17
3.16228E+03  3.04228E-17
3.31131E+03  2.67390E-17
3.46737E+03  2.36243E-17
3.63078E+03  2.09434E-17
3.80189E+03  1.86525E-17
3.98107E+03  1.67071E-17
4.16869E+03  1.50290E-17
4.36516E+03  1.36105E-17
4.57088E+03  1.24009E-17
4.78630E+03  1.13827E-17
5.01187E+03  1.05077E-17
5.24807E+03  9.76733E-18
5.49541E+03  9.14666E-18
5.75440E+03  8.62175E-18
6.02560E+03  8.18362E-18
6.30957E+03  7.81876E-18
6.60693E+03  7.51798E-18
6.91831E+03  7.27003E-18
7.24436E+03  7.06938E-18
7.58577E+03  6.91102E-18
7.94328E+03  6.78594E-18
8.31763E+03  6.69133E-18
8.70963E+03  6.62366E-18
9.12010E+03  6.57973E-18
9.54993E+03  6.55589E-18
