#column 1 : lambda in microns
#column 2 : snu_eff in Jy / Lsun (in the cosmo of Planck 2013 XXX)
1.00000E+00  2.57839E-42
1.04713E+00  7.87530E-42
1.09648E+00  2.41093E-41
1.14815E+00  7.39227E-41
1.20226E+00  2.27108E-40
1.25893E+00  6.99048E-40
1.31826E+00  2.15572E-39
1.38038E+00  6.66025E-39
1.44544E+00  2.06154E-38
1.51356E+00  6.39270E-38
1.58489E+00  1.98590E-37
1.65959E+00  6.18005E-37
1.73780E+00  1.92652E-36
1.81970E+00  6.01558E-36
1.90546E+00  1.88141E-35
1.99526E+00  5.89343E-35
2.08930E+00  1.84886E-34
2.18776E+00  5.80860E-34
2.29087E+00  1.82742E-33
2.39883E+00  5.75680E-33
2.51189E+00  1.81580E-32
2.63027E+00  5.73425E-32
2.75423E+00  1.81292E-31
2.88403E+00  5.73781E-31
3.01995E+00  1.81783E-30
3.16228E+00  5.76470E-30
3.31131E+00  1.82973E-29
3.46737E+00  5.81252E-29
3.63078E+00  1.84794E-28
3.80189E+00  5.87933E-28
3.98107E+00  1.87184E-27
4.16869E+00  5.96336E-27
4.36516E+00  1.90095E-26
4.57088E+00  6.06310E-26
4.78630E+00  1.93484E-25
5.01187E+00  6.17740E-25
5.24807E+00  1.97314E-24
5.49541E+00  6.30512E-24
5.75440E+00  2.01556E-23
6.02560E+00  6.44540E-23
6.30957E+00  2.06181E-22
6.60693E+00  6.59754E-22
6.91831E+00  2.11171E-21
7.24436E+00  6.76085E-21
7.58578E+00  2.16508E-20
7.94328E+00  7.81324E-20
8.31764E+00  4.40373E-20
8.70964E+00  3.69371E-20
9.12011E+00  5.25163E-20
9.54992E+00  8.64564E-20
1.00000E+01  7.94818E-20
1.04713E+01  6.63627E-20
1.09648E+01  6.35889E-20
1.14815E+01  6.57744E-20
1.20226E+01  7.05298E-20
1.25893E+01  7.65672E-20
1.31826E+01  8.29166E-20
1.38038E+01  8.64434E-20
1.44544E+01  8.44600E-20
1.51356E+01  1.02874E-19
1.58489E+01  1.20980E-19
1.65959E+01  1.36059E-19
1.73780E+01  1.50992E-19
1.81970E+01  1.67052E-19
1.90546E+01  1.84701E-19
1.99526E+01  2.04753E-19
2.08930E+01  2.28563E-19
2.18776E+01  2.61187E-19
2.29087E+01  3.23045E-19
2.39883E+01  5.95624E-19
2.51189E+01  1.37902E-17
2.63027E+01  6.39763E-19
2.75423E+01  4.72892E-19
2.88403E+01  4.74714E-19
3.01995E+01  5.14787E-19
3.16228E+01  5.77334E-19
3.31131E+01  6.62595E-19
3.46737E+01  7.79556E-19
3.63078E+01  9.46546E-19
3.80189E+01  1.24334E-18
3.98107E+01  2.66727E-18
4.16869E+01  2.48992E-18
4.36516E+01  4.99464E-18
4.57088E+01  8.13453E-18
4.78630E+01  2.11453E-17
5.01187E+01  1.06339E-17
5.24807E+01  1.17635E-17
5.49541E+01  1.98413E-17
5.75440E+01  5.33578E-17
6.02560E+01  4.51336E-17
6.30957E+01  2.33828E-17
6.60693E+01  2.56554E-17
6.91831E+01  1.25918E-17
7.24436E+01  1.15122E-17
7.58578E+01  1.21214E-17
7.94328E+01  1.42497E-17
8.31764E+01  2.41312E-17
8.70963E+01  4.61909E-17
9.12011E+01  3.86259E-17
9.54992E+01  4.98056E-17
1.00000E+02  3.08352E-17
1.04713E+02  2.90442E-17
1.09648E+02  2.85307E-17
1.14815E+02  3.06110E-17
1.20226E+02  3.61449E-17
1.25893E+02  4.96794E-17
1.31826E+02  5.67487E-17
1.38038E+02  5.19952E-17
1.44544E+02  5.68713E-17
1.51356E+02  5.91766E-17
1.58489E+02  6.40434E-17
1.65959E+02  7.03175E-17
1.73780E+02  7.82589E-17
1.81970E+02  8.89714E-17
1.90546E+02  1.03267E-16
1.99526E+02  1.22542E-16
2.08930E+02  1.48775E-16
2.18776E+02  1.83728E-16
2.29087E+02  2.28881E-16
2.39883E+02  2.83542E-16
2.51189E+02  3.45123E-16
2.63027E+02  4.10208E-16
2.75423E+02  4.74752E-16
2.88403E+02  5.36775E-16
3.01995E+02  5.95826E-16
3.16228E+02  6.52271E-16
3.31131E+02  7.06938E-16
3.46737E+02  7.61259E-16
3.63078E+02  8.14768E-16
3.80189E+02  8.67563E-16
3.98107E+02  9.19024E-16
4.16869E+02  9.68497E-16
4.36516E+02  1.01337E-15
4.57088E+02  1.05350E-15
4.78630E+02  1.09102E-15
5.01187E+02  1.11857E-15
5.24807E+02  1.14036E-15
5.49541E+02  1.15515E-15
5.75440E+02  1.15913E-15
6.02560E+02  1.15374E-15
6.30957E+02  1.14303E-15
6.60693E+02  1.12306E-15
6.91831E+02  1.09803E-15
7.24436E+02  1.06385E-15
7.58577E+02  1.02675E-15
7.94328E+02  9.84452E-16
8.31763E+02  9.38086E-16
8.70963E+02  8.91356E-16
9.12011E+02  8.45521E-16
9.54993E+02  8.00747E-16
1.00000E+03  7.60529E-16
1.04713E+03  7.16623E-16
1.09648E+03  6.58118E-16
1.14815E+03  5.93729E-16
1.20226E+03  5.35066E-16
1.25893E+03  4.82035E-16
1.31826E+03  4.33159E-16
1.38038E+03  3.88537E-16
1.44544E+03  3.47078E-16
1.51356E+03  3.09626E-16
1.58489E+03  2.75170E-16
1.65959E+03  2.43993E-16
1.73780E+03  2.15685E-16
1.81970E+03  1.89979E-16
1.90546E+03  1.66193E-16
1.99526E+03  1.44096E-16
2.08930E+03  1.24720E-16
2.18776E+03  1.07898E-16
2.29087E+03  9.32491E-17
2.39883E+03  8.04146E-17
2.51189E+03  6.92851E-17
2.63027E+03  5.96107E-17
2.75423E+03  5.13888E-17
2.88403E+03  4.42222E-17
3.01995E+03  3.80209E-17
3.16228E+03  3.27135E-17
3.31131E+03  2.81328E-17
3.46737E+03  2.41963E-17
3.63078E+03  2.08168E-17
3.80189E+03  1.78985E-17
3.98107E+03  1.54034E-17
4.16869E+03  1.32578E-17
4.36516E+03  1.14249E-17
4.57088E+03  9.85218E-18
4.78630E+03  8.50418E-18
5.01187E+03  7.34559E-18
5.24807E+03  6.35663E-18
5.49541E+03  5.51141E-18
5.75440E+03  4.77896E-18
6.02560E+03  4.15059E-18
6.30957E+03  3.61351E-18
6.60693E+03  3.15005E-18
6.91831E+03  2.75054E-18
7.24436E+03  2.40865E-18
7.58577E+03  2.11698E-18
7.94328E+03  1.86625E-18
8.31763E+03  1.65183E-18
8.70963E+03  1.47022E-18
9.12010E+03  1.31433E-18
9.54993E+03  1.18400E-18
