#column 1 : lambda in microns
#column 2 : snu_eff in Jy / Lsun (in the cosmo of Planck 2013 XXX)
1.00000E+00  2.08864E-41
1.04713E+00  6.40281E-41
1.09648E+00  1.96618E-40
1.14815E+00  6.04901E-40
1.20226E+00  1.86455E-39
1.25893E+00  5.75806E-39
1.31826E+00  1.78149E-38
1.38038E+00  5.52187E-38
1.44544E+00  1.71464E-37
1.51356E+00  5.33364E-37
1.58489E+00  1.66198E-36
1.65959E+00  5.18750E-36
1.73780E+00  1.62180E-35
1.81970E+00  5.07831E-35
1.90546E+00  1.59259E-34
1.99526E+00  5.00175E-34
2.08930E+00  1.57307E-33
2.18776E+00  4.95398E-33
2.29087E+00  1.56212E-32
2.39883E+00  4.93177E-32
2.51189E+00  1.55880E-31
2.63027E+00  4.93230E-31
2.75423E+00  1.56228E-30
2.88403E+00  4.95318E-30
3.01995E+00  1.57184E-29
3.16228E+00  4.99233E-29
3.31131E+00  1.58689E-28
3.46737E+00  5.04795E-28
3.63078E+00  1.60691E-27
3.80189E+00  5.11859E-27
3.98107E+00  1.63146E-26
4.16869E+00  5.20293E-26
4.36516E+00  1.66016E-25
4.57088E+00  5.29984E-25
4.78630E+00  1.69269E-24
5.01187E+00  5.40848E-24
5.24807E+00  1.72878E-23
5.49541E+00  5.52800E-23
5.75440E+00  1.76823E-22
6.02560E+00  5.65777E-22
6.30957E+00  1.81082E-21
6.60693E+00  5.79727E-21
6.91831E+00  1.85642E-20
7.24436E+00  6.76149E-20
7.58578E+00  6.01002E-20
7.94328E+00  4.17931E-20
8.31764E+00  5.31994E-20
8.70964E+00  9.09448E-20
9.12011E+00  9.66954E-20
9.54992E+00  7.86397E-20
1.00000E+01  7.30321E-20
1.04713E+01  7.45117E-20
1.09648E+01  7.94011E-20
1.14815E+01  8.60901E-20
1.20226E+01  9.33116E-20
1.25893E+01  9.87008E-20
1.31826E+01  9.63102E-20
1.38038E+01  1.11864E-19
1.44544E+01  1.34060E-19
1.51356E+01  1.51595E-19
1.58489E+01  1.68873E-19
1.65959E+01  1.86900E-19
1.73780E+01  2.06590E-19
1.81970E+01  2.28916E-19
1.90546E+01  2.54522E-19
1.99526E+01  2.88625E-19
2.08930E+01  3.46484E-19
2.18776E+01  5.35905E-19
2.29087E+01  7.88690E-18
2.39883E+01  9.53915E-19
2.51189E+01  5.57583E-19
2.63027E+01  5.38553E-19
2.75423E+01  5.76327E-19
2.88403E+01  6.42105E-19
3.01995E+01  7.33489E-19
3.16228E+01  8.56388E-19
3.31131E+01  1.03004E-18
3.46737E+01  1.31263E-18
3.63078E+01  2.34099E-18
3.80189E+01  2.65307E-18
3.98107E+01  5.79206E-18
4.16869E+01  6.74753E-18
4.36516E+01  3.66913E-17
4.57088E+01  1.16566E-17
4.78630E+01  1.31714E-17
5.01187E+01  1.90172E-17
5.24807E+01  4.83009E-17
5.49541E+01  6.06870E-17
5.75440E+01  2.81508E-17
6.02560E+01  3.47919E-17
6.30957E+01  1.56856E-17
6.60693E+01  1.32655E-17
6.91831E+01  1.36071E-17
7.24436E+01  1.54783E-17
7.58578E+01  2.21426E-17
7.94328E+01  7.67558E-17
8.31764E+01  4.17469E-17
8.70963E+01  4.89675E-17
9.12011E+01  3.71078E-17
9.54992E+01  3.60103E-17
1.00000E+02  3.39276E-17
1.04713E+02  3.41068E-17
1.09648E+02  3.93407E-17
1.14815E+02  5.89771E-17
1.20226E+02  6.30346E-17
1.25893E+02  6.01076E-17
1.31826E+02  6.45773E-17
1.38038E+02  6.67656E-17
1.44544E+02  7.18686E-17
1.51356E+02  7.86092E-17
1.58489E+02  8.73236E-17
1.65959E+02  9.86676E-17
1.73780E+02  1.13895E-16
1.81970E+02  1.34370E-16
1.90546E+02  1.62178E-16
1.99526E+02  1.99610E-16
2.08930E+02  2.48474E-16
2.18776E+02  3.08397E-16
2.29087E+02  3.77508E-16
2.39883E+02  4.51352E-16
2.51189E+02  5.26117E-16
2.63027E+02  5.98203E-16
2.75423E+02  6.66673E-16
2.88403E+02  7.32017E-16
3.01995E+02  7.95592E-16
3.16228E+02  8.57710E-16
3.31131E+02  9.19319E-16
3.46737E+02  9.80127E-16
3.63078E+02  1.03968E-15
3.80189E+02  1.09581E-15
3.98107E+02  1.15023E-15
4.16869E+02  1.19869E-15
4.36516E+02  1.24110E-15
4.57088E+02  1.27597E-15
4.78630E+02  1.30183E-15
5.01187E+02  1.32159E-15
5.24807E+02  1.32808E-15
5.49541E+02  1.32688E-15
5.75440E+02  1.31441E-15
6.02560E+02  1.29491E-15
6.30957E+02  1.26694E-15
6.60693E+02  1.23096E-15
6.91831E+02  1.18947E-15
7.24436E+02  1.14270E-15
7.58577E+02  1.08949E-15
7.94328E+02  1.03768E-15
8.31763E+02  9.83503E-16
8.70963E+02  9.31200E-16
9.12011E+02  8.84615E-16
9.54993E+02  8.38164E-16
1.00000E+03  7.74542E-16
1.04713E+03  6.99682E-16
1.09648E+03  6.29579E-16
1.14815E+03  5.66912E-16
1.20226E+03  5.10196E-16
1.25893E+03  4.57781E-16
1.31826E+03  4.09786E-16
1.38038E+03  3.65672E-16
1.44544E+03  3.25274E-16
1.51356E+03  2.88656E-16
1.58489E+03  2.55091E-16
1.65959E+03  2.24930E-16
1.73780E+03  1.97331E-16
1.81970E+03  1.71401E-16
1.90546E+03  1.48400E-16
1.99526E+03  1.28371E-16
2.08930E+03  1.10785E-16
2.18776E+03  9.56316E-17
2.29087E+03  8.25354E-17
2.39883E+03  7.11169E-17
2.51189E+03  6.11720E-17
2.63027E+03  5.26700E-17
2.75423E+03  4.53013E-17
2.88403E+03  3.89446E-17
3.01995E+03  3.34996E-17
3.16228E+03  2.88171E-17
3.31131E+03  2.47755E-17
3.46737E+03  2.13230E-17
3.63078E+03  1.83509E-17
3.80189E+03  1.57995E-17
3.98107E+03  1.36181E-17
4.16869E+03  1.17353E-17
4.36516E+03  1.01105E-17
4.57088E+03  8.73559E-18
4.78630E+03  7.57279E-18
5.01187E+03  6.54679E-18
5.24807E+03  5.67807E-18
5.49541E+03  4.93094E-18
5.75440E+03  4.28902E-18
6.02560E+03  3.73799E-18
6.30957E+03  3.26389E-18
6.60693E+03  2.85631E-18
6.91831E+03  2.50704E-18
7.24436E+03  2.21030E-18
7.58577E+03  1.95175E-18
7.94328E+03  1.73670E-18
8.31763E+03  1.54905E-18
8.70963E+03  1.39246E-18
9.12010E+03  1.25788E-18
9.54993E+03  1.14435E-18
