#column 1 : lambda in microns
#column 2 : snu_eff in Jy / Lsun (in the cosmo of Planck 2013 XXX)
1.00000E+00  6.37812E-22
1.04713E+00  1.99322E-21
1.09648E+00  6.22973E-21
1.14815E+00  1.94730E-20
1.20226E+00  6.08757E-20
1.25893E+00  1.90329E-19
1.31826E+00  5.95133E-19
1.38038E+00  1.86111E-18
1.44544E+00  5.84933E-18
1.51356E+00  1.55402E-17
1.58489E+00  7.96540E-18
1.65959E+00  7.81911E-18
1.73780E+00  1.21219E-17
1.81970E+00  1.78327E-17
1.90546E+00  1.50522E-17
1.99526E+00  1.31052E-17
2.08930E+00  1.29100E-17
2.18776E+00  1.35326E-17
2.29087E+00  1.45902E-17
2.39883E+00  1.58646E-17
2.51189E+00  1.70909E-17
2.63027E+00  1.74747E-17
2.75423E+00  1.77805E-17
2.88403E+00  2.18819E-17
3.01995E+00  2.52422E-17
3.16228E+00  2.82429E-17
3.31131E+00  3.12830E-17
3.46737E+00  3.45491E-17
3.63078E+00  3.81429E-17
3.80189E+00  4.21899E-17
3.98107E+00  4.71402E-17
4.16869E+00  5.42532E-17
4.36516E+00  6.98475E-17
4.57088E+00  1.75578E-16
4.78630E+00  5.98460E-16
5.01187E+00  1.08341E-16
5.24807E+00  8.98743E-17
5.49541E+00  9.12996E-17
5.75440E+00  9.82521E-17
6.02560E+00  1.08750E-16
6.30957E+00  1.23038E-16
6.60693E+00  1.42903E-16
6.91831E+00  1.73109E-16
7.24436E+00  2.40493E-16
7.58578E+00  4.81269E-16
7.94328E+00  5.25359E-16
8.31764E+00  8.18717E-16
8.70964E+00  2.53471E-15
9.12011E+00  2.46483E-15
9.54992E+00  2.02414E-15
1.00000E+01  2.26122E-15
1.04713E+01  4.43096E-15
1.09648E+01  1.00542E-14
1.14815E+01  6.27422E-15
1.20226E+01  4.26719E-15
1.25893E+01  3.32303E-15
1.31826E+01  1.94854E-15
1.38038E+01  1.81140E-15
1.44544E+01  1.92714E-15
1.51356E+01  2.39420E-15
1.58489E+01  6.26816E-15
1.65959E+01  5.91196E-15
1.73780E+01  6.09560E-15
1.81970E+01  7.63143E-15
1.90546E+01  5.05015E-15
1.99526E+01  4.30361E-15
2.08930E+01  4.13487E-15
2.18776E+01  4.46178E-15
2.29087E+01  5.30216E-15
2.39883E+01  7.02418E-15
2.51189E+01  7.07832E-15
2.63027E+01  6.69583E-15
2.75423E+01  7.00763E-15
2.88403E+01  7.26411E-15
3.01995E+01  7.71579E-15
3.16228E+01  8.31475E-15
3.31131E+01  9.06661E-15
3.46737E+01  1.00518E-14
3.63078E+01  1.13064E-14
3.80189E+01  1.29065E-14
3.98107E+01  1.49301E-14
4.16869E+01  1.74021E-14
4.36516E+01  2.03138E-14
4.57088E+01  2.35623E-14
4.78630E+01  2.70482E-14
5.01187E+01  3.06922E-14
5.24807E+01  3.44676E-14
5.49541E+01  3.84283E-14
5.75440E+01  4.27038E-14
6.02560E+01  4.74378E-14
6.30957E+01  5.27324E-14
6.60693E+01  5.87364E-14
6.91831E+01  6.54870E-14
7.24436E+01  7.30756E-14
7.58578E+01  8.14285E-14
7.94328E+01  9.05757E-14
8.31764E+01  1.00408E-13
8.70963E+01  1.10868E-13
9.12011E+01  1.21735E-13
9.54992E+01  1.32887E-13
1.00000E+02  1.44105E-13
1.04713E+02  1.55192E-13
1.09648E+02  1.65866E-13
1.14815E+02  1.75888E-13
1.20226E+02  1.85095E-13
1.25893E+02  1.93374E-13
1.31826E+02  2.00497E-13
1.38038E+02  2.06349E-13
1.44544E+02  2.10831E-13
1.51356E+02  2.13845E-13
1.58489E+02  2.15677E-13
1.65959E+02  2.16682E-13
1.73780E+02  2.17023E-13
1.81970E+02  2.17271E-13
1.90546E+02  2.17647E-13
1.99526E+02  2.14913E-13
2.08930E+02  2.04948E-13
2.18776E+02  1.92645E-13
2.29087E+02  1.80692E-13
2.39883E+02  1.69164E-13
2.51189E+02  1.57998E-13
2.63027E+02  1.47024E-13
2.75423E+02  1.36126E-13
2.88403E+02  1.25530E-13
3.01995E+02  1.15243E-13
3.16228E+02  1.05262E-13
3.31131E+02  9.57706E-14
3.46737E+02  8.67270E-14
3.63078E+02  7.78159E-14
3.80189E+02  6.92338E-14
3.98107E+02  6.13944E-14
4.16869E+02  5.43407E-14
4.36516E+02  4.79597E-14
4.57088E+02  4.22483E-14
4.78630E+02  3.71217E-14
5.01187E+02  3.25535E-14
5.24807E+02  2.85097E-14
5.49541E+02  2.49373E-14
5.75440E+02  2.17783E-14
6.02560E+02  1.89935E-14
6.30957E+02  1.65564E-14
6.60693E+02  1.44125E-14
6.91831E+02  1.25373E-14
7.24436E+02  1.08953E-14
7.58577E+02  9.46741E-15
7.94328E+02  8.21824E-15
8.31763E+02  7.13183E-15
8.70963E+02  6.18814E-15
9.12011E+02  5.36901E-15
9.54993E+02  4.65729E-15
1.00000E+03  4.04020E-15
1.04713E+03  3.50358E-15
1.09648E+03  3.03926E-15
1.14815E+03  2.63562E-15
1.20226E+03  2.28443E-15
1.25893E+03  1.97916E-15
1.31826E+03  1.71450E-15
1.38038E+03  1.48535E-15
1.44544E+03  1.28714E-15
1.51356E+03  1.11744E-15
1.58489E+03  9.70236E-16
1.65959E+03  8.42324E-16
1.73780E+03  7.32520E-16
1.81970E+03  6.39025E-16
1.90546E+03  5.57318E-16
1.99526E+03  4.87994E-16
2.08930E+03  4.28491E-16
2.18776E+03  3.77556E-16
2.29087E+03  3.33584E-16
2.39883E+03  2.95846E-16
2.51189E+03  2.63763E-16
2.63027E+03  2.36410E-16
2.75423E+03  2.12783E-16
2.88403E+03  1.92801E-16
3.01995E+03  1.75731E-16
3.16228E+03  1.61160E-16
3.31131E+03  1.48801E-16
3.46737E+03  1.38371E-16
3.63078E+03  1.29539E-16
3.80189E+03  1.22138E-16
3.98107E+03  1.15899E-16
4.16869E+03  1.10715E-16
4.36516E+03  1.06401E-16
4.57088E+03  1.02866E-16
4.78630E+03  9.99849E-17
5.01187E+03  9.76873E-17
5.24807E+03  9.59036E-17
5.49541E+03  9.45659E-17
5.75440E+03  9.36077E-17
6.02560E+03  9.29789E-17
6.30957E+03  9.26538E-17
6.60693E+03  9.25847E-17
6.91831E+03  9.27537E-17
7.24436E+03  9.31287E-17
7.58577E+03  9.36928E-17
7.94328E+03  9.44234E-17
8.31763E+03  9.53124E-17
8.70963E+03  9.63422E-17
9.12010E+03  9.75052E-17
9.54993E+03  9.87913E-17
