#column 1 : lambda in microns
#column 2 : snu_eff in Jy / Lsun (in the cosmo of Planck 2013 XXX)
1.00000E+00  6.43890E-39
1.04713E+00  1.99122E-38
1.09648E+00  6.16914E-38
1.14815E+00  1.91476E-37
1.20226E+00  5.95358E-37
1.25893E+00  1.85436E-36
1.31826E+00  5.78556E-36
1.38038E+00  1.80805E-35
1.44544E+00  5.65934E-35
1.51356E+00  1.77413E-34
1.58489E+00  5.56989E-34
1.65959E+00  1.75116E-33
1.73780E+00  5.51301E-33
1.81970E+00  1.73785E-32
1.90546E+00  5.48493E-32
1.99526E+00  1.73315E-31
2.08930E+00  5.48253E-31
2.18776E+00  1.73611E-30
2.29087E+00  5.50304E-30
2.39883E+00  1.74594E-29
2.51189E+00  5.54413E-29
2.63027E+00  1.76194E-28
2.75423E+00  5.60381E-28
2.88403E+00  1.78354E-27
3.01995E+00  5.68033E-27
3.16228E+00  1.81023E-26
3.31131E+00  5.77225E-26
3.46737E+00  1.84158E-25
3.63078E+00  5.87835E-25
3.80189E+00  1.87724E-24
3.98107E+00  5.99753E-24
4.16869E+00  1.91690E-23
4.36516E+00  6.12893E-23
4.57088E+00  1.96029E-22
4.78630E+00  6.27184E-22
5.01187E+00  2.00722E-21
5.24807E+00  6.42558E-21
5.49541E+00  2.05751E-20
5.75440E+00  6.96542E-20
6.02560E+00  1.11172E-19
6.30957E+00  6.32359E-20
6.60693E+00  7.13224E-20
6.91831E+00  1.18290E-19
7.24436E+00  1.49786E-19
7.58578E+00  1.21454E-19
7.94328E+00  1.09041E-19
8.31764E+00  1.09339E-19
8.70964E+00  1.15566E-19
9.12011E+00  1.25032E-19
9.54992E+00  1.35789E-19
1.00000E+01  1.45119E-19
1.04713E+01  1.44398E-19
1.09648E+01  1.56437E-19
1.14815E+01  1.91379E-19
1.20226E+01  2.18600E-19
1.25893E+01  2.43915E-19
1.31826E+01  2.70223E-19
1.38038E+01  2.98855E-19
1.44544E+01  3.30631E-19
1.51356E+01  3.67311E-19
1.58489E+01  4.13711E-19
1.65959E+01  4.85613E-19
1.73780E+01  6.73753E-19
1.81970E+01  3.12988E-18
1.90546E+01  2.22581E-18
1.99526E+01  8.70543E-19
2.08930E+01  7.93837E-19
2.18776E+01  8.36189E-19
2.29087E+01  9.23801E-19
2.39883E+01  1.04945E-18
2.51189E+01  1.21855E-18
2.63027E+01  1.45277E-18
2.75423E+01  1.81497E-18
2.88403E+01  2.75974E-18
3.01995E+01  4.05103E-18
3.16228E+01  6.67424E-18
3.31131E+01  8.24586E-18
3.46737E+01  4.30323E-17
3.63078E+01  1.82341E-17
3.80189E+01  1.95238E-17
3.98107E+01  2.42400E-17
4.16869E+01  5.35461E-17
4.36516E+01  9.25770E-17
4.57088E+01  4.77521E-17
4.78630E+01  4.69912E-17
5.01187E+01  2.66404E-17
5.24807E+01  1.99251E-17
5.49541E+01  1.98562E-17
5.75440E+01  2.19963E-17
6.02560E+01  2.87556E-17
6.30957E+01  1.16051E-16
6.60693E+01  5.68855E-17
6.91831E+01  6.30801E-17
7.24436E+01  6.35206E-17
7.58578E+01  5.66061E-17
7.94328E+01  5.06086E-17
8.31764E+01  4.93842E-17
8.70963E+01  5.58136E-17
9.12011E+01  7.13013E-17
9.54992E+01  9.09312E-17
1.00000E+02  8.96927E-17
1.04713E+02  9.16690E-17
1.09648E+02  9.74388E-17
1.14815E+02  1.04415E-16
1.20226E+02  1.13876E-16
1.25893E+02  1.25996E-16
1.31826E+02  1.41716E-16
1.38038E+02  1.62677E-16
1.44544E+02  1.90726E-16
1.51356E+02  2.29017E-16
1.58489E+02  2.80816E-16
1.65959E+02  3.48423E-16
1.73780E+02  4.33526E-16
1.81970E+02  5.33263E-16
1.90546E+02  6.41607E-16
1.99526E+02  7.52566E-16
2.08930E+02  8.60433E-16
2.18776E+02  9.63448E-16
2.29087E+02  1.06134E-15
2.39883E+02  1.15613E-15
2.51189E+02  1.24841E-15
2.63027E+02  1.33984E-15
2.75423E+02  1.43090E-15
2.88403E+02  1.51966E-15
3.01995E+02  1.60441E-15
3.16228E+02  1.68508E-15
3.31131E+02  1.75885E-15
3.46737E+02  1.82616E-15
3.63078E+02  1.88117E-15
3.80189E+02  1.92293E-15
3.98107E+02  1.95039E-15
4.16869E+02  1.96838E-15
4.36516E+02  1.96709E-15
4.57088E+02  1.95692E-15
4.78630E+02  1.92768E-15
5.01187E+02  1.88938E-15
5.24807E+02  1.83907E-15
5.49541E+02  1.78099E-15
5.75440E+02  1.71108E-15
6.02560E+02  1.63571E-15
6.30957E+02  1.55618E-15
6.60693E+02  1.47690E-15
6.91831E+02  1.40135E-15
7.24436E+02  1.32698E-15
7.58577E+02  1.25935E-15
7.94328E+02  1.17377E-15
8.31763E+02  1.06311E-15
8.70963E+02  9.58911E-16
9.12011E+02  8.62909E-16
9.54993E+02  7.76554E-16
1.00000E+03  6.97322E-16
1.04713E+03  6.25172E-16
1.09648E+03  5.58084E-16
1.14815E+03  4.96596E-16
1.20226E+03  4.40951E-16
1.25893E+03  3.90014E-16
1.31826E+03  3.44270E-16
1.38038E+03  3.02494E-16
1.44544E+03  2.63411E-16
1.51356E+03  2.28203E-16
1.58489E+03  1.97144E-16
1.65959E+03  1.70627E-16
1.73780E+03  1.47080E-16
1.81970E+03  1.27076E-16
1.90546E+03  1.09424E-16
1.99526E+03  9.42183E-17
2.08930E+03  8.10701E-17
2.18776E+03  6.97405E-17
2.29087E+03  6.00003E-17
2.39883E+03  5.15688E-17
2.51189E+03  4.43495E-17
2.63027E+03  3.81576E-17
2.75423E+03  3.28161E-17
2.88403E+03  2.82264E-17
3.01995E+03  2.43178E-17
3.16228E+03  2.09401E-17
3.31131E+03  1.80473E-17
3.46737E+03  1.55682E-17
3.63078E+03  1.34426E-17
3.80189E+03  1.16272E-17
3.98107E+03  1.00693E-17
4.16869E+03  8.72217E-18
4.36516E+03  7.57306E-18
4.57088E+03  6.58534E-18
4.78630E+03  5.73456E-18
5.01187E+03  5.00561E-18
5.24807E+03  4.37775E-18
5.49541E+03  3.83906E-18
5.75440E+03  3.38005E-18
6.02560E+03  2.98598E-18
6.30957E+03  2.64878E-18
6.60693E+03  2.36205E-18
6.91831E+03  2.12049E-18
7.24436E+03  1.91139E-18
7.58577E+03  1.73699E-18
7.94328E+03  1.58756E-18
8.31763E+03  1.46241E-18
8.70963E+03  1.35754E-18
9.12010E+03  1.26852E-18
9.54993E+03  1.19493E-18
