#column 1 : lambda in microns
#column 2 : snu_eff in Jy / Lsun (in the cosmo of Planck 2013 XXX)
1.00000E+00  8.21634E-37
1.04713E+00  2.56581E-36
1.09648E+00  8.02553E-36
1.14815E+00  2.51421E-35
1.20226E+00  7.88832E-35
1.25893E+00  2.47854E-34
1.31826E+00  7.79847E-34
1.38038E+00  2.45696E-33
1.44544E+00  7.75058E-33
1.51356E+00  2.44788E-32
1.58489E+00  7.73994E-32
1.65959E+00  2.44994E-31
1.73780E+00  7.76265E-31
1.81970E+00  2.46196E-30
1.90546E+00  7.81523E-30
1.99526E+00  2.48295E-29
2.08930E+00  7.89474E-29
2.18776E+00  2.51205E-28
2.29087E+00  7.99870E-28
2.39883E+00  2.54853E-27
2.51189E+00  8.12497E-27
2.63027E+00  2.59177E-26
2.75423E+00  8.27176E-26
2.88403E+00  2.64124E-25
3.01995E+00  8.43750E-25
3.16228E+00  2.69650E-24
3.31131E+00  8.62094E-24
3.46737E+00  2.75717E-23
3.63078E+00  8.82103E-23
3.80189E+00  2.82296E-22
3.98107E+00  9.03683E-22
4.16869E+00  2.89362E-21
4.36516E+00  9.26766E-21
4.57088E+00  2.96890E-20
4.78630E+00  1.00548E-19
5.01187E+00  1.60485E-19
5.24807E+00  9.12798E-20
5.49541E+00  1.02958E-19
5.75440E+00  1.70764E-19
6.02560E+00  2.16229E-19
6.30957E+00  1.75328E-19
6.60693E+00  1.57412E-19
6.91831E+00  1.57836E-19
7.24436E+00  1.66818E-19
7.58578E+00  1.80476E-19
7.94328E+00  1.96010E-19
8.31764E+00  2.09493E-19
8.70964E+00  2.08449E-19
9.12011E+00  2.25797E-19
9.54992E+00  2.76234E-19
1.00000E+01  3.15502E-19
1.04713E+01  3.52053E-19
1.09648E+01  3.89992E-19
1.14815E+01  4.31274E-19
1.20226E+01  4.77020E-19
1.25893E+01  5.29806E-19
1.31826E+01  5.96573E-19
1.38038E+01  6.99932E-19
1.44544E+01  9.70929E-19
1.51356E+01  4.51370E-18
1.58489E+01  3.20788E-18
1.65959E+01  1.25106E-18
1.73780E+01  1.13813E-18
1.81970E+01  1.19587E-18
1.90546E+01  1.31782E-18
1.99526E+01  1.49293E-18
2.08930E+01  1.72895E-18
2.18776E+01  2.05645E-18
2.29087E+01  2.56557E-18
2.39883E+01  3.90925E-18
2.51189E+01  5.74825E-18
2.63027E+01  9.49536E-18
2.75423E+01  1.17271E-17
2.88403E+01  6.16385E-17
3.01995E+01  2.59909E-17
3.16228E+01  2.77936E-17
3.31131E+01  3.44994E-17
3.46737E+01  7.64029E-17
3.63078E+01  1.32164E-16
3.80189E+01  6.79372E-17
3.98107E+01  6.67838E-17
4.16869E+01  3.75694E-17
4.36516E+01  2.78531E-17
4.57088E+01  2.76527E-17
4.78630E+01  3.06184E-17
5.01187E+01  4.02204E-17
5.24807E+01  1.65246E-16
5.49541E+01  8.03298E-17
5.75440E+01  8.90785E-17
6.02560E+01  8.95696E-17
6.30957E+01  7.95350E-17
6.60693E+01  7.07890E-17
6.91831E+01  6.87735E-17
7.24436E+01  7.75830E-17
7.58578E+01  9.91826E-17
7.94328E+01  1.26562E-16
8.31764E+01  1.24152E-16
8.70963E+01  1.26318E-16
9.12011E+01  1.33927E-16
9.54992E+01  1.43258E-16
1.00000E+02  1.55978E-16
1.04713E+02  1.72273E-16
1.09648E+02  1.93389E-16
1.14815E+02  2.21501E-16
1.20226E+02  2.59064E-16
1.25893E+02  3.10281E-16
1.31826E+02  3.79506E-16
1.38038E+02  4.69818E-16
1.44544E+02  5.83581E-16
1.51356E+02  7.17258E-16
1.58489E+02  8.63321E-16
1.65959E+02  1.01405E-15
1.73780E+02  1.16252E-15
1.81970E+02  1.30624E-15
1.90546E+02  1.44499E-15
1.99526E+02  1.58142E-15
2.08930E+02  1.71628E-15
2.18776E+02  1.85159E-15
2.29087E+02  1.98803E-15
2.39883E+02  2.12294E-15
2.51189E+02  2.25387E-15
2.63027E+02  2.38032E-15
2.75423E+02  2.49836E-15
2.88403E+02  2.60768E-15
3.01995E+02  2.70071E-15
3.16228E+02  2.77583E-15
3.31131E+02  2.83104E-15
3.46737E+02  2.87131E-15
3.63078E+02  2.88476E-15
3.80189E+02  2.88307E-15
3.98107E+02  2.85462E-15
4.16869E+02  2.81084E-15
4.36516E+02  2.74857E-15
4.57088E+02  2.67263E-15
4.78630E+02  2.57923E-15
5.01187E+02  2.47576E-15
5.24807E+02  2.36500E-15
5.49541E+02  2.25329E-15
5.75440E+02  2.14556E-15
6.02560E+02  2.03967E-15
6.30957E+02  1.94243E-15
6.60693E+02  1.81633E-15
6.91831E+02  1.65028E-15
7.24436E+02  1.49233E-15
7.58577E+02  1.34654E-15
7.94328E+02  1.21485E-15
8.31763E+02  1.09356E-15
8.70963E+02  9.82661E-16
9.12011E+02  8.79180E-16
9.54993E+02  7.83977E-16
1.00000E+03  6.97500E-16
1.04713E+03  6.18120E-16
1.09648E+03  5.46566E-16
1.14815E+03  4.81082E-16
1.20226E+03  4.19639E-16
1.25893E+03  3.64057E-16
1.31826E+03  3.15036E-16
1.38038E+03  2.72982E-16
1.44544E+03  2.35691E-16
1.51356E+03  2.03785E-16
1.58489E+03  1.75698E-16
1.65959E+03  1.51448E-16
1.73780E+03  1.30438E-16
1.81970E+03  1.12308E-16
1.90546E+03  9.66976E-17
1.99526E+03  8.31766E-17
2.08930E+03  7.15819E-17
2.18776E+03  6.16240E-17
2.29087E+03  5.30242E-17
2.39883E+03  4.56334E-17
2.51189E+03  3.93219E-17
2.63027E+03  3.38704E-17
2.75423E+03  2.91974E-17
2.88403E+03  2.51888E-17
3.01995E+03  2.17486E-17
3.16228E+03  1.88090E-17
3.31131E+03  1.62819E-17
3.46737E+03  1.40997E-17
3.63078E+03  1.22352E-17
3.80189E+03  1.06314E-17
3.98107E+03  9.24917E-18
4.16869E+03  8.06342E-18
4.36516E+03  7.04188E-18
4.57088E+03  6.16460E-18
4.78630E+03  5.41722E-18
5.01187E+03  4.77416E-18
5.24807E+03  4.22431E-18
5.49541E+03  3.75517E-18
5.75440E+03  3.36012E-18
6.02560E+03  3.01758E-18
6.30957E+03  2.73101E-18
6.60693E+03  2.48528E-18
6.91831E+03  2.27853E-18
7.24436E+03  2.10477E-18
7.58577E+03  1.95673E-18
7.94328E+03  1.83367E-18
8.31763E+03  1.73086E-18
8.70963E+03  1.64600E-18
9.12010E+03  1.57539E-18
9.54993E+03  1.51757E-18
