#column 1 : lambda in microns
#column 2 : snu_eff in Jy / Lsun (in the cosmo of Planck 2013 XXX)
1.00000E+00  3.19097E-35
1.04713E+00  1.00716E-34
1.09648E+00  3.18230E-34
1.14815E+00  1.00653E-33
1.20226E+00  3.18662E-33
1.25893E+00  1.00980E-32
1.31826E+00  3.20270E-32
1.38038E+00  1.01661E-31
1.44544E+00  3.22947E-31
1.51356E+00  1.02665E-30
1.58489E+00  3.26596E-30
1.65959E+00  1.03964E-29
1.73780E+00  3.31145E-29
1.81970E+00  1.05536E-28
1.90546E+00  3.36522E-28
1.99526E+00  1.07361E-27
2.08930E+00  3.42672E-27
2.18776E+00  1.09422E-26
2.29087E+00  3.49547E-26
2.39883E+00  1.11705E-25
2.51189E+00  3.57107E-25
2.63027E+00  1.14200E-24
2.75423E+00  3.65319E-24
2.88403E+00  1.16897E-23
3.01995E+00  3.74155E-23
3.16228E+00  1.19787E-22
3.31131E+00  3.83594E-22
3.46737E+00  1.22865E-21
3.63078E+00  3.93621E-21
3.80189E+00  1.26127E-20
3.98107E+00  4.04220E-20
4.16869E+00  1.36938E-19
4.36516E+00  2.18566E-19
4.57088E+00  1.24324E-19
4.78630E+00  1.40240E-19
5.01187E+00  2.32587E-19
5.24807E+00  2.94494E-19
5.49541E+00  2.38810E-19
5.75440E+00  2.14430E-19
6.02560E+00  2.15000E-19
6.30957E+00  2.27224E-19
6.60693E+00  2.45817E-19
6.91831E+00  2.66994E-19
7.24436E+00  2.85402E-19
7.58578E+00  2.83988E-19
7.94328E+00  3.07547E-19
8.31764E+00  3.76232E-19
8.70964E+00  4.29654E-19
9.12011E+00  4.79460E-19
9.54992E+00  5.31055E-19
1.00000E+01  5.87185E-19
1.04713E+01  6.49226E-19
1.09648E+01  7.20781E-19
1.14815E+01  8.11284E-19
1.20226E+01  9.51164E-19
1.25893E+01  1.31901E-18
1.31826E+01  6.13721E-18
1.38038E+01  4.35788E-18
1.44544E+01  1.69269E-18
1.51356E+01  1.53464E-18
1.58489E+01  1.60652E-18
1.65959E+01  1.76362E-18
1.73780E+01  1.98950E-18
1.81970E+01  2.29466E-18
1.90546E+01  2.71923E-18
1.99526E+01  3.38487E-18
2.08930E+01  5.17424E-18
2.18776E+01  7.62871E-18
2.29087E+01  1.26521E-17
2.39883E+01  1.56173E-17
2.51189E+01  8.29736E-17
2.63027E+01  3.47304E-17
2.75423E+01  3.70654E-17
2.88403E+01  4.59891E-17
3.01995E+01  1.02237E-16
3.16228E+01  1.76978E-16
3.31131E+01  9.04921E-17
3.46737E+01  8.88055E-17
3.63078E+01  4.93552E-17
3.80189E+01  3.60765E-17
3.98107E+01  3.55921E-17
4.16869E+01  3.93717E-17
4.36516E+01  5.21203E-17
4.57088E+01  2.20234E-16
4.78630E+01  1.05652E-16
5.01187E+01  1.17120E-16
5.24807E+01  1.17441E-16
5.49541E+01  1.03639E-16
5.75440E+01  9.15245E-17
6.02560E+01  8.82413E-17
6.30957E+01  9.91909E-17
6.60693E+01  1.26881E-16
6.91831E+01  1.61962E-16
7.24436E+01  1.57399E-16
7.58578E+01  1.58915E-16
7.94328E+01  1.67723E-16
8.31764E+01  1.78812E-16
8.70963E+01  1.94076E-16
9.12011E+01  2.13631E-16
9.54992E+01  2.38891E-16
1.00000E+02  2.72365E-16
1.04713E+02  3.16857E-16
1.09648E+02  3.77217E-16
1.14815E+02  4.58441E-16
1.20226E+02  5.64068E-16
1.25893E+02  6.97041E-16
1.31826E+02  8.53872E-16
1.38038E+02  1.02696E-15
1.44544E+02  1.20803E-15
1.51356E+02  1.39055E-15
1.58489E+02  1.57153E-15
1.65959E+02  1.75100E-15
1.73780E+02  1.93217E-15
1.81970E+02  2.11588E-15
1.90546E+02  2.30415E-15
1.99526E+02  2.49797E-15
2.08930E+02  2.69411E-15
2.18776E+02  2.88946E-15
2.29087E+02  3.08253E-15
2.39883E+02  3.26846E-15
2.51189E+02  3.44476E-15
2.63027E+02  3.60321E-15
2.75423E+02  3.74100E-15
2.88403E+02  3.85434E-15
3.01995E+02  3.94536E-15
3.16228E+02  4.00312E-15
3.31131E+02  4.03546E-15
3.46737E+02  4.03387E-15
3.63078E+02  4.00660E-15
3.80189E+02  3.95168E-15
3.98107E+02  3.87245E-15
4.16869E+02  3.76865E-15
4.36516E+02  3.64576E-15
4.57088E+02  3.50966E-15
4.78630E+02  3.36886E-15
5.01187E+02  3.22967E-15
5.24807E+02  3.09332E-15
5.49541E+02  2.96566E-15
5.75440E+02  2.79060E-15
6.02560E+02  2.55081E-15
6.30957E+02  2.31821E-15
6.60693E+02  2.10268E-15
6.91831E+02  1.90640E-15
7.24436E+02  1.72425E-15
7.58577E+02  1.55639E-15
7.94328E+02  1.39864E-15
8.31763E+02  1.25242E-15
8.70963E+02  1.11863E-15
9.12011E+02  9.95107E-16
9.54993E+02  8.82971E-16
1.00000E+03  7.79872E-16
1.04713E+03  6.82563E-16
1.09648E+03  5.93845E-16
1.14815E+03  5.15566E-16
1.20226E+03  4.47831E-16
1.25893E+03  3.87866E-16
1.31826E+03  3.35913E-16
1.38038E+03  2.90340E-16
1.44544E+03  2.50820E-16
1.51356E+03  2.16446E-16
1.58489E+03  1.86696E-16
1.65959E+03  1.61006E-16
1.73780E+03  1.38722E-16
1.81970E+03  1.19556E-16
1.90546E+03  1.03053E-16
1.99526E+03  8.87684E-17
2.08930E+03  7.64833E-17
2.18776E+03  6.59411E-17
2.29087E+03  5.68395E-17
2.39883E+03  4.90237E-17
2.51189E+03  4.23064E-17
2.63027E+03  3.65307E-17
2.75423E+03  3.15902E-17
2.88403E+03  2.73299E-17
3.01995E+03  2.36581E-17
3.16228E+03  2.05113E-17
3.31131E+03  1.78010E-17
3.46737E+03  1.54625E-17
3.63078E+03  1.34519E-17
3.80189E+03  1.17189E-17
3.98107E+03  1.02279E-17
4.16869E+03  8.95808E-18
4.36516E+03  7.86147E-18
4.57088E+03  6.92472E-18
4.78630E+03  6.12119E-18
5.01187E+03  5.44508E-18
5.24807E+03  4.85723E-18
5.49541E+03  4.36324E-18
5.75440E+03  3.93923E-18
6.02560E+03  3.58010E-18
6.30957E+03  3.27712E-18
6.60693E+03  3.01766E-18
6.91831E+03  2.80049E-18
7.24436E+03  2.61738E-18
7.58577E+03  2.46498E-18
7.94328E+03  2.33628E-18
8.31763E+03  2.22929E-18
8.70963E+03  2.14187E-18
9.12010E+03  2.06972E-18
9.54993E+03  2.01168E-18
