#column 1 : lambda in microns
#column 2 : snu_eff in Jy / Lsun (in the cosmo of Planck 2013 XXX)
1.00000E+00  5.62689E-31
1.04713E+00  1.77411E-30
1.09648E+00  5.59689E-30
1.14815E+00  1.76668E-29
1.20226E+00  5.57957E-29
1.25893E+00  1.76309E-28
1.31826E+00  5.57397E-28
1.38038E+00  1.76306E-27
1.44544E+00  5.57924E-27
1.51356E+00  1.76636E-26
1.58489E+00  5.59464E-26
1.65959E+00  1.77277E-25
1.73780E+00  5.61963E-25
1.81970E+00  1.78211E-24
1.90546E+00  5.65364E-24
1.99526E+00  1.79425E-23
2.08930E+00  5.69626E-23
2.18776E+00  1.80904E-22
2.29087E+00  5.74714E-22
2.39883E+00  1.82640E-21
2.51189E+00  5.80598E-21
2.63027E+00  1.84623E-20
2.75423E+00  5.87256E-20
2.88403E+00  1.86849E-19
3.01995E+00  6.70219E-19
3.16228E+00  3.79165E-19
3.31131E+00  3.18828E-19
3.46737E+00  4.52481E-19
3.63078E+00  7.44054E-19
3.80189E+00  6.84319E-19
3.98107E+00  5.72306E-19
4.16869E+00  5.49066E-19
4.36516E+00  5.68407E-19
4.57088E+00  6.09668E-19
4.78630E+00  6.61977E-19
5.01187E+00  7.16556E-19
5.24807E+00  7.47370E-19
5.49541E+00  7.30880E-19
5.75440E+00  8.90523E-19
6.02560E+00  1.04461E-18
6.30957E+00  1.17399E-18
6.60693E+00  1.30344E-18
6.91831E+00  1.44097E-18
7.24436E+00  1.59279E-18
7.58578E+00  1.76319E-18
7.94328E+00  1.96542E-18
8.31764E+00  2.24172E-18
8.70964E+00  2.76507E-18
9.12011E+00  5.08868E-18
9.54992E+00  1.17785E-16
1.00000E+01  5.43807E-18
1.04713E+01  3.99026E-18
1.09648E+01  3.97348E-18
1.14815E+01  4.26924E-18
1.20226E+01  4.74001E-18
1.25893E+01  5.38810E-18
1.31826E+01  6.27087E-18
1.38038E+01  7.55749E-18
1.44544E+01  9.91285E-18
1.51356E+01  2.17483E-17
1.58489E+01  1.99850E-17
1.65959E+01  4.07854E-17
1.73780E+01  6.68299E-17
1.81970E+01  1.75293E-16
1.90546E+01  8.66602E-17
1.99526E+01  9.55062E-17
2.08930E+01  1.62057E-16
2.18776E+01  4.39022E-16
2.29087E+01  3.69442E-16
2.39883E+01  1.88675E-16
2.51189E+01  2.06572E-16
2.63027E+01  9.75764E-17
2.75423E+01  8.74246E-17
2.88403E+01  9.12168E-17
3.01995E+01  1.07530E-16
3.16228E+01  1.87891E-16
3.31131E+01  3.67430E-16
3.46737E+01  3.03623E-16
3.63078E+01  3.92440E-16
3.80189E+01  2.34998E-16
3.98107E+01  2.17785E-16
4.16869E+01  2.10340E-16
4.36516E+01  2.22480E-16
4.57088E+01  2.60840E-16
4.78630E+01  3.59318E-16
5.01187E+01  4.05763E-16
5.24807E+01  3.62149E-16
5.49541E+01  3.91556E-16
5.75440E+01  4.02771E-16
6.02560E+01  4.31870E-16
6.30957E+01  4.69796E-16
6.60693E+01  5.17438E-16
6.91831E+01  5.80333E-16
7.24436E+01  6.61866E-16
7.58578E+01  7.68522E-16
7.94328E+01  9.07823E-16
8.31764E+01  1.08663E-15
8.70963E+01  1.30919E-15
9.12011E+01  1.57317E-15
9.54992E+01  1.86889E-15
1.00000E+02  2.18527E-15
1.04713E+02  2.51204E-15
1.09648E+02  2.84747E-15
1.14815E+02  3.19172E-15
1.20226E+02  3.54958E-15
1.25893E+02  3.92905E-15
1.31826E+02  4.33199E-15
1.38038E+02  4.76357E-15
1.44544E+02  5.22067E-15
1.51356E+02  5.70089E-15
1.58489E+02  6.19783E-15
1.65959E+02  6.70334E-15
1.73780E+02  7.20747E-15
1.81970E+02  7.70292E-15
1.90546E+02  8.17601E-15
1.99526E+02  8.61874E-15
2.08930E+02  9.01498E-15
2.18776E+02  9.35961E-15
2.29087E+02  9.64052E-15
2.39883E+02  9.85307E-15
2.51189E+02  9.99770E-15
2.63027E+02  1.00757E-14
2.75423E+02  1.00782E-14
2.88403E+02  1.00138E-14
3.01995E+02  9.88091E-15
3.16228E+02  9.69215E-15
3.31131E+02  9.47244E-15
3.46737E+02  9.23005E-15
3.63078E+02  8.98531E-15
3.80189E+02  8.75611E-15
3.98107E+02  8.47292E-15
4.16869E+02  7.94965E-15
4.36516E+02  7.32700E-15
4.57088E+02  6.72902E-15
4.78630E+02  6.17868E-15
5.01187E+02  5.65868E-15
5.24807E+02  5.16874E-15
5.49541E+02  4.69965E-15
5.75440E+02  4.26204E-15
6.02560E+02  3.84925E-15
6.30957E+02  3.46501E-15
6.60693E+02  3.10642E-15
6.91831E+02  2.77545E-15
7.24436E+02  2.46092E-15
7.58577E+02  2.16049E-15
7.94328E+02  1.89215E-15
8.31763E+02  1.65510E-15
8.70963E+02  1.44498E-15
9.12011E+02  1.25883E-15
9.54993E+02  1.09525E-15
1.00000E+03  9.51687E-16
1.04713E+03  8.26505E-16
1.09648E+03  7.16617E-16
1.14815E+03  6.20734E-16
1.20226E+03  5.37618E-16
1.25893E+03  4.65127E-16
1.31826E+03  4.02377E-16
1.38038E+03  3.47773E-16
1.44544E+03  3.00633E-16
1.51356E+03  2.59748E-16
1.58489E+03  2.24396E-16
1.65959E+03  1.93929E-16
1.73780E+03  1.67658E-16
1.81970E+03  1.44931E-16
1.90546E+03  1.25302E-16
1.99526E+03  1.08457E-16
2.08930E+03  9.38731E-17
2.18776E+03  8.13211E-17
2.29087E+03  7.04561E-17
2.39883E+03  6.10917E-17
2.51189E+03  5.29796E-17
2.63027E+03  4.59678E-17
2.75423E+03  3.99280E-17
2.88403E+03  3.47301E-17
3.01995E+03  3.02581E-17
3.16228E+03  2.64020E-17
3.31131E+03  2.31317E-17
3.46737E+03  2.03036E-17
3.63078E+03  1.78978E-17
3.80189E+03  1.58137E-17
3.98107E+03  1.40409E-17
4.16869E+03  1.25260E-17
4.36516E+03  1.12522E-17
4.57088E+03  1.01455E-17
4.78630E+03  9.21152E-18
5.01187E+03  8.41171E-18
5.24807E+03  7.73544E-18
5.49541E+03  7.15755E-18
5.75440E+03  6.67526E-18
6.02560E+03  6.26734E-18
6.30957E+03  5.92717E-18
6.60693E+03  5.64081E-18
6.91831E+03  5.40307E-18
7.24436E+03  5.20743E-18
7.58577E+03  5.04731E-18
7.94328E+03  4.91907E-18
8.31763E+03  4.81777E-18
8.70963E+03  4.73973E-18
9.12010E+03  4.68119E-18
9.54993E+03  4.64067E-18
