#column 1 : lambda in microns
#column 2 : snu_eff in Jy / Lsun (in the cosmo of Planck 2013 XXX)
1.00000E+00  6.35259E-20
1.04713E+00  1.98355E-19
1.09648E+00  6.19402E-19
1.14815E+00  1.93438E-18
1.20226E+00  6.04154E-18
1.25893E+00  1.89637E-17
1.31826E+00  5.03513E-17
1.38038E+00  2.58234E-17
1.44544E+00  2.53543E-17
1.51356E+00  3.92925E-17
1.58489E+00  5.77935E-17
1.65959E+00  4.87955E-17
1.73780E+00  4.24927E-17
1.81970E+00  4.18671E-17
1.90546E+00  4.38873E-17
1.99526E+00  4.73195E-17
2.08930E+00  5.14519E-17
2.18776E+00  5.54294E-17
2.29087E+00  5.66772E-17
2.39883E+00  5.76747E-17
2.51189E+00  7.09626E-17
2.63027E+00  8.18503E-17
2.75423E+00  9.15738E-17
2.88403E+00  1.01422E-16
3.01995E+00  1.12000E-16
3.16228E+00  1.23639E-16
3.31131E+00  1.36740E-16
3.46737E+00  1.52756E-16
3.63078E+00  1.75765E-16
3.80189E+00  2.26214E-16
3.98107E+00  5.68415E-16
4.16869E+00  1.93715E-15
4.36516E+00  3.50553E-16
4.57088E+00  2.90589E-16
4.78630E+00  2.94940E-16
5.01187E+00  3.17078E-16
5.24807E+00  3.50565E-16
5.49541E+00  3.96178E-16
5.75440E+00  4.59602E-16
6.02560E+00  5.56270E-16
6.30957E+00  7.72889E-16
6.60693E+00  1.54980E-15
6.91831E+00  1.69032E-15
7.24436E+00  2.63613E-15
7.58578E+00  8.17810E-15
7.94328E+00  7.94795E-15
8.31764E+00  6.51999E-15
8.70964E+00  7.28036E-15
9.12011E+00  1.42791E-14
9.54992E+00  3.24179E-14
1.00000E+01  2.02114E-14
1.04713E+01  1.37321E-14
1.09648E+01  1.06783E-14
1.14815E+01  6.23559E-15
1.20226E+01  5.78293E-15
1.25893E+01  6.14606E-15
1.31826E+01  7.64315E-15
1.38038E+01  2.01397E-14
1.44544E+01  1.89767E-14
1.51356E+01  1.95548E-14
1.58489E+01  2.44911E-14
1.65959E+01  1.61469E-14
1.73780E+01  1.37212E-14
1.81970E+01  1.31493E-14
1.90546E+01  1.41625E-14
1.99526E+01  1.68135E-14
2.08930E+01  2.22788E-14
2.18776E+01  2.23765E-14
2.29087E+01  2.10731E-14
2.39883E+01  2.19982E-14
2.51189E+01  2.27500E-14
2.63027E+01  2.41154E-14
2.75423E+01  2.59341E-14
2.88403E+01  2.82203E-14
3.01995E+01  3.12170E-14
3.16228E+01  3.50300E-14
3.31131E+01  3.98822E-14
3.46737E+01  4.59985E-14
3.63078E+01  5.34371E-14
3.80189E+01  6.21545E-14
3.98107E+01  7.18298E-14
4.16869E+01  8.21687E-14
4.36516E+01  9.29565E-14
4.57088E+01  1.04151E-13
4.78630E+01  1.15943E-13
5.01187E+01  1.28764E-13
5.24807E+01  1.43077E-13
5.49541E+01  1.59219E-13
5.75440E+01  1.77674E-13
6.02560E+01  1.98592E-13
6.30957E+01  2.22290E-13
6.60693E+01  2.48583E-13
6.91831E+01  2.77598E-13
7.24436E+01  3.09033E-13
7.58578E+01  3.42753E-13
7.94328E+01  3.78075E-13
8.31764E+01  4.14647E-13
8.70963E+01  4.51793E-13
9.12011E+01  4.88860E-13
9.54992E+01  5.24961E-13
1.00000E+02  5.59297E-13
1.04713E+02  5.91310E-13
1.09648E+02  6.20569E-13
1.14815E+02  6.46304E-13
1.20226E+02  6.68091E-13
1.25893E+02  6.85528E-13
1.31826E+02  6.98202E-13
1.38038E+02  7.07040E-13
1.44544E+02  7.13201E-13
1.51356E+02  7.17109E-13
1.58489E+02  7.20682E-13
1.65959E+02  7.24664E-13
1.73780E+02  7.18086E-13
1.81970E+02  6.86992E-13
1.90546E+02  6.47680E-13
1.99526E+02  6.09256E-13
2.08930E+02  5.71966E-13
2.18776E+02  5.35642E-13
2.29087E+02  4.99729E-13
2.39883E+02  4.63836E-13
2.51189E+02  4.28729E-13
2.63027E+02  3.94490E-13
2.75423E+02  3.61110E-13
2.88403E+02  3.29215E-13
3.01995E+02  2.98703E-13
3.16228E+02  2.68521E-13
3.31131E+02  2.39325E-13
3.46737E+02  2.12598E-13
3.63078E+02  1.88474E-13
3.80189E+02  1.66593E-13
3.98107E+02  1.46964E-13
4.16869E+02  1.29304E-13
4.36516E+02  1.13534E-13
4.57088E+02  9.95512E-14
4.78630E+02  8.71729E-14
5.01187E+02  7.62111E-14
5.24807E+02  6.65303E-14
5.49541E+02  5.80452E-14
5.75440E+02  5.05744E-14
6.02560E+02  4.40269E-14
6.30957E+02  3.82897E-14
6.60693E+02  3.32956E-14
6.91831E+02  2.89214E-14
7.24436E+02  2.51101E-14
7.58577E+02  2.18012E-14
7.94328E+02  1.89232E-14
8.31763E+02  1.64219E-14
8.70963E+02  1.42511E-14
9.12011E+02  1.23620E-14
9.54993E+02  1.07264E-14
1.00000E+03  9.30345E-15
1.04713E+03  8.06449E-15
1.09648E+03  6.98702E-15
1.14815E+03  6.05244E-15
1.20226E+03  5.24274E-15
1.25893E+03  4.54177E-15
1.31826E+03  3.94144E-15
1.38038E+03  3.42052E-15
1.44544E+03  2.96758E-15
1.51356E+03  2.57859E-15
1.58489E+03  2.24708E-15
1.65959E+03  1.95742E-15
1.73780E+03  1.71147E-15
1.81970E+03  1.50026E-15
1.90546E+03  1.31936E-15
1.99526E+03  1.16311E-15
2.08930E+03  1.02895E-15
2.18776E+03  9.14803E-16
2.29087E+03  8.17428E-16
2.39883E+03  7.33269E-16
2.51189E+03  6.62015E-16
2.63027E+03  6.01078E-16
2.75423E+03  5.49040E-16
2.88403E+03  5.04796E-16
3.01995E+03  4.67450E-16
3.16228E+03  4.35718E-16
3.31131E+03  4.09095E-16
3.46737E+03  3.86585E-16
3.63078E+03  3.67809E-16
3.80189E+03  3.52118E-16
3.98107E+03  3.39181E-16
4.16869E+03  3.28558E-16
4.36516E+03  3.19997E-16
4.57088E+03  3.13250E-16
4.78630E+03  3.08075E-16
5.01187E+03  3.04235E-16
5.24807E+03  3.01553E-16
5.49541E+03  2.99933E-16
5.75440E+03  2.99210E-16
6.02560E+03  2.99317E-16
6.30957E+03  3.00140E-16
6.60693E+03  3.01617E-16
6.91831E+03  3.03669E-16
7.24436E+03  3.06265E-16
7.58577E+03  3.09344E-16
7.94328E+03  3.12877E-16
8.31763E+03  3.16826E-16
8.70963E+03  3.21169E-16
9.12010E+03  3.25880E-16
9.54993E+03  3.30947E-16
