#column 1 : lambda in microns
#column 2 : snu_eff in Jy / Lsun (in the cosmo of Planck 2013 XXX)
1.00000E+00  5.60519E-45
1.04713E+00  2.66247E-44
1.09648E+00  8.26766E-44
1.14815E+00  2.56438E-43
1.20226E+00  7.81925E-43
1.25893E+00  2.39482E-42
1.31826E+00  7.30637E-42
1.38038E+00  2.23703E-41
1.44544E+00  6.86286E-41
1.51356E+00  2.10936E-40
1.58489E+00  6.49558E-40
1.65959E+00  2.00405E-39
1.73780E+00  6.19452E-39
1.81970E+00  1.91826E-38
1.90546E+00  5.95112E-38
1.99526E+00  1.84954E-37
2.08930E+00  5.75818E-37
2.18776E+00  1.79576E-36
2.29087E+00  5.60959E-36
2.39883E+00  1.75513E-35
2.51189E+00  5.49996E-35
2.63027E+00  1.72606E-34
2.75423E+00  5.42472E-34
2.88403E+00  1.70722E-33
3.01995E+00  5.37986E-33
3.16228E+00  1.69743E-32
3.31131E+00  5.36199E-32
3.46737E+00  1.69569E-31
3.63078E+00  5.36818E-31
3.80189E+00  1.70114E-30
3.98107E+00  5.39588E-30
4.16869E+00  1.71304E-29
4.36516E+00  5.44294E-29
4.57088E+00  1.73075E-28
4.78630E+00  5.50751E-28
5.01187E+00  1.75375E-27
5.24807E+00  5.58797E-27
5.49541E+00  1.78156E-26
5.75440E+00  5.68306E-26
6.02560E+00  1.81378E-25
6.30957E+00  5.79154E-25
6.60693E+00  1.85010E-24
6.91831E+00  5.91251E-24
7.24436E+00  1.89022E-23
7.58578E+00  6.04515E-23
7.94328E+00  1.93393E-22
8.31764E+00  6.18873E-22
8.70964E+00  1.98100E-21
9.12011E+00  6.34279E-21
9.54992E+00  2.04113E-20
1.00000E+01  5.48493E-20
1.04713E+01  2.77991E-20
1.09648E+01  2.71800E-20
1.14815E+01  4.24199E-20
1.20226E+01  6.26322E-20
1.25893E+01  5.26284E-20
1.31826E+01  4.55820E-20
1.38038E+01  4.47498E-20
1.44544E+01  4.68465E-20
1.51356E+01  5.04798E-20
1.58489E+01  5.48550E-20
1.65959E+01  5.90521E-20
1.73780E+01  6.03080E-20
1.81970E+01  6.12001E-20
1.90546E+01  7.56884E-20
1.99526E+01  8.74330E-20
2.08930E+01  9.80221E-20
2.18776E+01  1.08701E-19
2.29087E+01  1.20146E-19
2.39883E+01  1.32841E-19
2.51189E+01  1.47475E-19
2.63027E+01  1.65131E-19
2.75423E+01  1.90871E-19
2.88403E+01  2.47267E-19
3.01995E+01  6.26529E-19
3.16228E+01  2.14290E-18
3.31131E+01  3.90356E-19
3.46737E+01  3.27875E-19
3.63078E+01  3.38230E-19
3.80189E+01  3.70628E-19
3.98107E+01  4.18395E-19
4.16869E+01  4.82862E-19
4.36516E+01  5.71648E-19
4.57088E+01  7.02495E-19
4.78630E+01  9.74224E-19
5.01187E+01  1.88529E-18
5.24807E+01  2.08897E-18
5.49541E+01  3.21505E-18
5.75440E+01  9.61242E-18
6.02560E+01  9.44232E-18
6.30957E+01  7.89537E-18
6.60693E+01  8.88589E-18
6.91831E+01  1.71737E-17
7.24436E+01  3.86517E-17
7.58578E+01  2.45241E-17
7.94328E+01  1.69862E-17
8.31764E+01  1.35443E-17
8.70963E+01  8.43650E-18
9.12011E+01  8.10436E-18
9.54992E+01  8.76036E-18
1.00000E+02  1.07568E-17
1.04713E+02  2.57475E-17
1.09648E+02  2.47255E-17
1.14815E+02  2.58023E-17
1.20226E+02  3.22533E-17
1.25893E+02  2.25972E-17
1.31826E+02  2.01010E-17
1.38038E+02  2.00239E-17
1.44544E+02  2.21638E-17
1.51356E+02  2.67507E-17
1.58489E+02  3.55256E-17
1.65959E+02  3.71939E-17
1.73780E+02  3.69049E-17
1.81970E+02  3.97468E-17
1.90546E+02  4.22315E-17
1.99526E+02  4.58869E-17
2.08930E+02  5.06131E-17
2.18776E+02  5.66369E-17
2.29087E+02  6.46746E-17
2.39883E+02  7.54172E-17
2.51189E+02  8.99784E-17
2.63027E+02  1.09765E-16
2.75423E+02  1.36001E-16
2.88403E+02  1.69432E-16
3.01995E+02  2.08979E-16
3.16228E+02  2.53137E-16
3.31131E+02  2.99065E-16
3.46737E+02  3.43907E-16
3.63078E+02  3.86995E-16
3.80189E+02  4.27903E-16
3.98107E+02  4.67105E-16
4.16869E+02  5.05264E-16
4.36516E+02  5.43132E-16
4.57088E+02  5.80633E-16
4.78630E+02  6.17639E-16
5.01187E+02  6.53406E-16
5.24807E+02  6.86552E-16
5.49541E+02  7.17881E-16
5.75440E+02  7.46756E-16
6.02560E+02  7.70099E-16
6.30957E+02  7.88830E-16
6.60693E+02  8.01661E-16
6.91831E+02  8.10244E-16
7.24436E+02  8.12144E-16
7.58577E+02  8.09205E-16
7.94328E+02  7.98980E-16
8.31763E+02  7.83479E-16
8.70963E+02  7.63952E-16
9.12011E+02  7.40627E-16
9.54993E+02  7.12500E-16
1.00000E+03  6.82675E-16
1.04713E+03  6.50170E-16
1.09648E+03  6.17829E-16
1.14815E+03  5.85044E-16
1.20226E+03  5.54815E-16
1.25893E+03  5.26585E-16
1.31826E+03  4.94227E-16
1.38038E+03  4.50162E-16
1.44544E+03  4.06004E-16
1.51356E+03  3.65621E-16
1.58489E+03  3.28934E-16
1.65959E+03  2.95603E-16
1.73780E+03  2.65090E-16
1.81970E+03  2.36725E-16
1.90546E+03  2.10995E-16
1.99526E+03  1.87465E-16
2.08930E+03  1.65893E-16
2.18776E+03  1.46510E-16
2.29087E+03  1.28952E-16
2.39883E+03  1.12566E-16
2.51189E+03  9.75476E-17
2.63027E+03  8.44252E-17
2.75423E+03  7.29840E-17
2.88403E+03  6.29437E-17
3.01995E+03  5.43433E-17
3.16228E+03  4.68300E-17
3.31131E+03  4.03196E-17
3.46737E+03  3.46989E-17
3.63078E+03  2.98680E-17
3.80189E+03  2.56878E-17
3.98107E+03  2.20861E-17
4.16869E+03  1.89992E-17
4.36516E+03  1.63363E-17
4.57088E+03  1.40594E-17
4.78630E+03  1.20937E-17
5.01187E+03  1.04097E-17
5.24807E+03  8.96224E-18
5.49541E+03  7.72484E-18
5.75440E+03  6.66606E-18
6.02560E+03  5.74601E-18
6.30957E+03  4.96989E-18
6.60693E+03  4.30156E-18
6.91831E+03  3.72729E-18
7.24436E+03  3.23525E-18
7.58577E+03  2.81179E-18
7.94328E+03  2.44836E-18
8.31763E+03  2.13491E-18
8.70963E+03  1.86608E-18
9.12010E+03  1.63540E-18
9.54993E+03  1.43713E-18
