#column 1 : lambda in microns
#column 2 : snu_eff in Jy / Lsun (in the cosmo of Planck 2013 XXX)
1.00000E+00  3.47522E-42
1.04713E+00  1.06176E-41
1.09648E+00  3.25199E-41
1.14815E+00  9.97682E-41
1.20226E+00  3.06646E-40
1.25893E+00  9.44296E-40
1.31826E+00  2.91339E-39
1.38038E+00  9.00532E-39
1.44544E+00  2.78869E-38
1.51356E+00  8.65145E-38
1.58489E+00  2.68876E-37
1.65959E+00  8.37099E-37
1.73780E+00  2.61060E-36
1.81970E+00  8.15497E-36
1.90546E+00  2.55153E-35
1.99526E+00  7.99559E-35
2.08930E+00  2.50927E-34
2.18776E+00  7.88618E-34
2.29087E+00  2.48188E-33
2.39883E+00  7.82100E-33
2.51189E+00  2.46764E-32
2.63027E+00  7.79499E-32
2.75423E+00  2.46512E-31
2.88403E+00  7.80400E-31
3.01995E+00  2.47304E-30
3.16228E+00  7.84429E-30
3.31131E+00  2.49034E-29
3.46737E+00  7.91267E-29
3.63078E+00  2.51610E-28
3.80189E+00  8.00655E-28
3.98107E+00  2.54952E-27
4.16869E+00  8.12358E-27
4.36516E+00  2.58994E-26
4.57088E+00  8.26174E-26
4.78630E+00  2.63680E-25
5.01187E+00  8.41951E-25
5.24807E+00  2.68958E-24
5.49541E+00  8.59536E-24
5.75440E+00  2.74793E-23
6.02560E+00  8.78815E-23
6.30957E+00  2.81145E-22
6.60693E+00  8.99695E-22
6.91831E+00  2.87990E-21
7.24436E+00  9.22085E-21
7.58578E+00  2.96730E-20
7.94328E+00  7.97377E-20
8.31764E+00  4.04132E-20
8.70964E+00  3.95132E-20
9.12011E+00  6.16682E-20
9.54992E+00  9.10522E-20
1.00000E+01  7.65090E-20
1.04713E+01  6.62653E-20
1.09648E+01  6.50554E-20
1.14815E+01  6.81035E-20
1.20226E+01  7.33855E-20
1.25893E+01  7.97459E-20
1.31826E+01  8.58475E-20
1.38038E+01  8.76733E-20
1.44544E+01  8.89700E-20
1.51356E+01  1.10033E-19
1.58489E+01  1.27106E-19
1.65959E+01  1.42501E-19
1.73780E+01  1.58026E-19
1.81970E+01  1.74663E-19
1.90546E+01  1.93118E-19
1.99526E+01  2.14394E-19
2.08930E+01  2.40060E-19
2.18776E+01  2.77480E-19
2.29087E+01  3.59467E-19
2.39883E+01  9.10821E-19
2.51189E+01  3.11533E-18
2.63027E+01  5.67483E-19
2.75423E+01  4.76651E-19
2.88403E+01  4.91705E-19
3.01995E+01  5.38803E-19
3.16228E+01  6.08245E-19
3.31131E+01  7.01964E-19
3.46737E+01  8.31039E-19
3.63078E+01  1.02126E-18
3.80189E+01  1.41628E-18
3.98107E+01  2.74076E-18
4.16869E+01  3.03688E-18
4.36516E+01  4.67391E-18
4.57088E+01  1.39740E-17
4.78630E+01  1.37269E-17
5.01187E+01  1.14780E-17
5.24807E+01  1.29179E-17
5.49541E+01  2.49666E-17
5.75440E+01  5.61903E-17
6.02560E+01  3.56521E-17
6.30957E+01  2.46937E-17
6.60693E+01  1.96902E-17
6.91831E+01  1.22646E-17
7.24436E+01  1.17818E-17
7.58578E+01  1.27354E-17
7.94328E+01  1.56378E-17
8.31764E+01  3.74304E-17
8.70963E+01  3.59451E-17
9.12011E+01  3.75103E-17
9.54992E+01  4.68885E-17
1.00000E+02  3.28509E-17
1.04713E+02  2.92220E-17
1.09648E+02  2.91099E-17
1.14815E+02  3.22208E-17
1.20226E+02  3.88889E-17
1.25893E+02  5.16457E-17
1.31826E+02  5.40710E-17
1.38038E+02  5.36507E-17
1.44544E+02  5.77822E-17
1.51356E+02  6.13944E-17
1.58489E+02  6.67085E-17
1.65959E+02  7.35792E-17
1.73780E+02  8.23364E-17
1.81970E+02  9.40212E-17
1.90546E+02  1.09639E-16
1.99526E+02  1.30807E-16
2.08930E+02  1.59572E-16
2.18776E+02  1.97713E-16
2.29087E+02  2.46312E-16
2.39883E+02  3.03804E-16
2.51189E+02  3.68000E-16
2.63027E+02  4.34767E-16
2.75423E+02  4.99957E-16
2.88403E+02  5.62599E-16
3.01995E+02  6.22068E-16
3.16228E+02  6.79058E-16
3.31131E+02  7.34532E-16
3.46737E+02  7.89583E-16
3.63078E+02  8.44101E-16
3.80189E+02  8.97899E-16
3.98107E+02  9.49894E-16
4.16869E+02  9.98080E-16
4.36516E+02  1.04363E-15
4.57088E+02  1.08560E-15
4.78630E+02  1.11954E-15
5.01187E+02  1.14677E-15
5.24807E+02  1.16542E-15
5.49541E+02  1.17790E-15
5.75440E+02  1.18066E-15
6.02560E+02  1.17639E-15
6.30957E+02  1.16152E-15
6.60693E+02  1.13899E-15
6.91831E+02  1.11060E-15
7.24436E+02  1.07669E-15
7.58577E+02  1.03580E-15
7.94328E+02  9.92444E-16
8.31763E+02  9.45191E-16
8.70963E+02  8.98175E-16
9.12011E+02  8.50513E-16
9.54993E+02  8.06567E-16
1.00000E+03  7.65528E-16
1.04713E+03  7.18487E-16
1.09648E+03  6.54426E-16
1.14815E+03  5.90231E-16
1.20226E+03  5.31525E-16
1.25893E+03  4.78190E-16
1.31826E+03  4.29736E-16
1.38038E+03  3.85377E-16
1.44544E+03  3.44141E-16
1.51356E+03  3.06736E-16
1.58489E+03  2.72529E-16
1.65959E+03  2.41168E-16
1.73780E+03  2.12990E-16
1.81970E+03  1.87464E-16
1.90546E+03  1.63644E-16
1.99526E+03  1.41810E-16
2.08930E+03  1.22734E-16
2.18776E+03  1.06101E-16
2.29087E+03  9.15051E-17
2.39883E+03  7.90021E-17
2.51189E+03  6.80797E-17
2.63027E+03  5.86151E-17
2.75423E+03  5.04438E-17
2.88403E+03  4.34207E-17
3.01995E+03  3.73440E-17
3.16228E+03  3.21077E-17
3.31131E+03  2.76202E-17
3.46737E+03  2.37490E-17
3.63078E+03  2.04389E-17
3.80189E+03  1.75813E-17
3.98107E+03  1.51332E-17
4.16869E+03  1.30289E-17
4.36516E+03  1.12301E-17
4.57088E+03  9.69087E-18
4.78630E+03  8.35332E-18
5.01187E+03  7.22503E-18
5.24807E+03  6.25343E-18
5.49541E+03  5.41857E-18
5.75440E+03  4.70328E-18
6.02560E+03  4.08765E-18
6.30957E+03  3.55931E-18
6.60693E+03  3.10365E-18
6.91831E+03  2.71283E-18
7.24436E+03  2.37747E-18
7.58577E+03  2.08924E-18
7.94328E+03  1.84699E-18
8.31763E+03  1.63707E-18
8.70963E+03  1.45730E-18
9.12010E+03  1.30403E-18
9.54993E+03  1.17598E-18
