#column 1 : lambda in microns
#column 2 : snu_eff in Jy / Lsun (in the cosmo of Planck 2013 XXX)
1.00000E+00  8.50071E-29
1.04713E+00  2.67304E-28
1.09648E+00  8.40857E-28
1.14815E+00  2.64608E-27
1.20226E+00  8.32995E-27
1.25893E+00  2.62324E-26
1.31826E+00  8.26388E-26
1.38038E+00  2.60422E-25
1.44544E+00  8.20948E-25
1.51356E+00  2.58877E-24
1.58489E+00  8.16597E-24
1.65959E+00  2.57666E-23
1.73780E+00  8.13278E-23
1.81970E+00  2.56773E-22
1.90546E+00  8.10934E-22
1.99526E+00  2.56180E-21
2.08930E+00  8.09516E-21
2.18776E+00  2.55874E-20
2.29087E+00  8.08990E-20
2.39883E+00  2.55844E-19
2.51189E+00  9.20853E-19
2.63027E+00  8.20099E-19
2.75423E+00  5.73432E-19
2.88403E+00  7.29084E-19
3.01995E+00  1.24204E-18
3.16228E+00  1.32007E-18
3.31131E+00  1.07756E-18
3.46737E+00  1.00350E-18
3.63078E+00  1.02496E-18
3.80189E+00  1.09306E-18
3.98107E+00  1.18549E-18
4.16869E+00  1.28570E-18
4.36516E+00  1.36141E-18
4.57088E+00  1.33063E-18
4.78630E+00  1.54172E-18
5.01187E+00  1.84418E-18
5.24807E+00  2.08567E-18
5.49541E+00  2.31990E-18
5.75440E+00  2.56583E-18
6.02560E+00  2.83575E-18
6.30957E+00  3.13501E-18
6.60693E+00  3.48339E-18
6.91831E+00  3.93784E-18
7.24436E+00  4.71245E-18
7.58578E+00  7.25984E-18
7.94328E+00  1.06547E-16
8.31764E+00  1.28494E-17
8.70964E+00  7.45364E-18
9.12011E+00  7.12938E-18
9.54992E+00  7.54455E-18
1.00000E+01  8.30242E-18
1.04713E+01  9.35585E-18
1.09648E+01  1.07887E-17
1.14815E+01  1.28316E-17
1.20226E+01  1.62695E-17
1.25893E+01  2.95445E-17
1.31826E+01  3.31645E-17
1.38038E+01  7.42183E-17
1.44544E+01  8.60554E-17
1.51356E+01  4.80699E-16
1.58489E+01  1.48645E-16
1.65959E+01  1.67267E-16
1.73780E+01  2.42196E-16
1.81970E+01  6.21633E-16
1.90546E+01  7.78942E-16
1.99526E+01  3.55072E-16
2.08930E+01  4.39125E-16
2.18776E+01  1.89636E-16
2.29087E+01  1.55718E-16
2.39883E+01  1.57349E-16
2.51189E+01  1.78553E-16
2.63027E+01  2.62023E-16
2.75423E+01  9.64199E-16
2.88403E+01  5.06584E-16
3.01995E+01  5.93112E-16
3.16228E+01  4.35956E-16
3.31131E+01  4.15627E-16
3.46737E+01  3.82179E-16
3.63078E+01  3.75249E-16
3.80189E+01  4.27093E-16
3.98107E+01  6.46162E-16
4.16869E+01  6.77226E-16
4.36516E+01  6.25125E-16
4.57088E+01  6.60608E-16
4.78630E+01  6.70444E-16
5.01187E+01  7.12867E-16
5.24807E+01  7.70057E-16
5.49541E+01  8.42563E-16
5.75440E+01  9.36881E-16
6.02560E+01  1.05873E-15
6.30957E+01  1.21630E-15
6.60693E+01  1.41983E-15
6.91831E+01  1.67960E-15
7.24436E+01  2.00239E-15
7.58578E+01  2.38250E-15
7.94328E+01  2.80955E-15
8.31764E+01  3.26774E-15
8.70963E+01  3.74702E-15
9.12011E+01  4.23924E-15
9.54992E+01  4.74883E-15
1.00000E+02  5.28798E-15
1.04713E+02  5.86355E-15
1.09648E+02  6.48590E-15
1.14815E+02  7.16319E-15
1.20226E+02  7.89262E-15
1.25893E+02  8.67577E-15
1.31826E+02  9.50127E-15
1.38038E+02  1.03606E-14
1.44544E+02  1.12440E-14
1.51356E+02  1.21269E-14
1.58489E+02  1.29992E-14
1.65959E+02  1.38379E-14
1.73780E+02  1.46250E-14
1.81970E+02  1.53481E-14
1.90546E+02  1.59754E-14
1.99526E+02  1.65005E-14
2.08930E+02  1.69214E-14
2.18776E+02  1.72266E-14
2.29087E+02  1.74127E-14
2.39883E+02  1.74710E-14
2.51189E+02  1.74181E-14
2.63027E+02  1.72506E-14
2.75423E+02  1.70106E-14
2.88403E+02  1.67195E-14
3.01995E+02  1.64028E-14
3.16228E+02  1.61123E-14
3.31131E+02  1.57798E-14
3.46737E+02  1.50386E-14
3.63078E+02  1.39733E-14
3.80189E+02  1.29092E-14
3.98107E+02  1.19240E-14
4.16869E+02  1.09991E-14
4.36516E+02  1.01079E-14
4.57088E+02  9.26079E-15
4.78630E+02  8.44893E-15
5.01187E+02  7.67606E-15
5.24807E+02  6.95009E-15
5.49541E+02  6.26422E-15
5.75440E+02  5.62733E-15
6.02560E+02  5.02362E-15
6.30957E+02  4.43772E-15
6.60693E+02  3.90416E-15
6.91831E+02  3.42901E-15
7.24436E+02  3.00387E-15
7.58577E+02  2.62793E-15
7.94328E+02  2.29514E-15
8.31763E+02  2.00128E-15
8.70963E+02  1.74166E-15
9.12011E+02  1.51499E-15
9.54993E+02  1.31618E-15
1.00000E+03  1.14201E-15
1.04713E+03  9.90604E-16
1.09648E+03  8.58808E-16
1.14815E+03  7.43832E-16
1.20226E+03  6.44160E-16
1.25893E+03  5.57535E-16
1.31826E+03  4.82446E-16
1.38038E+03  4.17506E-16
1.44544E+03  3.61165E-16
1.51356E+03  3.12564E-16
1.58489E+03  2.70433E-16
1.65959E+03  2.34272E-16
1.73780E+03  2.02845E-16
1.81970E+03  1.75680E-16
1.90546E+03  1.52236E-16
1.99526E+03  1.31951E-16
2.08930E+03  1.14383E-16
2.18776E+03  9.91516E-17
2.29087E+03  8.60120E-17
2.39883E+03  7.46727E-17
2.51189E+03  6.49961E-17
2.63027E+03  5.64774E-17
2.75423E+03  4.93634E-17
2.88403E+03  4.31025E-17
3.01995E+03  3.77877E-17
3.16228E+03  3.32363E-17
3.31131E+03  2.93461E-17
3.46737E+03  2.59831E-17
3.63078E+03  2.31400E-17
3.80189E+03  2.06792E-17
3.98107E+03  1.85935E-17
4.16869E+03  1.68257E-17
4.36516E+03  1.53075E-17
4.57088E+03  1.40236E-17
4.78630E+03  1.29304E-17
5.01187E+03  1.20031E-17
5.24807E+03  1.12241E-17
5.49541E+03  1.05646E-17
5.75440E+03  1.00126E-17
6.02560E+03  9.55193E-18
6.30957E+03  9.17012E-18
6.60693E+03  8.85709E-18
6.91831E+03  8.60310E-18
7.24436E+03  8.39862E-18
7.58577E+03  8.23813E-18
7.94328E+03  8.11607E-18
8.31763E+03  8.02747E-18
8.70963E+03  7.96727E-18
9.12010E+03  7.93363E-18
9.54993E+03  7.92244E-18
