#column 1 : lambda in microns
#column 2 : snu_eff in Jy / Lsun (in the cosmo of Planck 2013 XXX)
1.00000E+00  5.14038E-41
1.04713E+00  1.57779E-40
1.09648E+00  4.85187E-40
1.14815E+00  1.49481E-39
1.20226E+00  4.61400E-39
1.25893E+00  1.42685E-38
1.31826E+00  4.42056E-38
1.38038E+00  1.37203E-37
1.44544E+00  4.26598E-37
1.51356E+00  1.32870E-36
1.58489E+00  4.14546E-36
1.65959E+00  1.29548E-35
1.73780E+00  4.05490E-35
1.81970E+00  1.27114E-34
1.90546E+00  3.99071E-34
1.99526E+00  1.25464E-33
2.08930E+00  3.94983E-33
2.18776E+00  1.24508E-32
2.29087E+00  3.92960E-32
2.39883E+00  1.24167E-31
2.51189E+00  3.92775E-31
2.63027E+00  1.24375E-30
2.75423E+00  3.94234E-30
2.88403E+00  1.25076E-29
3.01995E+00  3.97165E-29
3.16228E+00  1.26219E-28
3.31131E+00  4.01427E-28
3.46737E+00  1.27761E-27
3.63078E+00  4.06898E-27
3.80189E+00  1.29670E-26
3.98107E+00  4.13469E-26
4.16869E+00  1.31912E-25
4.36516E+00  4.21055E-25
4.57088E+00  1.34461E-24
4.78630E+00  4.29579E-24
5.01187E+00  1.37298E-23
5.24807E+00  4.38976E-23
5.49541E+00  1.40402E-22
5.75440E+00  4.49200E-22
6.02560E+00  1.43758E-21
6.30957E+00  4.60197E-21
6.60693E+00  1.47355E-20
6.91831E+00  4.98846E-20
7.24436E+00  7.96187E-20
7.58578E+00  4.52880E-20
7.94328E+00  5.10794E-20
8.31764E+00  8.47163E-20
8.70964E+00  1.07273E-19
9.12011E+00  8.69824E-20
9.54992E+00  7.80926E-20
1.00000E+01  7.83063E-20
1.04713E+01  8.27659E-20
1.09648E+01  8.95449E-20
1.14815E+01  9.72489E-20
1.20226E+01  1.03931E-19
1.25893E+01  1.03414E-19
1.31826E+01  1.12036E-19
1.38038E+01  1.37061E-19
1.44544E+01  1.56556E-19
1.51356E+01  1.74686E-19
1.58489E+01  1.93527E-19
1.65959E+01  2.14033E-19
1.73780E+01  2.36790E-19
1.81970E+01  2.63060E-19
1.90546E+01  2.96290E-19
1.99526E+01  3.47784E-19
2.08930E+01  4.82525E-19
2.18776E+01  2.24150E-18
2.29087E+01  1.59406E-18
2.39883E+01  6.23461E-19
2.51189E+01  5.68527E-19
2.63027E+01  5.98858E-19
2.75423E+01  6.61604E-19
2.88403E+01  7.51589E-19
3.01995E+01  8.72693E-19
3.16228E+01  1.04044E-18
3.31131E+01  1.29984E-18
3.46737E+01  1.97646E-18
3.63078E+01  2.90125E-18
3.80189E+01  4.77990E-18
3.98107E+01  5.90548E-18
4.16869E+01  3.08191E-17
4.36516E+01  1.30588E-17
4.57088E+01  1.39825E-17
4.78630E+01  1.73602E-17
5.01187E+01  3.83482E-17
5.24807E+01  6.63014E-17
5.49541E+01  3.41987E-17
5.75440E+01  3.36541E-17
6.02560E+01  1.90791E-17
6.30957E+01  1.42699E-17
6.60693E+01  1.42205E-17
6.91831E+01  1.57532E-17
7.24436E+01  2.05941E-17
7.58578E+01  8.31135E-17
7.94328E+01  4.07400E-17
8.31764E+01  4.51765E-17
8.70963E+01  4.54923E-17
9.12011E+01  4.05399E-17
9.54992E+01  3.62446E-17
1.00000E+02  3.53678E-17
1.04713E+02  3.99724E-17
1.09648E+02  5.10644E-17
1.14815E+02  6.51229E-17
1.20226E+02  6.42357E-17
1.25893E+02  6.56511E-17
1.31826E+02  6.97833E-17
1.38038E+02  7.47792E-17
1.44544E+02  8.15553E-17
1.51356E+02  9.02351E-17
1.58489E+02  1.01494E-16
1.65959E+02  1.16505E-16
1.73780E+02  1.36594E-16
1.81970E+02  1.64017E-16
1.90546E+02  2.01113E-16
1.99526E+02  2.49532E-16
2.08930E+02  3.10480E-16
2.18776E+02  3.81911E-16
2.29087E+02  4.59503E-16
2.39883E+02  5.38969E-16
2.51189E+02  6.16221E-16
2.63027E+02  6.89997E-16
2.75423E+02  7.60110E-16
2.88403E+02  8.27994E-16
3.01995E+02  8.94082E-16
3.16228E+02  9.59559E-16
3.31131E+02  1.02478E-15
3.46737E+02  1.08834E-15
3.63078E+02  1.14904E-15
3.80189E+02  1.20681E-15
3.98107E+02  1.25965E-15
4.16869E+02  1.30785E-15
4.36516E+02  1.34725E-15
4.57088E+02  1.37715E-15
4.78630E+02  1.39682E-15
5.01187E+02  1.40971E-15
5.24807E+02  1.40878E-15
5.49541E+02  1.40150E-15
5.75440E+02  1.38056E-15
6.02560E+02  1.35313E-15
6.30957E+02  1.31710E-15
6.60693E+02  1.27550E-15
6.91831E+02  1.22544E-15
7.24436E+02  1.17145E-15
7.58577E+02  1.11450E-15
7.94328E+02  1.05772E-15
8.31763E+02  1.00361E-15
8.70963E+02  9.50351E-16
9.12011E+02  9.01915E-16
9.54993E+02  8.40628E-16
1.00000E+03  7.61374E-16
1.04713E+03  6.86748E-16
1.09648E+03  6.17995E-16
1.14815E+03  5.56149E-16
1.20226E+03  4.99405E-16
1.25893E+03  4.47734E-16
1.31826E+03  3.99687E-16
1.38038E+03  3.55651E-16
1.44544E+03  3.15798E-16
1.51356E+03  2.79318E-16
1.58489E+03  2.46558E-16
1.65959E+03  2.16639E-16
1.73780E+03  1.88648E-16
1.81970E+03  1.63433E-16
1.90546E+03  1.41190E-16
1.99526E+03  1.22199E-16
2.08930E+03  1.05335E-16
2.18776E+03  9.10089E-17
2.29087E+03  7.83670E-17
2.39883E+03  6.74770E-17
2.51189E+03  5.80605E-17
2.63027E+03  4.99465E-17
2.75423E+03  4.29708E-17
2.88403E+03  3.69323E-17
3.01995E+03  3.17620E-17
3.16228E+03  2.73275E-17
3.31131E+03  2.35020E-17
3.46737E+03  2.02151E-17
3.63078E+03  1.74158E-17
3.80189E+03  1.49968E-17
3.98107E+03  1.29250E-17
4.16869E+03  1.11496E-17
4.36516E+03  9.62726E-18
4.57088E+03  8.32711E-18
4.78630E+03  7.21138E-18
5.01187E+03  6.24660E-18
5.24807E+03  5.42364E-18
5.49541E+03  4.71625E-18
5.75440E+03  4.10695E-18
6.02560E+03  3.58489E-18
6.30957E+03  3.13524E-18
6.60693E+03  2.74945E-18
6.91831E+03  2.42071E-18
7.24436E+03  2.13848E-18
7.58577E+03  1.89700E-18
7.94328E+03  1.69164E-18
8.31763E+03  1.51864E-18
8.70963E+03  1.36889E-18
9.12010E+03  1.24399E-18
9.54993E+03  1.13697E-18
