#column 1 : lambda in microns
#column 2 : snu_eff in Jy / Lsun (in the cosmo of Planck 2013 XXX)
1.00000E+00  8.40779E-45
1.04713E+00  3.64338E-44
1.09648E+00  1.12104E-43
1.14815E+00  3.46121E-43
1.20226E+00  1.05097E-42
1.25893E+00  3.21458E-42
1.31826E+00  9.83852E-42
1.38038E+00  3.01391E-41
1.44544E+00  9.25067E-41
1.51356E+00  2.84475E-40
1.58489E+00  8.76444E-40
1.65959E+00  2.70531E-39
1.73780E+00  8.36601E-39
1.81970E+00  2.59190E-38
1.90546E+00  8.04457E-38
1.99526E+00  2.50126E-37
2.08930E+00  7.79054E-37
2.18776E+00  2.43060E-36
2.29087E+00  7.59576E-36
2.39883E+00  2.37750E-35
2.51189E+00  7.45305E-35
2.63027E+00  2.33985E-34
2.75423E+00  7.35632E-34
2.88403E+00  2.31589E-33
3.01995E+00  7.30023E-33
3.16228E+00  2.30403E-32
3.31131E+00  7.28025E-32
3.46737E+00  2.30294E-31
3.63078E+00  7.29249E-31
3.80189E+00  2.31150E-30
3.98107E+00  7.33354E-30
4.16869E+00  2.32869E-29
4.36516E+00  7.40054E-29
4.57088E+00  2.35367E-28
4.78630E+00  7.49104E-28
5.01187E+00  2.38576E-27
5.24807E+00  7.60286E-27
5.49541E+00  2.42429E-26
5.75440E+00  7.73434E-26
6.02560E+00  2.46876E-25
6.30957E+00  7.88382E-25
6.60693E+00  2.51874E-24
6.91831E+00  8.05013E-24
7.24436E+00  2.57384E-23
7.58578E+00  8.23214E-23
7.94328E+00  2.63378E-22
8.31764E+00  8.42892E-22
8.70964E+00  2.69826E-21
9.12011E+00  8.63983E-21
9.54992E+00  2.92487E-20
1.00000E+01  4.66823E-20
1.04713E+01  2.65536E-20
1.09648E+01  2.99492E-20
1.14815E+01  4.96714E-20
1.20226E+01  6.28971E-20
1.25893E+01  5.10001E-20
1.31826E+01  4.57877E-20
1.38038E+01  4.59131E-20
1.44544E+01  4.85278E-20
1.51356E+01  5.25026E-20
1.58489E+01  5.70196E-20
1.65959E+01  6.09374E-20
1.73780E+01  6.06344E-20
1.81970E+01  6.56900E-20
1.90546E+01  8.03624E-20
1.99526E+01  9.17931E-20
2.08930E+01  1.02423E-19
2.18776E+01  1.13470E-19
2.29087E+01  1.25493E-19
2.39883E+01  1.38836E-19
2.51189E+01  1.54239E-19
2.63027E+01  1.73723E-19
2.75423E+01  2.03915E-19
2.88403E+01  2.82917E-19
3.01995E+01  1.31428E-18
3.16228E+01  9.34635E-19
3.31131E+01  3.65552E-19
3.46737E+01  3.33343E-19
3.63078E+01  3.51126E-19
3.80189E+01  3.87916E-19
3.98107E+01  4.40676E-19
4.16869E+01  5.11684E-19
4.36516E+01  6.10037E-19
4.57088E+01  7.62130E-19
4.78630E+01  1.15886E-18
5.01187E+01  1.70108E-18
5.24807E+01  2.80258E-18
5.49541E+01  3.46256E-18
5.75440E+01  1.80702E-17
6.02560E+01  7.65674E-18
6.30957E+01  8.19828E-18
6.60693E+01  1.01787E-17
6.91831E+01  2.24845E-17
7.24436E+01  3.88743E-17
7.58578E+01  2.00517E-17
7.94328E+01  1.97323E-17
8.31764E+01  1.11866E-17
8.70963E+01  8.36682E-18
9.12011E+01  8.33787E-18
9.54992E+01  9.23650E-18
1.00000E+02  1.20749E-17
1.04713E+02  4.87317E-17
1.09648E+02  2.38869E-17
1.14815E+02  2.64882E-17
1.20226E+02  2.66733E-17
1.25893E+02  2.37696E-17
1.31826E+02  2.12512E-17
1.38038E+02  2.07371E-17
1.44544E+02  2.34369E-17
1.51356E+02  2.99404E-17
1.58489E+02  3.81833E-17
1.65959E+02  3.76631E-17
1.73780E+02  3.84930E-17
1.81970E+02  4.09158E-17
1.90546E+02  4.38450E-17
1.99526E+02  4.78181E-17
2.08930E+02  5.29072E-17
2.18776E+02  5.95085E-17
2.29087E+02  6.83102E-17
2.39883E+02  8.00883E-17
2.51189E+02  9.61671E-17
2.63027E+02  1.17918E-16
2.75423E+02  1.46307E-16
2.88403E+02  1.82044E-16
3.01995E+02  2.23925E-16
3.16228E+02  2.69419E-16
3.31131E+02  3.16012E-16
3.46737E+02  3.61307E-16
3.63078E+02  4.04564E-16
3.80189E+02  4.45673E-16
3.98107E+02  4.85474E-16
4.16869E+02  5.24224E-16
4.36516E+02  5.62615E-16
4.57088E+02  6.00853E-16
4.78630E+02  6.38123E-16
5.01187E+02  6.73714E-16
5.24807E+02  7.07587E-16
5.49541E+02  7.38564E-16
5.75440E+02  7.66827E-16
6.02560E+02  7.89926E-16
6.30957E+02  8.07462E-16
6.60693E+02  8.18994E-16
6.91831E+02  8.26548E-16
7.24436E+02  8.26006E-16
7.58577E+02  8.21737E-16
7.94328E+02  8.09456E-16
8.31763E+02  7.93375E-16
8.70963E+02  7.72248E-16
9.12011E+02  7.47860E-16
9.54993E+02  7.18506E-16
1.00000E+03  6.86855E-16
1.04713E+03  6.53459E-16
1.09648E+03  6.20167E-16
1.14815E+03  5.88443E-16
1.20226E+03  5.57216E-16
1.25893E+03  5.28817E-16
1.31826E+03  4.92883E-16
1.38038E+03  4.46414E-16
1.44544E+03  4.02659E-16
1.51356E+03  3.62347E-16
1.58489E+03  3.26085E-16
1.65959E+03  2.92814E-16
1.73780E+03  2.62518E-16
1.81970E+03  2.34347E-16
1.90546E+03  2.08527E-16
1.99526E+03  1.85161E-16
2.08930E+03  1.63772E-16
2.18776E+03  1.44563E-16
2.29087E+03  1.27021E-16
2.39883E+03  1.10609E-16
2.51189E+03  9.58253E-17
2.63027E+03  8.27831E-17
2.75423E+03  7.16485E-17
2.88403E+03  6.17608E-17
3.01995E+03  5.33610E-17
3.16228E+03  4.59487E-17
3.31131E+03  3.95634E-17
3.46737E+03  3.40424E-17
3.63078E+03  2.92849E-17
3.80189E+03  2.51949E-17
3.98107E+03  2.16544E-17
4.16869E+03  1.86229E-17
4.36516E+03  1.60229E-17
4.57088E+03  1.37799E-17
4.78630E+03  1.18526E-17
5.01187E+03  1.02114E-17
5.24807E+03  8.79301E-18
5.49541E+03  7.57827E-18
5.75440E+03  6.53729E-18
6.02560E+03  5.64472E-18
6.30957E+03  4.88239E-18
6.60693E+03  4.22823E-18
6.91831E+03  3.66255E-18
7.24436E+03  3.18002E-18
7.58577E+03  2.76527E-18
7.94328E+03  2.40801E-18
8.31763E+03  2.10192E-18
8.70963E+03  1.83828E-18
9.12010E+03  1.61207E-18
9.54993E+03  1.41933E-18
