6.962523672799226562e+12 2.454471078652421875e+11 1.474244089346123047e+11
4.967291547804018048e-01 2.931827758559990560e-02 2.988528673318180395e-02
1.807445000986138695e+00 1.422084200190183445e-01 1.188743628130091157e-01
1.201698017937421259e+00 9.551151625426457237e-02 8.034706853221429412e-02
1.438567441470445019e+01 6.791420490842785540e-01 6.542623829540197278e-01
3.614783473448025006e+02 9.046871561146815566e+00 9.884383829944567879e+00
2.050087204589046905e+03 3.385862236146158466e+01 3.162633775724998486e+01
7.113714900891193793e+03 1.411952398567045748e+02 1.531590238631097236e+02
1.059623798009259765e+00 6.762180158216279935e-03 6.603480079944823444e-03
1.023277945796796207e+00 7.723948478947972873e-03 7.596151626939162682e-03
1.043778245817021499e+00 1.940071601379633748e-02 1.919048442770754370e-02
1.972222589910305942e+03 5.138290605190468341e+01 5.301565873404206286e+01
4.251617700161237735e+03 1.429550241150463989e+02 1.337624538915279118e+02
3.881060578763878311e+03 3.195693641670463876e+02 2.794521472694145814e+02
