-1.381600000000000072e+01 -2.590800000000000214e+00
-1.353599999999999959e+01 -2.590800000000000214e+00
-1.325699999999999967e+01 -2.590800000000000214e+00
-1.297799999999999976e+01 -2.590800000000000214e+00
-1.269899999999999984e+01 -2.590800000000000214e+00
-1.241999999999999993e+01 -2.590800000000000214e+00
-1.214100000000000001e+01 -2.590800000000000214e+00
-1.186200000000000010e+01 -2.590800000000000214e+00
-1.158300000000000018e+01 -2.590800000000000214e+00
-1.130400000000000027e+01 -2.590800000000000214e+00
-1.102399999999999913e+01 -2.590800000000000214e+00
-1.074499999999999922e+01 -2.590800000000000214e+00
-1.046599999999999930e+01 -2.590800000000000214e+00
-1.018699999999999939e+01 -2.590800000000000214e+00
-9.908099999999999241e+00 -2.590800000000000214e+00
-9.628999999999999559e+00 -2.590800000000000214e+00
-9.349899999999999878e+00 -2.590800000000000214e+00
-9.070800000000000196e+00 -2.590700000000000003e+00
-8.791700000000000514e+00 -2.590700000000000003e+00
-8.512600000000000833e+00 -2.590700000000000003e+00
-8.233499999999999375e+00 -2.590700000000000003e+00
-7.954399999999999693e+00 -2.590800000000000214e+00
-7.675300000000000011e+00 -2.590800000000000214e+00
-7.396200000000000330e+00 -2.590800000000000214e+00
-7.117099999999999760e+00 -2.590899999999999981e+00
-6.838000000000000078e+00 -2.590800000000000214e+00
-6.558900000000000396e+00 -2.590800000000000214e+00
-6.279799999999999827e+00 -2.590700000000000003e+00
-6.000700000000000145e+00 -2.590500000000000025e+00
-5.721599999999999575e+00 -2.590500000000000025e+00
-5.442499999999999893e+00 -2.590500000000000025e+00
-5.163400000000000212e+00 -2.590700000000000003e+00
-4.884299999999999642e+00 -2.591200000000000170e+00
-4.605199999999999960e+00 -2.591699999999999893e+00
-4.326100000000000279e+00 -2.592200000000000060e+00
-4.046999999999999709e+00 -2.592299999999999827e+00
-3.767900000000000027e+00 -2.592000000000000082e+00
-3.488799999999999901e+00 -2.591099999999999959e+00
-3.209700000000000220e+00 -2.590100000000000069e+00
-2.930600000000000094e+00 -2.590300000000000047e+00
-2.651499999999999968e+00 -2.593100000000000183e+00
-2.372399999999999842e+00 -2.599699999999999900e+00
-2.093300000000000161e+00 -2.611499999999999932e+00
-1.814200000000000035e+00 -2.629999999999999893e+00
-1.535099999999999909e+00 -2.657399999999999984e+00
-1.256000000000000005e+00 -2.695699999999999985e+00
-9.768499999999999961e-01 -2.746999999999999886e+00
-6.977499999999999813e-01 -2.813600000000000101e+00
-4.186500000000000221e-01 -2.899199999999999999e+00
-1.395500000000000074e-01 -3.013100000000000112e+00
1.395500000000000074e-01 -3.165500000000000203e+00
4.186500000000000221e-01 -3.366499999999999826e+00
6.977499999999999813e-01 -3.626300000000000079e+00
9.768499999999999961e-01 -3.954299999999999926e+00
1.256000000000000005e+00 -4.355299999999999727e+00
1.535099999999999909e+00 -4.832900000000000418e+00
1.814200000000000035e+00 -5.390299999999999869e+00
2.093300000000000161e+00 -6.031100000000000350e+00
2.372399999999999842e+00 -6.757299999999999862e+00
2.651499999999999968e+00 -7.554999999999999716e+00
2.930600000000000094e+00 -8.400800000000000267e+00
3.209700000000000220e+00 -9.271200000000000330e+00
3.488799999999999901e+00 -1.014300000000000068e+01
3.767900000000000027e+00 -1.099200000000000088e+01
4.046999999999999709e+00 -1.181000000000000050e+01
4.326100000000000279e+00 -1.260299999999999976e+01
4.605199999999999960e+00 -1.337700000000000067e+01
4.884299999999999642e+00 -1.413799999999999990e+01
5.163400000000000212e+00 -1.489300000000000068e+01
5.442499999999999893e+00 -1.564700000000000024e+01
5.721599999999999575e+00 -1.639999999999999858e+01
6.000700000000000145e+00 -1.715500000000000114e+01
6.279799999999999827e+00 -1.791100000000000136e+01
6.558900000000000396e+00 -1.867000000000000171e+01
6.838000000000000078e+00 -1.943199999999999861e+01
7.117099999999999760e+00 -2.019399999999999906e+01
7.396200000000000330e+00 -2.095200000000000173e+01
7.675300000000000011e+00 -2.170100000000000051e+01
7.954399999999999693e+00 -2.243799999999999883e+01
8.233499999999999375e+00 -2.316100000000000136e+01
8.512600000000000833e+00 -2.387699999999999889e+01
8.791700000000000514e+00 -2.460000000000000142e+01
9.070800000000000196e+00 -2.534199999999999875e+01
9.349899999999999878e+00 -2.611599999999999966e+01
9.628999999999999559e+00 -2.693299999999999983e+01
9.908099999999999241e+00 -2.778000000000000114e+01
1.018699999999999939e+01 -2.862800000000000011e+01
1.046599999999999930e+01 -2.944600000000000151e+01
1.074499999999999922e+01 -3.020400000000000063e+01
1.102399999999999913e+01 -3.087399999999999878e+01
1.130400000000000027e+01 -3.144200000000000017e+01
1.158300000000000018e+01 -3.191499999999999915e+01
1.186200000000000010e+01 -3.230499999999999972e+01
1.214100000000000001e+01 -3.261899999999999977e+01
1.241999999999999993e+01 -3.286599999999999966e+01
1.269899999999999984e+01 -3.305700000000000216e+01
1.297799999999999976e+01 -3.319899999999999807e+01
1.325699999999999967e+01 -3.330299999999999727e+01
1.353599999999999959e+01 -3.337700000000000244e+01
1.381600000000000072e+01 -3.343099999999999739e+01
